0 0.62182 0.513646 0.0202656 0.0312083 0 0 0 0 0 0 0 0 0 0 0 0 0 0 0 0 0 0 0 0 0 0 0 0 0 0 0 0 0 0 0 0 0 0 0 0 0 0 0 0 0 0 0 0 0 0 0 0 0 0 0
0 0.357617 0.504906 0.0119531 0.0264792 0 0 0 0 0 0 0 0 0 0 0 0 0 0 0 0 0 0 0 0 0 0 0 0 0 0 0 0 0 0 0 0 0 0 0 0 0 0 0 0 0 0 0 0 0 0 0 0 0 0 0
0 0.530687 0.586917 0.0701875 0.173083 0.526562 0.527083 1 0.529687 0.522916 2 0 0 0 0.540625 0.520833 2 0 0 0 0.548437 0.541666 2 0.529687 0.541666 2 0.542187 0.572916 2 0 0 0 0.523437 0.560416 2 0 0 0 0.551562 0.58125 2 0.542187 0.583333 2 0 0 0 0 0 0 0 0 0 0 0 0
0 0.634008 0.55876 0.0234844 0.0696458 0 0 0 0 0 0 0 0 0 0 0 0 0 0 0 0 0 0 0 0 0 0 0 0 0 0 0 0 0 0 0 0 0 0 0 0 0 0 0 0 0 0 0 0 0 0 0 0 0 0 0
0 0.382305 0.518594 0.0104219 0.0370625 0 0 0 0 0 0 0 0 0 0 0 0 0 0 0 0 0 0 0 0 0 0 0 0 0 0 0 0 0 0 0 0 0 0 0 0 0 0 0 0 0 0 0 0 0 0 0 0 0 0 0
0 0.596867 0.595573 0.0766406 0.188896 0.582812 0.520833 2 0.584375 0.516666 2 0.579687 0.516666 2 0 0 0 0.573437 0.520833 2 0.595312 0.535416 2 0.570312 0.535416 2 0.614062 0.554166 2 0.559375 0.552083 2 0.598437 0.55 2 0.5875 0.560416 2 0.59375 0.595833 2 0.571875 0.59375 2 0.628125 0.614583 2 0.589062 0.597916 2 0.620312 0.660416 2 0.582812 0.652083 2
0 0.34643 0.505792 0.0171094 0.0379167 0 0 0 0 0 0 0 0 0 0 0 0 0 0 0 0 0 0 0 0 0 0 0 0 0 0 0 0 0 0 0 0 0 0 0 0 0 0 0 0 0 0 0 0 0 0 0 0 0 0 0
0 0.0780859 0.514604 0.0389531 0.0827917 0 0 0 0 0 0 0 0 0 0 0 0 0 0 0 0 0 0 0 0 0 0 0 0 0 0 0 0 0 0 0 0 0 0 0 0 0 0 0 0 0 0 0 0 0 0 0 0 0 0 0
0 0.0370625 0.509344 0.0230937 0.0665625 0 0 0 0 0 0 0 0 0 0 0 0 0 0 0 0 0 0 0 0 0 0 0 0 0 0 0 0 0 0 0 0 0 0 0 0 0 0 0 0 0 0 0 0 0 0 0 0 0 0 0
0 0.0562188 0.500052 0.0174687 0.0421042 0 0 0 0 0 0 0 0 0 0 0 0 0 0 0 0 0 0 0 0 0 0 0 0 0 0 0 0 0 0 0 0 0 0 0 0 0 0 0 0 0 0 0 0 0 0 0 0 0 0 0
0 0.664812 0.580302 0.0354375 0.0954792 0 0 0 0 0 0 0 0 0 0 0 0 0 0 0 0 0 0 0 0 0 0 0 0 0 0 0 0 0 0 0 0 0 0 0 0 0 0 0 0 0 0 0 0 0 0 0 0 0 0 0
0 0.646891 0.544208 0.0179063 0.0357917 0 0 0 0 0 0 0 0 0 0 0 0 0 0 0 0 0 0 0 0 0 0 0 0 0 0 0 0 0 0 0 0 0 0 0 0 0 0 0 0 0 0 0 0 0 0 0 0 0 0 0
0 0.36825 0.505948 0.0135 0.0355625 0 0 0 0 0 0 0 0 0 0 0 0 0 0 0 0 0 0 0 0 0 0 0 0 0 0 0 0 0 0 0 0 0 0 0 0 0 0 0 0 0 0 0 0 0 0 0 0 0 0 0
0 0.586719 0.525 0.148438 0.0583333 0 0 0 0 0 0 0 0 0 0 0 0 0 0 0 0 0 0 0 0 0 0 0 0 0 0 0 0 0 0 0 0 0 0 0 0 0 0 0 0 0 0 0 0 0 0 0 0 0 0 0
