0 0.228313 0.550996 0.435063 0.752812 0.271875 0.261718 2 0.28125 0.25 2 0.2625 0.246093 2 0.31875 0.257812 2 0 0 0 0.334375 0.273437 2 0.251562 0.314453 2 0.35 0.332031 2 0.354687 0.388671 2 0.379687 0.283203 2 0.410937 0.316406 2 0.282812 0.5 2 0.21875 0.496093 2 0.323437 0.6875 2 0.171875 0.675781 2 0.364062 0.861328 2 0.053125 0.847656 2
0 0.825117 0.715693 0.349766 0.45959 0.864062 0.574218 2 0.875 0.552734 2 0.865625 0.550781 2 0 0 0 0 0 0 0.942187 0.630859 2 0.90625 0.623046 2 0.8625 0.732421 2 0 0 0 0.760937 0.74414 2 0 0 0 0 0 0 0 0 0 0.93125 0.726562 2 0.9125 0.728515 2 0 0 0 0.939062 0.871093 2
0 0.672648 0.234307 0.147078 0.208535 0.7 0.185546 2 0.703125 0.173828 2 0.690625 0.175781 2 0 0 0 0.670312 0.191406 2 0.732812 0.230468 2 0.653125 0.238281 2 0 0 0 0.614062 0.300781 2 0 0 0 0.65625 0.333984 1 0 0 0 0 0 0 0.685937 0.300781 1 0 0 0 0.626562 0.357421 1 0 0 0
0 0.649328 0.10874 0.0789375 0.154707 0.664062 0.076171 2 0.670312 0.070312 2 0.657812 0.068359 2 0.678125 0.083984 2 0.64375 0.082031 2 0.696875 0.125 1 0.629687 0.121093 2 0.696875 0.18164 1 0.614062 0.183593 1 0 0 0 0 0 0 0 0 0 0 0 0 0 0 0 0 0 0 0 0 0 0 0 0
0 0.570828 0.195566 0.0806562 0.178281 0.548437 0.15625 2 0.559375 0.152343 2 0.54375 0.15039 2 0.573437 0.158203 2 0.535937 0.154296 2 0.590625 0.208984 2 0.529687 0.203125 1 0.592187 0.271484 2 0 0 0 0 0 0 0 0 0 0 0 0 0 0 0 0 0 0 0 0 0 0 0 0 0 0 0
0 0.541539 0.260537 0.114672 0.151504 0.5375 0.226562 2 0.545312 0.21875 2 0.53125 0.21875 2 0.554687 0.226562 2 0.51875 0.226562 2 0.573437 0.269531 2 0.507812 0.267578 2 0.585937 0.33789 1 0.49375 0.332031 1 0.559375 0.33789 1 0.528125 0.269531 2 0 0 0 0 0 0 0 0 0 0 0 0 0 0 0 0 0 0
0 0.440602 0.192275 0.128172 0.194824 0.4625 0.144531 2 0.470312 0.134765 2 0.454687 0.130859 2 0.48125 0.148437 2 0.439062 0.136718 2 0.490625 0.191406 2 0.40625 0.179687 2 0.482812 0.277343 2 0.379687 0.267578 1 0 0 0 0 0 0 0.465625 0.298828 1 0.4125 0.292968 1 0 0 0 0 0 0 0 0 0 0 0 0
0 0.510445 0.0929395 0.127016 0.177324 0.5 0.048828 2 0.507812 0.042968 2 0.492187 0.042968 2 0.526562 0.044921 2 0 0 0 0.546875 0.08789 2 0.465625 0.08789 2 0 0 0 0 0 0 0 0 0 0 0 0 0 0 0 0 0 0 0 0 0 0 0 0 0 0 0 0 0 0
0 0.657359 0.0775684 0.144656 0.151035 0.632812 0.021484 2 0.642187 0.013671 2 0.634375 0.011718 2 0.667187 0.019531 2 0 0 0 0.689062 0.060546 2 0.61875 0.058593 2 0.710937 0.105468 2 0.607812 0.095703 2 0.698437 0.148437 1 0.623437 0.138671 1 0 0 0 0 0 0 0 0 0 0 0 0 0 0 0 0 0 0
0 0.922422 0.205215 0.137656 0.178008 0.928125 0.189453 2 0.935937 0.177734 2 0.923437 0.177734 2 0.953125 0.171875 2 0 0 0 0.971875 0.205078 2 0.889062 0.201171 2 0.979687 0.277343 2 0.86875 0.265625 2 0.942187 0.283203 2 0.885937 0.257812 2 0 0 0 0 0 0 0 0 0 0 0 0 0 0 0 0 0 0
0 0.0461172 0.227061 0.0922344 0.402363 0.004687 0.080078 2 0.015625 0.068359 2 0 0.068359 1 0.03125 0.074218 2 0 0 0 0.060937 0.121093 2 0 0 0 0.071875 0.21875 2 0 0 0 0 0 0 0 0 0 0.039062 0.257812 1 0 0 0 0.075 0.267578 2 0 0 0 0.064062 0.394531 2 0 0 0
0 0.0304297 0.239863 0.0608594 0.267305 0 0 0 0 0 0 0 0 0 0.007812 0.140625 2 0 0 0 0.032812 0.183593 2 0 0 0 0.0625 0.24414 1 0 0 0 0.0375 0.267578 2 0 0 0 0.020312 0.289062 2 0 0 0 0.032812 0.289062 2 0 0 0 0.009375 0.382812 1 0 0 0
0 0.735219 0.363125 0.219719 0.333945 0.746875 0.261718 1 0.751562 0.253906 1 0 0 0 0.784375 0.24414 2 0 0 0 0.8125 0.279296 2 0.746875 0.285156 1 0.776562 0.333984 2 0.707812 0.332031 1 0.74375 0.296875 2 0.717187 0.296875 2 0.801562 0.457031 2 0.746875 0.457031 2 0.746875 0.376953 2 0.665625 0.453125 2 0.725 0.5 2 0.703125 0.5625 1
0 0.515625 0.303711 0.965625 0.607422 0 0 0 0 0 0 0 0 0 0 0 0 0 0 0 0 0 0 0 0 0 0 0 0 0 0 0 0 0 0 0 0 0 0 0 0 0 0 0 0 0 0 0 0 0 0 0 0 0 0 0
