0 0.393222 0.724211 0.329122 0.443953 0.51963 0.635937 2 0.524249 0.632812 2 0.510392 0.628125 2 0 0 0 0.484988 0.635937 2 0.489607 0.69375 2 0.461893 0.640625 2 0.464203 0.740625 2 0.473441 0.596875 2 0.457274 0.710937 2 0.498845 0.54375 2 0.376443 0.729687 2 0.314087 0.715625 2 0.418013 0.817187 2 0.279445 0.804687 2 0.424942 0.910937 2 0.256351 0.915625 2
0 0.594065 0.762961 0.115843 0.174328 0.612009 0.696875 2 0.614318 0.69375 2 0.60508 0.692187 2 0 0 0 0.593533 0.692187 2 0.621247 0.7125 2 0.570438 0.710937 2 0.614318 0.740625 2 0.5612 0.739062 2 0.614318 0.764062 2 0.565819 0.770312 2 0.586605 0.754687 2 0.549653 0.754687 2 0.60739 0.7875 2 0.5612 0.789062 2 0.616628 0.829687 2 0.551963 0.834375 2
0 0.828476 0.734742 0.0759353 0.179422 0.840646 0.6625 2 0 0 0 0.836027 0.659375 2 0 0 0 0.82217 0.6625 2 0.840646 0.679687 2 0.806004 0.679687 2 0 0 0 0.799076 0.707812 2 0 0 0 0.806004 0.726562 2 0.836027 0.720312 2 0.82217 0.720312 2 0.833718 0.76875 2 0.812933 0.764062 2 0.833718 0.80625 2 0.806004 0.803125 2
0 0.644977 0.609367 0.0378522 0.0222969 0 0 0 0 0 0 0 0 0 0 0 0 0 0 0 0 0 0 0 0 0 0 0 0 0 0 0 0 0 0 0 0 0 0 0 0 0 0 0 0 0 0 0 0 0 0 0 0 0 0 0
0 0.947783 0.605406 0.0293303 0.0225938 0 0 0 0 0 0 0 0 0 0 0 0 0 0 0 0 0 0 0 0 0 0 0 0 0 0 0 0 0 0 0 0 0 0 0 0 0 0 0 0 0 0 0 0 0 0 0 0 0 0 0
0 0.855289 0.60493 0.0365358 0.0157344 0 0 0 0 0 0 0 0 0 0 0 0 0 0 0 0 0 0 0 0 0 0 0 0 0 0 0 0 0 0 0 0 0 0 0 0 0 0 0 0 0 0 0 0 0 0 0 0 0 0 0
0 0.181513 0.608133 0.0412702 0.0235156 0 0 0 0 0 0 0 0 0 0 0 0 0 0 0 0 0 0 0 0 0 0 0 0 0 0 0 0 0 0 0 0 0 0 0 0 0 0 0 0 0 0 0 0 0 0 0 0 0 0 0
0 0.756467 0.614609 0.0141339 0.011125 0 0 0 0 0 0 0 0 0 0 0 0 0 0 0 0 0 0 0 0 0 0 0 0 0 0 0 0 0 0 0 0 0 0 0 0 0 0 0 0 0 0 0 0 0 0 0 0 0 0 0
0 0.91306 0.60843 0.0308314 0.0200156 0 0 0 0 0 0 0 0 0 0 0 0 0 0 0 0 0 0 0 0 0 0 0 0 0 0 0 0 0 0 0 0 0 0 0 0 0 0 0 0 0 0 0 0 0 0 0 0 0 0 0
0 0.684238 0.606516 0.0514319 0.0314688 0 0 0 0 0 0 0 0 0 0 0 0 0 0 0 0 0 0 0 0 0 0 0 0 0 0 0 0 0 0 0 0 0 0 0 0 0 0 0 0 0 0 0 0 0 0 0 0 0 0 0
0 0.977621 0.598789 0.0336721 0.0363281 0 0 0 0 0 0 0 0 0 0 0 0 0 0 0 0 0 0 0 0 0 0 0 0 0 0 0 0 0 0 0 0 0 0 0 0 0 0 0 0 0 0 0 0 0 0 0 0 0 0 0
0 0.595208 0.613523 0.0319861 0.0145469 0 0 0 0 0 0 0 0 0 0 0 0 0 0 0 0 0 0 0 0 0 0 0 0 0 0 0 0 0 0 0 0 0 0 0 0 0 0 0 0 0 0 0 0 0 0 0 0 0 0 0
0 0.429273 0.60668 0.0301848 0.0266719 0 0 0 0 0 0 0 0 0 0 0 0 0 0 0 0 0 0 0 0 0 0 0 0 0 0 0 0 0 0 0 0 0 0 0 0 0 0 0 0 0 0 0 0 0 0 0 0 0 0 0
0 0.771363 0.334375 0.180139 0.571875 0 0 0 0 0 0 0 0 0 0 0 0 0 0 0 0 0 0 0 0 0 0 0 0 0 0 0 0 0 0 0 0 0 0 0 0 0 0 0 0 0 0 0 0 0 0 0 0 0 0 0
