0 0.551195 0.512359 0.680578 0.948333 0.546875 0.314553 2 0.560937 0.298122 2 0 0 0 0.654687 0.2723 2 0 0 0 0.734375 0.438967 2 0.6 0.352112 2 0.521875 0.659624 2 0.501562 0.495305 2 0.332812 0.755868 2 0.292187 0.669014 2 0.75625 0.934272 2 0.679687 0.826291 2 0 0 0 0 0 0 0 0 0 0 0 0
0 0.279719 0.353932 0.233344 0.69439 0 0 0 0 0 0 0 0 0 0 0 0 0 0 0 0.28125 0.072769 2 0.371875 0.124413 2 0.223437 0.19953 2 0.384375 0.26291 2 0.190625 0.274647 2 0 0 0 0.25 0.321596 2 0.329687 0.35446 2 0.221875 0.448356 2 0.271875 0.467136 2 0.235937 0.579812 2 0.228125 0.615023 2
0 0.433781 0.300563 0.1765 0.537089 0.446875 0.084507 2 0.457812 0.075117 2 0 0 0 0 0 0 0 0 0 0.44375 0.13615 2 0.51875 0.19014 1 0.404687 0.239436 2 0 0 0 0.359375 0.302816 1 0 0 0 0.432812 0.319248 2 0.482812 0.328638 2 0.365625 0.450704 2 0.428125 0.48122 2 0.357812 0.575117 1 0.407812 0.600938 1
0 0.848766 0.332594 0.128062 0.386925 0 0 0 0 0 0 0 0 0 0.8375 0.204225 2 0 0 0 0.784375 0.293427 1 0.90625 0.359154 2 0 0 0 0 0 0 0 0 0 0 0 0 0 0 0 0 0 0 0 0 0 0 0 0 0 0 0 0 0 0
0 0.937516 0.582031 0.124969 0.808991 0.948437 0.230046 1 0.960937 0.218309 2 0 0 0 0.976562 0.230046 2 0 0 0 0.94375 0.312206 2 0 0 0 0.917187 0.431924 2 0 0 0 0.873437 0.5446 1 0 0 0 0.910937 0.579812 2 0.953125 0.610328 2 0.835937 0.76291 1 0.903125 0.776995 2 0.86875 0.962441 1 0.882812 0.967136 2
0 0.64543 0.519108 0.339547 0.934836 0.55 0.321596 1 0.570312 0.298122 1 0.553125 0.288732 1 0.660937 0.276995 1 0 0 0 0.703125 0.460093 1 0.626562 0.33568 1 0.515625 0.671361 1 0.446875 0.530516 1 0.359375 0.7723 1 0 0 0 0.73125 0.99061 1 0.703125 0.969483 1 0 0 0 0 0 0 0 0 0 0 0 0
0 0.174617 0.234683 0.125359 0.457394 0 0 0 0 0 0 0 0 0 0.20625 0.018779 1 0.232812 0.039906 2 0.18125 0.061032 2 0.2375 0.086854 1 0.15625 0.13615 2 0 0 0 0.13125 0.194835 2 0 0 0 0.170312 0.197183 2 0.207812 0.211267 1 0.145312 0.300469 2 0.173437 0.326291 2 0.142187 0.387323 2 0.157812 0.434272 2
0 0.141523 0.156174 0.102578 0.308216 0 0 0 0 0 0 0 0 0 0 0 0 0 0 0 0.134375 0.030516 2 0.1875 0.039906 2 0.117187 0.070422 2 0 0 0 0.1 0.107981 2 0 0 0 0.13125 0.129107 2 0.170312 0.13615 1 0.120312 0.20892 1 0 0 0 0.110937 0.274647 2 0 0 0
0 0.0258047 0.103439 0.0501406 0.205423 0 0 0 0 0 0 0 0 0 0 0 0 0 0 0 0 0 0 0 0 0 0 0 0 0 0 0 0 0 0 0 0 0 0 0 0 0.015625 0.014084 2 0 0 0 0.0125 0.093896 2 0 0 0 0.0125 0.185446 2
0 0.0635781 0.138556 0.064875 0.245986 0 0 0 0 0 0 0 0 0 0 0 0 0 0 0 0.065625 0.058685 2 0.089062 0.068075 2 0.04375 0.072769 2 0 0 0 0.026562 0.049295 1 0 0 0 0.051562 0.131455 2 0.071875 0.138497 2 0.04375 0.169014 2 0.06875 0.176056 2 0.0375 0.223004 2 0.073437 0.220657 2
