0 0.635836 0.814667 0.116641 0.347458 0 0 0 0 0 0 0 0 0 0 0 0 0 0 0 0.657812 0.708333 2 0.626562 0.710416 2 0.6875 0.74375 2 0.607812 0.752083 2 0.6625 0.777083 2 0.584375 0.791666 1 0.660937 0.804166 2 0.63125 0.80625 2 0.654687 0.875 2 0 0 0 0.657812 0.954166 2 0 0 0
0 0.194289 0.611302 0.0857656 0.363562 0.198437 0.4625 2 0 0 0 0.195312 0.454166 2 0 0 0 0.1875 0.458333 2 0.1625 0.49375 1 0.198437 0.495833 2 0 0 0 0.201562 0.554166 2 0 0 0 0.207812 0.58125 1 0.167187 0.591666 1 0.196875 0.59375 2 0.167187 0.679166 2 0.198437 0.683333 2 0.165625 0.760416 2 0.196875 0.770833 2
0 0.104 0.622521 0.11075 0.407375 0 0 0 0 0 0 0 0 0 0 0 0 0 0 0 0.05625 0.491666 2 0.101562 0.491666 2 0 0 0 0.148437 0.495833 2 0 0 0 0.117187 0.464583 2 0.067187 0.589583 2 0.09375 0.5875 1 0.070312 0.695833 2 0.101562 0.702083 1 0.070312 0.791666 2 0.095312 0.795833 2
0 0.27475 0.627333 0.0580625 0.270042 0.285937 0.53125 2 0 0 0 0.284375 0.525 2 0 0 0 0.271875 0.522916 2 0.278125 0.55625 2 0.265625 0.55 2 0 0 0 0.265625 0.58125 1 0 0 0 0.2875 0.589583 2 0.276562 0.6125 2 0.267187 0.6125 2 0.275 0.675 2 0.267187 0.675 2 0.267187 0.73125 2 0.259375 0.733333 2
0 0.352758 0.60801 0.0911719 0.310771 0 0 0 0 0 0 0 0 0 0 0 0 0 0 0 0.359375 0.512499 2 0.382812 0.512499 2 0.3375 0.554166 2 0 0 0 0 0 0 0 0 0 0.354687 0.608333 2 0.371875 0.60625 2 0.328125 0.6625 2 0.353125 0.672916 2 0.34375 0.729166 2 0.342187 0.741666 2
0 0.793273 0.586688 0.0330781 0.126 0 0 0 0 0 0 0 0 0 0 0 0 0 0 0 0 0 0 0 0 0 0 0 0 0 0 0 0 0 0 0 0 0 0 0 0 0 0 0 0 0 0 0 0 0 0 0 0 0 0 0
0 0.452266 0.529271 0.0569063 0.0962917 0 0 0 0 0 0 0 0 0 0 0 0 0 0 0 0 0 0 0 0 0 0 0 0 0 0 0 0 0 0 0 0 0 0 0 0 0 0 0 0 0 0 0 0 0 0 0 0 0 0 0
0 0.850758 0.573813 0.0286406 0.117333 0 0 0 0 0 0 0 0 0 0 0 0 0 0 0 0 0 0 0 0 0 0 0 0 0 0 0 0 0 0 0 0 0 0 0 0 0 0 0 0 0 0 0 0 0 0 0 0 0 0 0
0 0.561609 0.59049 0.0543438 0.206062 0 0 0 0 0 0 0 0 0 0.551562 0.502083 2 0 0 0 0.551562 0.51875 2 0.56875 0.527083 2 0 0 0 0.582812 0.545833 2 0 0 0 0.573437 0.564583 2 0.55 0.5875 1 0.564062 0.585416 1 0 0 0 0 0 0 0 0 0 0 0 0
0 0.499219 0.601062 0.0658125 0.224333 0.503125 0.502083 1 0.507812 0.5 2 0 0 0 0.510937 0.502083 2 0 0 0 0.503125 0.527083 2 0.526562 0.535416 1 0.490625 0.558333 2 0 0 0 0.482812 0.55 2 0 0 0 0.5 0.583333 2 0.517187 0.585416 2 0.485937 0.64375 2 0.49375 0.64375 2 0.485937 0.691666 2 0.489062 0.6875 2
0 0.597523 0.529948 0.0450156 0.0877708 0 0 0 0 0 0 0 0 0 0 0 0 0 0 0 0 0 0 0 0 0 0 0 0 0 0 0 0 0 0 0 0 0 0 0 0 0 0 0 0 0 0 0 0 0 0 0 0 0 0 0
0 0.632891 0.53974 0.0267188 0.0657292 0 0 0 0 0 0 0 0 0 0 0 0 0 0 0 0 0 0 0 0 0 0 0 0 0 0 0 0 0 0 0 0 0 0 0 0 0 0 0 0 0 0 0 0 0 0 0 0 0 0 0
0 0.650734 0.521396 0.0150937 0.0457917 0 0 0 0 0 0 0 0 0 0 0 0 0 0 0 0 0 0 0 0 0 0 0 0 0 0 0 0 0 0 0 0 0 0 0 0 0 0 0 0 0 0 0 0 0 0 0 0 0 0 0
0 0.683594 0.605208 0.629687 0.339583 0 0 0 0 0 0 0 0 0 0 0 0 0 0 0 0 0 0 0 0 0 0 0 0 0 0 0 0 0 0 0 0 0 0 0 0 0 0 0 0 0 0 0 0 0 0 0 0 0 0 0
