0 0.442705 0.544461 0.494731 0.509297 0.407494 0.365625 2 0.423887 0.364062 2 0 0 0 0.459016 0.379687 2 0 0 0 0.510538 0.451562 2 0.433255 0.378125 2 0.466042 0.510937 2 0.334894 0.339062 2 0.400468 0.467187 2 0.234192 0.310937 2 0.56206 0.509375 2 0.594847 0.479687 2 0.515222 0.626562 2 0.608899 0.601562 2 0.503512 0.75 2 0.639344 0.703125 2
0 0.577787 0.398086 0.122131 0.157109 0.550351 0.351562 2 0.56206 0.346875 2 0.548009 0.345312 2 0.58548 0.348437 2 0 0 0 0.62295 0.376562 2 0.531615 0.378125 2 0.608899 0.428125 2 0 0 0 0.576112 0.459375 1 0 0 0 0.611241 0.439062 2 0.555035 0.439062 1 0 0 0 0 0 0 0 0 0 0 0 0
0 0.397845 0.253266 0.147354 0.181375 0.40281 0.1875 2 0.412177 0.182812 2 0.398126 0.18125 2 0.428571 0.185937 2 0 0 0 0.444964 0.214062 2 0.370023 0.2125 2 0 0 0 0 0 0 0 0 0 0 0 0 0.430913 0.26875 2 0.377049 0.267187 2 0.3911 0.248437 2 0.40281 0.276562 2 0.358313 0.309375 2 0.400468 0.329687 2
0 0.289543 0.244648 0.108642 0.153922 0.274004 0.2 2 0.283372 0.195312 2 0.271662 0.19375 2 0.306791 0.195312 2 0 0 0 0.320843 0.21875 2 0.262295 0.215625 2 0.313817 0.260937 2 0.241217 0.246875 2 0.264637 0.25 2 0.288056 0.253125 2 0.311475 0.26875 2 0.266978 0.267187 2 0.316159 0.292187 2 0.259953 0.292187 2 0 0 0 0 0 0
0 0.791382 0.242227 0.125574 0.174016 0.770491 0.179687 2 0.779859 0.176562 2 0.770491 0.175 2 0.798594 0.18125 2 0 0 0 0.81733 0.203125 2 0.747072 0.2 2 0.81733 0.235937 2 0.747072 0.242187 2 0.826697 0.259375 1 0.793911 0.253125 2 0.800936 0.257812 2 0.747072 0.257812 2 0.786885 0.279687 2 0.779859 0.254687 2 0.80562 0.33125 1 0.81733 0.298437 2
0 0.905129 0.239961 0.185902 0.192891 0.875878 0.165625 2 0.887587 0.160937 2 0.871194 0.160937 2 0.906323 0.16875 2 0 0 0 0.932084 0.192187 2 0.857142 0.19375 2 0.957845 0.235937 2 0.831381 0.2375 2 0.925058 0.260937 2 0.875878 0.256249 2 0.93911 0.2625 2 0.875878 0.264062 2 0.985948 0.265625 2 0.840749 0.26875 2 0.981264 0.340625 1 0.882903 0.340625 1
0 0.641124 0.175078 0.136253 0.195312 0.632318 0.104687 2 0.641686 0.1 2 0.627634 0.1 2 0.658079 0.103125 2 0 0 0 0.68384 0.121875 2 0.604215 0.120312 2 0.688524 0.165625 2 0.594847 0.1625 2 0.648711 0.178125 2 0.618266 0.178125 2 0.665105 0.176562 2 0.618266 0.175 2 0.688524 0.182812 2 0.587822 0.1875 2 0.68384 0.257812 2 0.604215 0.257812 2
0 0.180281 0.138031 0.125059 0.123531 0.182669 0.096875 2 0.189695 0.09375 2 0.175644 0.09375 2 0.20843 0.096875 1 0 0 0 0.22014 0.121875 2 0.152224 0.11875 2 0.224824 0.153125 2 0.14754 0.14375 2 0.173302 0.15 1 0.196721 0.142187 2 0.203747 0.178125 2 0.156908 0.176562 1 0 0 0 0.126463 0.145312 2 0 0 0 0.203747 0.173437 2
0 0.171698 0.221969 0.131405 0.151094 0.166276 0.16875 2 0.177985 0.165625 2 0.15925 0.165625 2 0.189695 0.171875 2 0.154566 0.173437 1 0.20843 0.203125 2 0.140515 0.201562 2 0.234192 0.24375 2 0.121779 0.248437 2 0.201405 0.259375 2 0.166276 0.264062 2 0.187353 0.273437 2 0.14754 0.273437 2 0.196721 0.295312 2 0.121779 0.284375 2 0.145199 0.332812 1 0.163934 0.332812 1
0 0.289473 0.133227 0.0996956 0.114016 0.264637 0.103125 2 0.271662 0.1 2 0.259953 0.1 2 0.29274 0.101562 2 0 0 0 0.320843 0.123437 2 0.248243 0.121875 2 0.323185 0.154687 2 0.250585 0.15625 2 0.297423 0.159375 2 0.264637 0.160937 2 0 0 0 0 0 0 0 0 0 0 0 0 0 0 0 0 0 0
0 0.524602 0.07075 0.128501 0.135813 0.515222 0.020312 2 0.522248 0.014062 2 0.508196 0.014062 2 0.536299 0.014062 2 0.498829 0.015625 2 0.564402 0.040625 2 0.475409 0.042187 2 0.578454 0.084375 2 0.470725 0.0875 2 0.540983 0.098437 2 0.51288 0.1 2 0.545667 0.098437 2 0.498829 0.098437 2 0.56206 0.10625 2 0.484777 0.109375 2 0.538641 0.1625 1 0.498829 0.1625 1
0 0.042904 0.224266 0.085808 0.144937 0 0 0 0.002341 0.16875 2 0 0 0 0.018735 0.171875 2 0 0 0 0.03747 0.189062 2 0 0 0 0.058548 0.234375 2 0 0 0 0.035128 0.260937 2 0 0 0 0.04918 0.264062 2 0 0 0 0.030444 0.298437 1 0.014051 0.265625 2 0.044496 0.35 1 0.060889 0.309375 1
0 0.74555 0.0702578 0.119063 0.138578 0.733021 0.017187 2 0.742388 0.0125 2 0.725995 0.0125 2 0.758782 0.017187 2 0 0 0 0.779859 0.040625 2 0.702576 0.039062 2 0.791569 0.076562 2 0.69555 0.076562 2 0.758782 0.101562 2 0.737704 0.10625 2 0.770491 0.095312 2 0.723653 0.095312 2 0.784543 0.110937 2 0.707259 0.110937 2 0 0 0 0 0 0
0 0.498829 0.139844 0.997658 0.279687 0 0 0 0 0 0 0 0 0 0 0 0 0 0 0 0 0 0 0 0 0 0 0 0 0 0 0 0 0 0 0 0 0 0 0 0 0 0 0 0 0 0 0 0 0 0 0 0 0 0 0
