0 0.474906 0.764754 0.108281 0.28162 0 0 0 0 0 0 0 0 0 0.457812 0.650234 2 0.475 0.640845 2 0.457812 0.683098 2 0.49375 0.661971 2 0.44375 0.732394 2 0.515625 0.687793 2 0.43125 0.767605 2 0.520312 0.730046 2 0.478125 0.753521 2 0.504687 0.751173 2 0.475 0.821596 2 0.503125 0.816901 2 0.476562 0.889671 2 0.498437 0.873239 2
0 0.413695 0.740293 0.0551406 0.188662 0.40625 0.664319 2 0.409375 0.661971 2 0.403125 0.661971 2 0.414062 0.664319 2 0.401562 0.664319 2 0.417187 0.687793 2 0.396875 0.687793 2 0.428125 0.701877 2 0.392187 0.704225 2 0.435937 0.713615 2 0.392187 0.718309 2 0.4125 0.732394 2 0.4 0.734741 2 0.414062 0.774647 2 0.404687 0.776995 2 0.414062 0.819248 2 0.404687 0.821596 2
0 0.34693 0.665622 0.0262969 0.0328404 0 0 0 0 0 0 0 0 0 0 0 0 0 0 0 0 0 0 0 0 0 0 0 0 0 0 0 0 0 0 0 0 0 0 0 0 0 0 0 0 0 0 0 0 0 0 0 0 0 0 0
0 0.321414 0.673744 0.0186094 0.0324178 0 0 0 0 0 0 0 0 0 0 0 0 0 0 0 0 0 0 0 0 0 0 0 0 0 0 0 0 0 0 0 0 0 0 0 0 0 0 0 0 0 0 0 0 0 0 0 0 0 0 0
0 0.308656 0.653498 0.0151562 0.0302347 0 0 0 0 0 0 0 0 0 0 0 0 0 0 0 0 0 0 0 0 0 0 0 0 0 0 0 0 0 0 0 0 0 0 0 0 0 0 0 0 0 0 0 0 0 0 0 0 0 0 0
0 0.322422 0.601608 0.0110312 0.0248592 0 0 0 0 0 0 0 0 0 0 0 0 0 0 0 0 0 0 0 0 0 0 0 0 0 0 0 0 0 0 0 0 0 0 0 0 0 0 0 0 0 0 0 0 0 0 0 0 0 0 0
0 0.966711 0.769577 0.0310781 0.0569014 0 0 0 0 0 0 0 0 0 0 0 0 0 0 0 0 0 0 0 0 0 0 0 0 0 0 0 0 0 0 0 0 0 0 0 0 0 0 0 0 0 0 0 0 0 0 0 0 0 0 0
0 0.324453 0.658263 0.015 0.040892 0 0 0 0 0 0 0 0 0 0 0 0 0 0 0 0 0 0 0 0 0 0 0 0 0 0 0 0 0 0 0 0 0 0 0 0 0 0 0 0 0 0 0 0 0 0 0 0 0 0 0
0 0.301633 0.618146 0.00998438 0.0315023 0 0 0 0 0 0 0 0 0 0 0 0 0 0 0 0 0 0 0 0 0 0 0 0 0 0 0 0 0 0 0 0 0 0 0 0 0 0 0 0 0 0 0 0 0 0 0 0 0 0 0
0 0.944211 0.632359 0.0126719 0.0181455 0 0 0 0 0 0 0 0 0 0 0 0 0 0 0 0 0 0 0 0 0 0 0 0 0 0 0 0 0 0 0 0 0 0 0 0 0 0 0 0 0 0 0 0 0 0 0 0 0 0 0
0 0.916602 0.638392 0.0166719 0.0317136 0 0 0 0 0 0 0 0 0 0 0 0 0 0 0 0 0 0 0 0 0 0 0 0 0 0 0 0 0 0 0 0 0 0 0 0 0 0 0 0 0 0 0 0 0 0 0 0 0 0 0
0 0.361508 0.598756 0.00954687 0.0234272 0 0 0 0 0 0 0 0 0 0 0 0 0 0 0 0 0 0 0 0 0 0 0 0 0 0 0 0 0 0 0 0 0 0 0 0 0 0 0 0 0 0 0 0 0 0 0 0 0 0 0
0 0.929984 0.640552 0.0112812 0.0183333 0 0 0 0 0 0 0 0 0 0 0 0 0 0 0 0 0 0 0 0 0 0 0 0 0 0 0 0 0 0 0 0 0 0 0 0 0 0 0 0 0 0 0 0 0 0 0 0 0 0 0
