0 0.3112 0.578949 0.17308 0.225225 0 0 0 0 0 0 0 0 0 0 0 0 0 0 0 0.248 0.504504 2 0.282 0.498498 2 0.256 0.498498 2 0.332 0.486486 2 0.29 0.543543 2 0.376 0.486486 2 0.298 0.579579 2 0.314 0.585585 2 0.236 0.57057 2 0.284 0.567567 2 0.248 0.672672 2 0.292 0.681681 1
0 0.86671 0.744174 0.05806 0.139459 0 0 0 0 0 0 0 0 0 0 0 0 0 0 0 0 0 0 0 0 0 0 0 0 0 0 0 0 0 0 0 0 0 0 0 0 0 0 0 0 0 0 0 0 0 0 0 0 0 0 0
0 0.61555 0.765646 0.09698 0.351051 0.588 0.633633 2 0.59 0.624624 2 0 0 0 0.596 0.63063 2 0 0 0 0.596 0.684684 2 0.616 0.666666 2 0.588 0.747747 2 0 0 0 0.574 0.786786 2 0 0 0 0.61 0.801801 2 0.628 0.789789 2 0.606 0.858858 2 0.634 0.849849 2 0.62 0.939939 1 0.648 0.927927 2
0 0.52591 0.786246 0.10974 0.342282 0.55 0.657657 2 0 0 0 0.55 0.651651 2 0 0 0 0.536 0.654654 2 0.508 0.681681 2 0.546 0.687687 2 0.478 0.717717 2 0.556 0.729729 2 0.5 0.735735 2 0.578 0.735735 2 0.518 0.813813 2 0.542 0.813813 2 0.51 0.885885 1 0.562 0.891891 2 0.506 0.945945 1 0.542 0.954954 2
0 0.94422 0.58009 0.02128 0.0507508 0 0 0 0 0 0 0 0 0 0 0 0 0 0 0 0 0 0 0 0 0 0 0 0 0 0 0 0 0 0 0 0 0 0 0 0 0 0 0 0 0 0 0 0 0 0 0 0 0 0 0
0 0.66839 0.672508 0.02382 0.0740841 0 0 0 0 0 0 0 0 0 0 0 0 0 0 0 0 0 0 0 0 0 0 0 0 0 0 0 0 0 0 0 0 0 0 0 0 0 0 0 0 0 0 0 0 0 0 0 0 0 0 0
0 0.30687 0.773333 0.08854 0.158739 0 0 0 0 0 0 0 0 0 0 0 0 0 0 0 0 0 0 0 0 0 0 0 0 0 0 0 0 0 0 0 0 0 0 0 0 0 0 0 0 0 0 0 0 0 0 0 0 0 0 0
0 0.67501 0.600901 0.0159 0.0685285 0 0 0 0 0 0 0 0 0 0 0 0 0 0 0 0 0 0 0 0 0 0 0 0 0 0 0 0 0 0 0 0 0 0 0 0 0 0 0 0 0 0 0 0 0 0 0 0 0 0 0
0 0.97931 0.617868 0.0125 0.0403604 0 0 0 0 0 0 0 0 0 0 0 0 0 0 0 0 0 0 0 0 0 0 0 0 0 0 0 0 0 0 0 0 0 0 0 0 0 0 0 0 0 0 0 0 0 0 0 0 0 0 0
0 0.988 0.643844 0.01812 0.0267267 0 0 0 0 0 0 0 0 0 0 0 0 0 0 0 0 0 0 0 0 0 0 0 0 0 0 0 0 0 0 0 0 0 0 0 0 0 0 0 0 0 0 0 0 0 0 0 0 0 0 0
0 0.63081 0.640586 0.02478 0.0941441 0 0 0 0 0 0 0 0 0 0 0 0 0 0 0 0 0 0 0 0 0 0 0 0 0 0 0 0 0 0 0 0 0 0 0 0 0 0 0 0 0 0 0 0 0 0 0 0 0 0 0
