0 0.103422 0.638384 0.0555312 0.261546 0 0 0 0 0 0 0 0 0 0.098437 0.533957 2 0.115625 0.538641 2 0.084375 0.566744 2 0.1125 0.566744 2 0.079687 0.606557 2 0.123437 0.608899 2 0 0 0 0.128124 0.632318 2 0.090625 0.639344 2 0.1125 0.639344 2 0.09375 0.707259 2 0.115625 0.686182 2 0.096875 0.754098 2 0.109375 0.730679 2
0 0.874891 0.629742 0.0620313 0.291382 0 0 0 0 0 0 0 0 0 0 0 0 0 0 0 0.851562 0.536299 2 0.884375 0.536299 2 0 0 0 0.896875 0.571428 2 0 0 0 0 0 0 0.860937 0.597189 2 0.876562 0.594847 2 0.865625 0.674473 2 0.882812 0.674473 2 0.867187 0.735362 2 0.88125 0.730679 2
0 0.820172 0.618044 0.0583438 0.270141 0.829687 0.503512 2 0.83125 0.496487 2 0.825 0.496487 2 0 0 0 0.81875 0.505854 2 0.835937 0.526932 2 0.803125 0.533957 2 0 0 0 0.798437 0.564402 2 0 0 0 0.820312 0.569086 2 0.834375 0.604215 2 0.810937 0.606557 2 0.834375 0.672131 2 0.807812 0.669789 2 0.834375 0.721311 2 0.807812 0.718969 2
0 0.516039 0.45945 0.0433906 0.0994614 0 0 0 0 0 0 0 0 0 0 0 0 0 0 0 0 0 0 0 0 0 0 0 0 0 0 0 0 0 0 0 0 0 0 0 0 0 0 0 0 0 0 0 0 0 0 0 0 0 0 0
0 0.341914 0.58007 0.0134219 0.0337237 0 0 0 0 0 0 0 0 0 0 0 0 0 0 0 0 0 0 0 0 0 0 0 0 0 0 0 0 0 0 0 0 0 0 0 0 0 0 0 0 0 0 0 0 0 0 0 0 0 0 0
0 0.699188 0.617752 0.0341562 0.181639 0 0 0 0 0 0 0 0 0 0 0 0 0 0 0 0 0 0 0 0 0 0 0 0 0 0 0 0 0 0 0 0 0 0 0 0 0 0 0 0 0 0 0 0 0 0 0 0 0 0 0
0 0.595258 0.457014 0.0630781 0.124707 0 0 0 0 0 0 0 0 0 0 0 0 0 0 0 0.567187 0.449648 2 0.598437 0.449648 2 0 0 0 0.6125 0.477751 2 0 0 0 0.621875 0.519906 1 0.576562 0.529274 1 0.603125 0.526932 1 0 0 0 0 0 0 0 0 0 0 0 0
0 0.193109 0.611686 0.0127188 0.0811241 0 0 0 0 0 0 0 0 0 0 0 0 0 0 0 0 0 0 0 0 0 0 0 0 0 0 0 0 0 0 0 0 0 0 0 0 0 0 0 0 0 0 0 0 0 0 0 0 0 0 0
0 0.314883 0.582799 0.00901562 0.0374005 0 0 0 0 0 0 0 0 0 0 0 0 0 0 0 0 0 0 0 0 0 0 0 0 0 0 0 0 0 0 0 0 0 0 0 0 0 0 0 0 0 0 0 0 0 0 0 0 0 0 0
0 0.214492 0.603244 0.00760937 0.0682201 0 0 0 0 0 0 0 0 0 0 0 0 0 0 0 0 0 0 0 0 0 0 0 0 0 0 0 0 0 0 0 0 0 0 0 0 0 0 0 0 0 0 0 0 0 0 0 0 0 0 0
0 0.0161484 0.594297 0.0254844 0.0600703 0 0 0 0 0 0 0 0 0 0 0 0 0 0 0 0 0 0 0 0 0 0 0 0 0 0 0 0 0 0 0 0 0 0 0 0 0 0 0 0 0 0 0 0 0 0 0 0 0 0 0
