0 0.269664 0.60224 0.205609 0.750562 0 0 0 0 0 0 0 0 0 0 0 0 0 0 0 0.217187 0.366666 2 0.309375 0.36875 2 0.182812 0.4875 2 0.332812 0.5 2 0.221875 0.48125 2 0.35 0.597916 2 0.225 0.604166 2 0.295312 0.602083 2 0.234375 0.783333 2 0.290625 0.747916 2 0.240625 0.929166 2 0.278125 0.891666 2
0 0.0943437 0.385396 0.05675 0.227667 0 0 0 0 0 0 0 0 0 0.089062 0.289583 1 0.104687 0.29375 2 0.076562 0.3125 2 0.110937 0.316666 2 0.06875 0.339583 1 0.115625 0.347916 2 0 0 0 0.114062 0.38125 2 0.085937 0.389583 2 0.101562 0.385416 2 0.085937 0.43125 2 0.095312 0.441666 2 0.092187 0.475 2 0.089062 0.483333 2
0 0.16732 0.416156 0.0570156 0.304271 0 0 0 0 0 0 0 0 0 0.167187 0.291666 1 0.192187 0.29375 2 0.159375 0.33125 2 0.2 0.327083 1 0.151562 0.375 2 0 0 0 0 0 0 0 0 0 0.167187 0.408333 2 0.196875 0.410416 1 0.164062 0.48125 2 0 0 0 0.167187 0.55 2 0 0 0
0 0.195062 0.366167 0.0470313 0.176458 0 0 0 0 0 0 0 0 0 0 0 0 0 0 0 0 0 0 0 0 0 0 0 0 0 0 0 0 0 0 0 0 0 0 0 0 0 0 0 0 0 0 0 0 0 0 0 0 0 0 0
0 0.368938 0.41126 0.0322812 0.345771 0 0 0 0 0 0 0 0 0 0.3625 0.26875 2 0 0 0 0.376562 0.304166 2 0.364062 0.304166 1 0 0 0 0 0 0 0 0 0 0 0 0 0.378125 0.4 2 0.365625 0.397916 2 0 0 0 0 0 0 0 0 0 0 0 0
0 0.672469 0.696635 0.222469 0.584271 0 0 0 0 0 0 0 0 0 0 0 0 0 0 0 0.753125 0.55625 2 0.675 0.541666 2 0.7375 0.70625 2 0.642187 0.68125 2 0.66875 0.666666 2 0.6375 0.61875 2 0.69375 0.816666 1 0.65625 0.777083 2 0.584375 0.95 2 0 0 0 0 0 0 0 0 0
0 0.138156 0.377104 0.0347812 0.1615 0 0 0 0 0 0 0 0 0 0 0 0 0 0 0 0 0 0 0 0 0 0 0 0 0 0 0 0 0 0 0 0 0 0 0 0 0 0 0 0 0 0 0 0 0 0 0 0 0 0 0
0 0.00861719 0.31849 0.0170781 0.0392708 0 0 0 0 0 0 0 0 0 0 0 0 0 0 0 0 0 0 0 0 0 0 0 0 0 0 0 0 0 0 0 0 0 0 0 0 0 0 0 0 0 0 0 0 0 0 0 0 0 0 0
0 0.927258 0.584698 0.145484 0.583063 0 0 0 0 0 0 0 0 0 0 0 0 0 0 0 0.985937 0.5375 2 0.915625 0.520833 2 0 0 0 0.929687 0.73125 2 0 0 0 0.989062 0.691666 2 0.948437 0.75 2 0.901562 0.7375 2 0 0 0 0 0 0 0 0 0 0 0 0
0 0.0112344 0.56426 0.0224688 0.255729 0 0 0 0 0 0 0 0 0 0 0 0 0 0 0 0 0 0 0 0 0 0 0 0 0.004687 0.54375 2 0 0 0 0.009375 0.639583 2 0 0 0 0 0 0 0 0 0 0 0 0 0 0 0 0 0 0
0 0.0434531 0.421792 0.0691563 0.325125 0 0 0 0.03125 0.279166 2 0 0 0 0.039062 0.285416 2 0 0 0 0.035937 0.329166 2 0.0625 0.329166 2 0.021875 0.383333 2 0 0 0 0.0125 0.41875 1 0 0 0 0.029687 0.420833 2 0.05625 0.422916 2 0.028125 0.483333 2 0.051562 0.489583 2 0.035937 0.564583 2 0.053125 0.547916 2
0 0.352805 0.439438 0.0390156 0.182917 0 0 0 0 0 0 0.360937 0.36875 2 0 0 0 0.354687 0.375 2 0.339062 0.402083 2 0.359375 0.402083 2 0 0 0 0 0 0 0 0 0 0 0 0 0.345312 0.472916 2 0.360937 0.477083 2 0 0 0 0 0 0 0 0 0 0 0 0
0 0.0174531 0.377823 0.0349062 0.199438 0 0 0 0 0 0 0 0 0 0 0 0 0 0 0 0 0 0 0 0 0 0 0 0 0 0 0 0 0 0 0 0 0 0 0 0 0 0 0 0 0 0 0 0 0 0 0 0 0 0 0
