0 0.165078 0.382468 0.158812 0.517862 0 0 0 0 0 0 0.204687 0.173633 2 0 0 0 0.185937 0.173633 2 0.107812 0.231511 2 0.201562 0.239549 2 0.123437 0.286173 2 0.23125 0.305466 2 0.195312 0.30225 2 0.142187 0.284565 2 0.11875 0.35852 2 0.184375 0.369774 2 0.11875 0.479099 2 0.16875 0.488745 2 0.1 0.601286 2 0.154687 0.617363 2
0 0.282828 0.30787 0.168156 0.467412 0 0 0 0 0 0 0 0 0 0 0 0 0.279687 0.120578 2 0.209375 0.157556 1 0.289062 0.16881 2 0 0 0 0.321875 0.242765 2 0 0 0 0.323437 0.303858 2 0.221875 0.290996 1 0.282812 0.294212 2 0.24375 0.41479 2 0.303125 0.41479 2 0.256249 0.516077 2 0.309375 0.512861 2
0 0.571117 0.658424 0.220578 0.206752 0.514062 0.609324 2 0.525 0.602893 2 0.509375 0.599678 2 0.542187 0.614147 2 0.496875 0.602893 2 0.5375 0.638263 2 0.485937 0.647909 2 0 0 0 0.484375 0.694533 2 0 0 0 0.521875 0.696141 2 0.525 0.717041 2 0.490625 0.729903 2 0.56875 0.705787 2 0.551562 0.726688 2 0.63125 0.721864 2 0 0 0
0 0.450656 0.322613 0.143344 0.440916 0 0 0 0 0 0 0 0 0 0.44375 0.149517 2 0.476562 0.147909 2 0.41875 0.197749 2 0.482812 0.200964 2 0.395312 0.257234 2 0.496875 0.266881 2 0.4 0.313504 1 0.496875 0.319935 2 0.425 0.318327 2 0.470312 0.323151 2 0.5 0.294212 2 0.457812 0.406752 2 0.453125 0.368167 2 0.445312 0.524115 2
0 0.919516 0.185338 0.0186562 0.0490675 0 0 0 0 0 0 0 0 0 0 0 0 0 0 0 0 0 0 0 0 0 0 0 0 0 0 0 0 0 0 0 0 0 0 0 0 0 0 0 0 0 0 0 0 0 0 0 0 0 0 0
0 0.956281 0.189654 0.0206875 0.0400161 0 0 0 0 0 0 0 0 0 0 0 0 0 0 0 0 0 0 0 0 0 0 0 0 0 0 0 0 0 0 0 0 0 0 0 0 0 0 0 0 0 0 0 0 0 0 0 0 0 0 0
0 0.209039 0.121953 0.0582656 0.040209 0 0 0 0 0 0 0 0 0 0 0 0 0 0 0 0 0 0 0 0 0 0 0 0 0 0 0 0 0 0 0 0 0 0 0 0 0 0 0 0 0 0 0 0 0 0 0 0 0 0 0
0 0.406438 0.176061 0.02575 0.0361093 0 0 0 0 0 0 0 0 0 0 0 0 0 0 0 0 0 0 0 0 0 0 0 0 0 0 0 0 0 0 0 0 0 0 0 0 0 0 0 0 0 0 0 0 0 0 0 0 0 0 0
0 0.379086 0.167814 0.0212969 0.057074 0 0 0 0 0 0 0 0 0 0 0 0 0 0 0 0 0 0 0 0 0 0 0 0 0 0 0 0 0 0 0 0 0 0 0 0 0 0 0 0 0 0 0 0 0 0 0 0 0 0 0
0 0.891008 0.151117 0.0105781 0.0230386 0 0 0 0 0 0 0 0 0 0 0 0 0 0 0 0 0 0 0 0 0 0 0 0 0 0 0 0 0 0 0 0 0 0 0 0 0 0 0 0 0 0 0 0 0 0 0 0 0 0 0
0 0.832695 0.151069 0.0108594 0.0197588 0 0 0 0 0 0 0 0 0 0 0 0 0 0 0 0 0 0 0 0 0 0 0 0 0 0 0 0 0 0 0 0 0 0 0 0 0 0 0 0 0 0 0 0 0 0 0 0 0 0 0
0 0.773609 0.136752 0.0224688 0.0298392 0 0 0 0 0 0 0 0 0 0 0 0 0 0 0 0 0 0 0 0 0 0 0 0 0 0 0 0 0 0 0 0 0 0 0 0 0 0 0 0 0 0 0 0 0 0 0 0 0 0 0
