0 0.386561 0.477523 0.671854 0.608984 0.323943 0.239062 1 0.338028 0.229687 2 0 0 0 0.384976 0.240625 2 0 0 0 0.556338 0.265625 2 0.347417 0.296875 2 0.711267 0.276562 2 0.40845 0.36875 2 0.615023 0.284375 2 0.528169 0.326562 2 0.551643 0.489062 2 0.406103 0.475 2 0.546948 0.615625 2 0.244131 0.6125 2 0.600938 0.753125 1 0.112676 0.725 2
0 0.714038 0.69775 0.543568 0.379781 0 0 0 0.643192 0.571875 1 0 0 0 0.69014 0.579687 2 0 0 0 0.671361 0.632812 2 0.847417 0.621875 2 0.507042 0.770312 2 0.974178 0.739062 1 0.495305 0.7375 2 0.936619 0.834375 2 0.758215 0.814062 2 0.882629 0.815625 2 0.539906 0.704687 2 0 0 0 0.63615 0.834375 2 0.856807 0.846875 2
0 0.621796 0.0871953 0.134765 0.102953 0.629107 0.064062 2 0.638497 0.059375 2 0.62676 0.059375 2 0.654929 0.059375 2 0 0 0 0.676056 0.079687 2 0.622065 0.085937 2 0.678403 0.109375 2 0.593896 0.104687 2 0.645539 0.078125 2 0.600938 0.076562 2 0.657276 0.125 1 0.622065 0.125 1 0 0 0 0.589201 0.1125 2 0 0 0 0.568075 0.15 1
0 0.7173 0.143492 0.100188 0.105297 0.697183 0.114062 2 0.706572 0.1125 2 0 0 0 0.720657 0.115625 2 0 0 0 0.744131 0.14375 2 0.69014 0.14375 2 0 0 0 0 0 0 0 0 0 0 0 0 0.723004 0.189062 2 0.692488 0.185937 2 0 0 0 0 0 0 0 0 0 0 0 0
0 0.170505 0.0834688 0.128944 0.155219 0.171361 0.026562 2 0.176056 0.023437 2 0.164319 0.023437 2 0.187793 0.025 2 0.157276 0.026562 2 0.201877 0.05 2 0.150234 0.053125 2 0.220657 0.082812 2 0.140845 0.085937 2 0.19953 0.096875 2 0.122065 0.1 2 0.192488 0.126562 2 0.152582 0.125 2 0.197183 0.185937 1 0.154929 0.182812 1 0 0 0 0 0 0
0 0.08777 0.0966328 0.108028 0.188766 0.100938 0.029687 2 0.110328 0.026562 2 0.096244 0.026562 2 0.122065 0.03125 2 0 0 0 0.13615 0.057812 1 0.079812 0.054687 2 0.147887 0.098437 1 0.06338 0.095312 2 0.13615 0.125 2 0.05399 0.121875 2 0.115023 0.134375 2 0.072769 0.13125 2 0.11737 0.182812 2 0.077464 0.176562 2 0.12676 0.226562 1 0.086854 0.225 1
0 0.826115 0.135813 0.0587089 0.0508125 0 0 0 0 0 0 0 0 0 0 0 0 0 0 0 0 0 0 0 0 0 0 0 0 0 0 0 0 0 0 0 0 0 0 0 0 0 0 0 0 0 0 0 0 0 0 0 0 0 0 0
0 0.637453 0.143781 0.111291 0.0987813 0.645539 0.109375 2 0.650234 0.104687 2 0.63615 0.104687 2 0.661971 0.10625 2 0.629107 0.10625 2 0.676056 0.13125 2 0.612676 0.129687 2 0.683098 0.1625 2 0.600938 0.154687 2 0.673708 0.176562 2 0.600938 0.1625 2 0.661971 0.184375 2 0.619718 0.184375 2 0 0 0 0 0 0 0 0 0 0 0 0
0 0.813744 0.0499922 0.0872535 0.0806719 0.812206 0.023437 2 0.819248 0.021875 2 0.809859 0.01875 2 0 0 0 0 0 0 0.830985 0.0375 2 0.798122 0.039062 2 0.828638 0.0625 2 0.78169 0.057812 2 0.795774 0.067187 2 0.774647 0.06875 2 0 0 0 0 0 0 0 0 0 0 0 0 0 0 0 0 0 0
0 0.405469 0.11168 0.0822066 0.0920781 0.413145 0.089062 2 0.420187 0.085937 2 0.406103 0.085937 2 0.424882 0.084375 2 0.401408 0.084375 2 0.431924 0.101562 2 0.387323 0.1 2 0.434272 0.125 2 0.377934 0.126562 2 0 0 0 0 0 0 0 0 0 0 0 0 0 0 0 0 0 0 0 0 0 0 0 0
0 0.957007 0.149836 0.0859859 0.102734 0.98122 0.11875 2 0.988262 0.1125 2 0.976525 0.114062 2 0 0 0 0.974178 0.120312 2 0 0 0 0.967136 0.1375 2 0.988262 0.167187 2 0 0 0 0.953051 0.178125 2 0 0 0 0.992957 0.184375 1 0.948356 0.18125 2 0.985915 0.182812 2 0.894366 0.184375 1 0 0 0 0 0 0
0 0.311045 0.0644453 0.0830282 0.0988594 0.305164 0.03125 2 0.312206 0.028125 2 0.300469 0.028125 2 0.323943 0.032812 2 0.291079 0.034375 2 0.333333 0.053125 2 0.28169 0.054687 2 0.330985 0.084375 2 0.284037 0.085937 2 0.330985 0.114062 1 0.274647 0.115625 1 0.319248 0.09375 2 0.293427 0.09375 2 0 0 0 0 0 0 0 0 0 0 0 0
0 0.940728 0.108117 0.0969014 0.0818906 0 0 0 0 0 0 0 0 0 0 0 0 0 0 0 0 0 0 0 0 0 0 0 0 0 0 0 0 0 0 0 0 0 0 0 0 0 0 0 0 0 0 0 0 0 0 0 0 0 0 0
0 0.5 0.127344 0.995305 0.254688 0 0 0 0 0 0 0 0 0 0 0 0 0 0 0 0 0 0 0 0 0 0 0 0 0 0 0 0 0 0 0 0 0 0 0 0 0 0 0 0 0 0 0 0 0 0 0 0 0 0 0
