0 0.509172 0.448169 0.152562 0.256197 0.507812 0.401408 2 0.520312 0.389671 2 0.496875 0.387323 2 0.529687 0.394366 2 0.479687 0.387323 2 0.564062 0.464788 2 0.4625 0.448356 2 0.5875 0.561032 1 0.439062 0.530516 2 0.534375 0.497652 2 0.457812 0.528169 2 0 0 0 0 0 0 0 0 0 0 0 0 0 0 0 0 0 0
0 0.749391 0.628087 0.284187 0.721338 0.75 0.392018 2 0.760937 0.363849 2 0.73125 0.370892 2 0 0 0 0.69375 0.366197 2 0.820312 0.455399 2 0.659375 0.443661 2 0.857812 0.638497 2 0.617187 0.514084 1 0.754687 0.650234 2 0.65 0.657276 1 0.779687 0.676056 2 0.671875 0.673708 1 0.871875 0.849765 2 0 0 0 0.79375 0.957746 1 0 0 0
0 0.234836 0.249437 0.0867656 0.364038 0.234375 0.100938 2 0.2375 0.096244 2 0.229687 0.096244 2 0.24375 0.103286 2 0.21875 0.100938 2 0.251562 0.145539 2 0.207812 0.147887 2 0.265625 0.211267 2 0.207812 0.227699 2 0.270312 0.251173 2 0.220312 0.284037 2 0.257812 0.274647 2 0.232812 0.274647 2 0.259375 0.347417 2 0.228125 0.352112 2 0.259375 0.420187 1 0.232812 0.429577 1
0 0.0704609 0.779272 0.140922 0.416667 0 0 0 0 0 0 0 0 0 0 0 0 0.095312 0.727699 2 0 0 0 0.084375 0.931924 2 0 0 0 0 0 0 0.185937 0.934272 1 0.207812 0.941314 1 0 0 0 0 0 0 0 0 0 0 0 0 0 0 0 0 0 0
0 0.652914 0.361796 0.0702969 0.179789 0 0 0 0 0 0 0 0 0 0.651562 0.321596 2 0.682812 0.323943 2 0.635937 0.366197 2 0.690625 0.368544 1 0.628125 0.429577 2 0 0 0 0 0 0 0 0 0 0 0 0 0 0 0 0 0 0 0 0 0 0 0 0 0 0 0
0 0.448453 0.175622 0.0513125 0.12885 0.44375 0.138497 2 0.448437 0.13615 2 0.440625 0.13615 2 0 0 0 0 0 0 0.457812 0.171361 2 0.4375 0.173708 2 0.460937 0.211267 2 0 0 0 0.435937 0.204225 2 0 0 0 0.451562 0.255868 1 0.434375 0.255868 1 0 0 0 0 0 0 0 0 0 0 0 0
0 0.558047 0.300528 0.0856563 0.427441 0.532812 0.12676 1 0.535937 0.11737 2 0 0 0 0.55 0.122065 2 0 0 0 0.576562 0.159624 2 0.534375 0.154929 2 0.589062 0.232394 2 0.525 0.201877 2 0.553125 0.246478 2 0.534375 0.241784 2 0.571875 0.279342 2 0.535937 0.274647 2 0.576562 0.392018 2 0.529687 0.382629 1 0.584375 0.478873 2 0 0 0
0 0.320094 0.247183 0.0658125 0.265164 0.325 0.140845 2 0.325 0.131455 2 0.31875 0.133802 2 0 0 0 0.3125 0.140845 2 0.339062 0.173708 2 0.3 0.178403 2 0.348437 0.218309 1 0.301562 0.225352 2 0.339062 0.218309 2 0.326562 0.218309 2 0.334375 0.288732 2 0.320312 0.291079 2 0.3375 0.35446 2 0.320312 0.35446 2 0.339062 0.403755 1 0.31875 0.40845 1
0 0.388062 0.241866 0.0725937 0.248803 0.38125 0.143192 2 0.385937 0.13615 2 0.378125 0.13615 2 0.389062 0.143192 2 0.375 0.143192 2 0.396875 0.169014 2 0.364062 0.171361 2 0.409375 0.201877 2 0.365625 0.206572 2 0.4 0.223004 2 0.36875 0.171361 2 0.39375 0.237089 2 0.375 0.237089 2 0.398437 0.312206 2 0.376562 0.307511 2 0 0 0 0 0 0
0 0.704078 0.271268 0.0329688 0.0586854 0 0 0 0 0 0 0 0 0 0 0 0 0 0 0 0 0 0 0 0 0 0 0 0 0 0 0 0 0 0 0 0 0 0 0 0 0 0 0 0 0 0 0 0 0 0 0 0 0 0 0
0 0.554273 0.753732 0.351828 0.492535 0 0 0 0 0 0 0 0 0 0 0 0 0.670312 0.753521 2 0.442187 0.753521 2 0.621875 0.861502 2 0 0 0 0 0 0 0 0 0 0 0 0 0 0 0 0 0 0 0 0 0 0 0 0 0 0 0 0 0 0
0 0.83632 0.381303 0.123016 0.244812 0.83125 0.321596 2 0.834375 0.307511 2 0 0 0 0.851562 0.309859 2 0 0 0 0.86875 0.349765 2 0.845312 0.347417 2 0.84375 0.401408 2 0.840625 0.368544 2 0.809375 0.387323 2 0.809375 0.366197 2 0.860937 0.476525 2 0.853125 0.450704 2 0 0 0 0 0 0 0 0 0 0 0 0
0 0.0636953 0.308228 0.124672 0.337394 0 0 0 0 0 0 0 0 0 0 0 0 0 0 0 0.035937 0.178403 2 0 0 0 0.09375 0.28169 2 0 0 0 0.101562 0.363849 2 0.021875 0.35446 2 0.084375 0.312206 2 0.034375 0.330985 2 0.101562 0.464788 1 0.048437 0.474178 1 0 0 0 0 0 0
0 0.5 0.299296 0.996875 0.556338 0 0 0 0 0 0 0 0 0 0 0 0 0 0 0 0 0 0 0 0 0 0 0 0 0 0 0 0 0 0 0 0 0 0 0 0 0 0 0 0 0 0 0 0 0 0 0 0 0 0 0
