0 0.0569766 0.671408 0.108297 0.463521 0.046875 0.509389 2 0.054687 0.497652 2 0.039062 0.497652 2 0.067187 0.497652 2 0.028125 0.495305 2 0.08125 0.55399 2 0.01875 0.55399 2 0.1 0.63615 2 0.001562 0.640845 1 0.060937 0.669014 2 0.021875 0.673708 2 0.059375 0.685446 2 0.01875 0.678403 2 0.053125 0.727699 2 0.028125 0.730046 2 0.04375 0.842723 2 0.021875 0.842723 2
0 0.586258 0.593638 0.0995469 0.329718 0.58125 0.497652 2 0.589062 0.488262 2 0.573437 0.488262 2 0.6 0.49061 2 0.560937 0.49061 2 0.615625 0.55399 2 0.554687 0.551643 2 0.623437 0.62676 2 0.545312 0.624413 2 0.614062 0.678403 2 0.576562 0.685446 1 0.603125 0.673708 2 0.56875 0.676056 1 0 0 0 0 0 0 0 0 0 0 0 0
0 0.929078 0.664636 0.118656 0.406737 0.925 0.525821 2 0.934375 0.516431 2 0.915625 0.516431 2 0.94375 0.514084 2 0.904687 0.509389 2 0.960937 0.56338 2 0.895312 0.558685 2 0.971875 0.624413 2 0.876562 0.629107 1 0.976562 0.676056 2 0 0 0 0.954687 0.706572 2 0.9 0.704225 1 0.95625 0.76291 2 0 0 0 0.954687 0.856807 1 0 0 0
0 0.224914 0.328169 0.0723906 0.254836 0.225 0.260563 2 0.232812 0.248826 2 0.217187 0.248826 2 0.24375 0.253521 2 0.20625 0.255868 2 0.259375 0.312206 1 0.195312 0.319248 2 0 0 0 0 0 0 0 0 0 0 0 0 0.253125 0.431924 1 0.20625 0.436619 2 0 0 0 0 0 0 0 0 0 0 0 0
0 0.337562 0.806678 0.135281 0.316315 0.328125 0.706572 2 0.335937 0.697183 2 0.317187 0.697183 2 0.353125 0.697183 2 0.30625 0.704225 1 0.36875 0.748826 2 0.304687 0.751173 2 0.367187 0.828638 2 0.282812 0.826291 2 0.3375 0.887323 2 0.309375 0.877934 2 0.370312 0.892018 2 0.310937 0.892018 2 0.39375 0.840375 2 0.296875 0.802816 2 0.3125 0.931924 2 0.360937 0.913145 2
0 0.625242 0.465915 0.0837656 0.312347 0.623437 0.368544 2 0.632812 0.361502 2 0.615625 0.359154 2 0.640625 0.361502 2 0.604687 0.366197 2 0.653125 0.429577 2 0.59375 0.431924 2 0.6625 0.5 1 0 0 0 0 0 0 0 0 0 0.65 0.546948 2 0.6 0.546948 1 0 0 0 0 0 0 0 0 0 0 0 0
0 0.488102 0.374754 0.0828281 0.326315 0.489062 0.26291 2 0.498437 0.255868 2 0.48125 0.255868 2 0.50625 0.26291 2 0.470312 0.26291 2 0.51875 0.321596 2 0.45625 0.321596 1 0 0 0 0 0 0 0 0 0 0 0 0 0.507812 0.48122 1 0.464062 0.483568 1 0 0 0 0 0 0 0 0 0 0 0 0
0 0.579117 0.306467 0.0862656 0.246502 0.58125 0.251173 2 0.5875 0.241784 2 0.570312 0.239436 2 0.598437 0.244131 2 0.560937 0.241784 2 0.603125 0.295774 2 0.553125 0.298122 2 0 0 0 0 0 0 0 0 0 0 0 0 0.595312 0.396713 2 0.571875 0.399061 2 0 0 0 0 0 0 0 0 0 0 0 0
0 0.772813 0.342347 0.103438 0.238732 0.776562 0.265258 2 0.784375 0.258215 2 0.767187 0.258215 2 0.796875 0.265258 1 0.757812 0.269953 2 0.814062 0.326291 2 0.746875 0.319248 2 0.817187 0.40845 2 0.729687 0.389671 2 0.814062 0.469483 1 0.734375 0.460093 2 0.796875 0.457746 1 0.753125 0.457746 1 0 0 0 0 0 0 0 0 0 0 0 0
0 0.429 0.201796 0.090375 0.211479 0.426562 0.152582 2 0.429687 0.143192 2 0.41875 0.143192 2 0.439062 0.145539 2 0.409375 0.147887 2 0.460937 0.211267 2 0.403125 0.20892 2 0 0 0 0 0 0 0 0 0 0 0 0 0.460937 0.319248 1 0.407812 0.316901 1 0 0 0 0 0 0 0 0 0 0 0 0
0 0.350766 0.204495 0.0553438 0.206737 0.346875 0.173708 2 0.354687 0.164319 2 0.340625 0.164319 2 0.367187 0.161971 2 0.33125 0.161971 2 0.378125 0.237089 1 0.317187 0.234741 1 0 0 0 0 0 0 0 0 0 0 0 0 0 0 0 0 0 0 0 0 0 0 0 0 0 0 0 0 0 0
0 0.460102 0.473181 0.0857656 0.307066 0.454687 0.375586 2 0.460937 0.363849 2 0.446875 0.366197 2 0.471875 0.366197 1 0.4375 0.370892 2 0.482812 0.422535 2 0.428125 0.420187 2 0.496875 0.492957 1 0.417187 0.495305 1 0.501562 0.56338 1 0.410937 0.56338 1 0.48125 0.542253 1 0.435937 0.5446 2 0.482812 0.629107 1 0.4375 0.629107 1 0.485937 0.715962 1 0.442187 0.715962 1
0 0.370047 0.608662 0.0986875 0.323333 0.365625 0.514084 2 0.375 0.502347 2 0.357812 0.504694 2 0.3875 0.502347 2 0.348437 0.509389 2 0.403125 0.565727 2 0.340625 0.565727 2 0.409375 0.650234 2 0.326562 0.640845 2 0.3875 0.685446 2 0 0 0 0.39375 0.69014 2 0.348437 0.687793 1 0 0 0 0 0 0 0 0 0 0 0 0
0 0.499219 0.535211 0.998437 0.910798 0 0 0 0 0 0 0 0 0 0 0 0 0 0 0 0 0 0 0 0 0 0 0 0 0 0 0 0 0 0 0 0 0 0 0 0 0 0 0 0 0 0 0 0 0 0 0 0 0 0 0
