0 0.54803 0.472945 0.262154 0.557766 0 0 0 0 0 0 0 0 0 0 0 0 0 0 0 0.570928 0.421875 2 0.535901 0.346875 2 0.539404 0.479687 2 0.49387 0.29375 2 0.4676 0.459375 2 0.45359 0.229687 2 0.576182 0.490625 2 0.6007 0.44375 2 0.56042 0.6 2 0.616462 0.573437 2 0.598949 0.710937 2 0.64098 0.6875 2
0 0.162811 0.181688 0.131821 0.15075 0.176882 0.135937 2 0.185639 0.132812 2 0.176882 0.129687 2 0.201401 0.140625 2 0 0 0 0.203152 0.164062 2 0.152364 0.154687 2 0.210157 0.19375 2 0.101576 0.160937 2 0.175131 0.151562 2 0.126094 0.146875 2 0.176882 0.248437 1 0.138353 0.2375 1 0 0 0 0 0 0 0 0 0 0 0 0
0 0.478888 0.117383 0.0864623 0.145172 0.469352 0.075 2 0.474605 0.071875 2 0.464098 0.070312 2 0.490367 0.076562 2 0.457092 0.070312 2 0.495621 0.104687 2 0.444833 0.103125 1 0.511383 0.1375 2 0.416812 0.15625 1 0.50788 0.173437 2 0.443082 0.16875 1 0.486865 0.176562 1 0.44133 0.175 1 0 0 0 0 0 0 0 0 0 0 0 0
0 0.73669 0.0862031 0.0871454 0.172406 0.732049 0.03125 2 0.739054 0.023437 2 0.728546 0.023437 2 0.751313 0.025 2 0 0 0 0.767075 0.057812 2 0.705779 0.054687 2 0.765323 0.096875 2 0.70753 0.096875 2 0.746059 0.120312 2 0.725043 0.121875 2 0.749562 0.120312 1 0.721541 0.120312 2 0 0 0 0.712784 0.132812 1 0 0 0 0 0 0
0 0.8612 0.242922 0.0894396 0.0768125 0.847635 0.23125 2 0.856392 0.226562 2 0.847635 0.226562 2 0.868651 0.232812 1 0.838879 0.232812 1 0.889667 0.259375 2 0.828371 0.259375 2 0.901926 0.307812 1 0.823117 0.304687 1 0 0 0 0 0 0 0 0 0 0 0 0 0 0 0 0 0 0 0 0 0 0 0 0
0 0.759475 0.229102 0.106095 0.0972344 0.746059 0.210937 2 0.754816 0.20625 2 0.744308 0.20625 2 0.77408 0.210937 2 0 0 0 0.793345 0.246875 2 0.714535 0.242187 2 0 0 0 0 0 0 0 0 0 0 0 0 0 0 0 0 0 0 0 0 0 0 0 0 0 0 0 0 0 0
0 0.649956 0.218844 0.104151 0.107594 0.637478 0.19375 2 0.647985 0.189062 2 0.632224 0.189062 2 0.654991 0.189062 2 0.628721 0.189062 2 0.674255 0.228125 2 0.612959 0.23125 2 0.697022 0.259375 2 0.604203 0.28125 1 0.684763 0.290625 1 0 0 0 0.66725 0.298437 1 0.621716 0.296875 1 0 0 0 0 0 0 0 0 0 0 0 0
0 0.552583 0.191758 0.100193 0.128703 0.528896 0.160937 2 0.535901 0.157812 2 0.528896 0.15625 2 0.555166 0.1625 2 0 0 0 0.577933 0.184375 2 0.521891 0.1875 2 0.584938 0.229687 2 0.52014 0.232812 2 0 0 0 0 0 0 0.570928 0.254687 1 0.530647 0.253125 1 0 0 0 0 0 0 0 0 0 0 0 0
0 0.460972 0.181852 0.113222 0.137703 0.448336 0.139062 2 0.455341 0.135937 2 0.444833 0.134375 2 0.469352 0.139062 2 0 0 0 0.490367 0.176562 2 0.423817 0.173437 2 0.502626 0.220312 2 0.416812 0.225 2 0.469352 0.242187 1 0.443082 0.251562 1 0.476357 0.253125 1 0.432574 0.25 1 0 0 0 0 0 0 0 0 0 0 0 0
0 0.351016 0.186898 0.109282 0.161359 0.330998 0.135937 2 0.339754 0.13125 2 0.329246 0.129687 2 0.36077 0.134375 2 0 0 0 0.38704 0.160937 2 0.32049 0.160937 2 0.392294 0.2 2 0.313485 0.189062 2 0.338003 0.2 2 0.359019 0.16875 2 0.371278 0.235937 2 0.322241 0.234375 2 0 0 0 0 0 0 0 0 0 0 0 0
0 0.0454116 0.175719 0.0908231 0.125406 0.035026 0.15 2 0.042031 0.146875 2 0.029772 0.146875 2 0.057793 0.146875 2 0 0 0 0.073555 0.173437 2 0.021015 0.171875 2 0.082311 0.21875 2 0.007005 0.210937 2 0.05429 0.226562 2 0.019264 0.228125 2 0.057793 0.24375 1 0.028021 0.242187 1 0 0 0 0 0 0 0 0 0 0 0 0
0 0.559886 0.124844 0.0946235 0.162469 0.548161 0.085937 2 0.555166 0.078125 2 0.544658 0.076562 2 0.565674 0.08125 2 0.539404 0.076562 2 0.584938 0.10625 2 0.523642 0.104687 2 0.595446 0.157812 2 0 0 0 0 0 0 0 0 0 0.569176 0.175 1 0.544658 0.173437 1 0 0 0 0 0 0 0 0 0 0 0 0
0 0.24845 0.189961 0.103065 0.154547 0.274956 0.140625 2 0 0 0 0.269702 0.1375 2 0 0 0 0.248686 0.139062 2 0.287215 0.176562 2 0.224168 0.178125 2 0.285464 0.229687 2 0.217162 0.226562 2 0.28021 0.21875 2 0 0 0 0.26795 0.246875 2 0.229422 0.246875 2 0 0 0 0 0 0 0 0 0 0 0 0
0 0.564799 0.134375 0.723292 0.26875 0 0 0 0 0 0 0 0 0 0 0 0 0 0 0 0 0 0 0 0 0 0 0 0 0 0 0 0 0 0 0 0 0 0 0 0 0 0 0 0 0 0 0 0 0 0 0 0 0 0 0
