0 0.257195 0.731137 0.143953 0.496599 0.251562 0.547297 2 0.257812 0.536036 2 0.245312 0.536036 2 0.271875 0.551801 2 0.232812 0.547297 2 0.298437 0.612612 2 0.204687 0.61036 2 0.303125 0.713963 2 0.195312 0.702702 2 0.265625 0.72072 2 0.201562 0.709459 2 0.275 0.779279 2 0.220312 0.777027 2 0.275 0.954954 2 0.214062 0.954954 2 0.304687 0.925675 2 0.246875 0.916666 2
0 0.380492 0.737083 0.140109 0.494392 0.385937 0.542792 2 0.39375 0.531531 2 0.378125 0.533783 2 0.407812 0.545045 2 0.367187 0.54054 2 0.425 0.617117 2 0.348437 0.61036 2 0.4375 0.711711 2 0.321875 0.70045 2 0.409375 0.727477 2 0.34375 0.722972 2 0.414062 0.783783 2 0.354687 0.781531 2 0.415625 0.968468 2 0.353125 0.966216 2 0.428125 0.932432 2 0.384375 0.927927 1
0 0.511258 0.746565 0.135859 0.506869 0.517187 0.551801 2 0.525 0.538288 2 0.509375 0.54054 2 0.5375 0.549549 2 0.498437 0.551801 2 0.560937 0.632882 2 0.476562 0.617117 2 0.567187 0.727477 2 0.45625 0.713963 2 0.546875 0.72072 2 0.484375 0.727477 2 0.535937 0.813063 2 0.489062 0.813063 2 0.529687 0.975225 2 0.5 0.975225 2 0.534375 0.959459 2 0.476562 0.948198 2
0 0.644039 0.757264 0.136703 0.485473 0.640625 0.574324 2 0.65 0.567567 2 0.63125 0.567567 2 0.660937 0.572072 2 0.620312 0.572072 2 0.676562 0.646396 2 0.6 0.648648 2 0.70625 0.747747 2 0.584375 0.754504 2 0.682812 0.729729 2 0.620312 0.734234 2 0.671875 0.81081 2 0.610937 0.806306 2 0.659375 0.988738 2 0.596875 0.986486 2 0.675 0.961711 2 0.63125 0.957207 2
0 0.770469 0.756599 0.137031 0.48518 0.771875 0.578828 2 0.779687 0.565315 2 0.7625 0.567567 2 0.792187 0.572072 2 0.748437 0.572072 2 0.804687 0.646396 2 0.735937 0.648648 2 0.832812 0.74099 2 0.709375 0.745495 1 0.796875 0.743243 2 0.734375 0.738738 2 0.801562 0.81081 2 0.740625 0.806306 2 0.785937 0.984234 2 0.746875 0.986486 2 0 0 0 0 0 0
0 0.758227 0.51473 0.116859 0.34455 0.746875 0.403153 2 0.75625 0.394144 2 0.740625 0.396396 2 0.770312 0.4009 2 0 0 0 0.798437 0.472972 2 0.71875 0.475225 2 0.803125 0.578828 2 0.704687 0.565315 2 0.745312 0.617117 1 0.740625 0.621621 1 0.782812 0.637387 1 0.73125 0.639639 1 0 0 0 0 0 0 0 0 0 0 0 0
0 0.643445 0.487872 0.119016 0.304482 0.64375 0.405405 2 0.65 0.398648 2 0.635937 0.398648 2 0.664062 0.403153 2 0.623437 0.405405 2 0.68125 0.475225 2 0.6 0.475225 2 0.690625 0.56081 2 0.59375 0.551801 2 0.670312 0.635135 1 0.623437 0.605855 1 0.665625 0.637387 1 0.609375 0.637387 1 0 0 0 0 0 0 0 0 0 0 0 0
0 0.413914 0.49214 0.113797 0.337072 0.421875 0.38063 2 0.43125 0.371621 2 0.414062 0.371621 2 0.440625 0.378378 2 0.403125 0.376126 2 0.45625 0.463963 2 0.378125 0.452702 2 0.4625 0.551801 2 0.3625 0.529279 1 0.4125 0.529279 1 0 0 0 0.432812 0.59009 2 0.389062 0.585585 1 0.432812 0.759009 1 0 0 0 0 0 0 0 0 0
0 0.307992 0.504381 0.101672 0.326914 0.3125 0.389639 2 0.320312 0.382882 2 0.30625 0.382882 2 0 0 0 0 0 0 0.346875 0.459459 2 0.26875 0.459459 2 0.359375 0.554054 1 0 0 0 0.315625 0.576576 2 0 0 0 0.33125 0.605855 2 0.285937 0.601351 1 0.320312 0.768018 1 0.285937 0.765765 1 0 0 0 0 0 0
0 0.190125 0.650056 0.121438 0.618401 0.223437 0.396396 2 0.228125 0.382882 2 0.215625 0.385135 2 0.240625 0.394144 2 0.20625 0.396396 2 0.245312 0.468468 2 0.185937 0.454954 2 0 0 0 0.140625 0.531531 2 0 0 0 0.165625 0.592342 2 0.235937 0.628378 1 0.196875 0.621621 2 0 0 0 0.196875 0.765765 2 0 0 0 0.178125 0.887387 2
0 0.530156 0.448243 0.126188 0.306667 0.53125 0.351351 2 0.539062 0.34009 2 0.523437 0.337837 2 0.553125 0.353603 2 0.510937 0.349099 2 0.571875 0.427927 2 0.492187 0.423423 2 0.578125 0.518018 2 0.471875 0.502252 2 0.560937 0.587837 1 0.501562 0.567567 1 0.553125 0.637387 1 0.492187 0.635135 1 0 0 0 0 0 0 0 0 0 0 0 0
