0 0.658031 0.751005 0.403807 0.33152 0 0 0 0 0 0 0 0 0 0 0 0 0 0 0 0.589869 0.781045 2 0.707516 0.807189 2 0.477124 0.789215 2 0.821895 0.87745 2 0.571895 0.849673 2 0.714052 0.892156 2 0.622549 0.73366 2 0.72549 0.75 2 0.576797 0.584967 1 0.812091 0.70915 2 0.576797 0.743464 2 0.718954 0.740196 2
0 0.275147 0.743979 0.473627 0.232598 0 0 0 0 0 0 0 0 0 0 0 0 0 0 0 0.364379 0.830065 2 0.482026 0.785947 1 0.333333 0.679738 2 0.45915 0.656862 2 0.415032 0.720588 2 0.493464 0.683006 2 0.238562 0.769607 2 0.297385 0.738562 2 0.153594 0.642156 2 0.171568 0.745098 2 0.063725 0.771241 2 0.076797 0.740196 2
0 0.92777 0.550907 0.0634477 0.108611 0 0 0 0 0 0 0 0 0 0 0 0 0 0 0 0 0 0 0 0 0 0 0 0 0 0 0 0 0 0 0 0 0 0 0 0 0 0 0 0 0 0 0 0 0 0 0 0 0 0 0
0 0.941479 0.442786 0.023219 0.0197876 0 0 0 0 0 0 0 0 0 0 0 0 0 0 0 0 0 0 0 0 0 0 0 0 0 0 0 0 0 0 0 0 0 0 0 0 0 0 0 0 0 0 0 0 0 0 0 0 0 0 0
0 0.223873 0.568284 0.051634 0.109706 0 0 0 0 0 0 0 0 0 0 0 0 0 0 0 0 0 0 0 0 0 0 0 0 0 0 0 0 0 0 0 0 0 0 0 0 0 0 0 0.214052 0.558823 2 0.232026 0.560457 2 0.207516 0.616013 2 0.228758 0.619281 1
0 0.904828 0.423374 0.00864379 0.0183497 0 0 0 0 0 0 0 0 0 0 0 0 0 0 0 0 0 0 0 0 0 0 0 0 0 0 0 0 0 0 0 0 0 0 0 0 0 0 0 0 0 0 0 0 0 0 0 0 0 0 0
0 0.887304 0.430065 0.0195752 0.0162418 0 0 0 0 0 0 0 0 0 0 0 0 0 0 0 0 0 0 0 0 0 0 0 0 0 0 0 0 0 0 0 0 0 0 0 0 0 0 0 0 0 0 0 0 0 0 0 0 0 0 0
0 0.893268 0.461634 0.0216667 0.0633333 0 0 0 0 0 0 0 0 0 0 0 0 0 0 0 0 0 0 0 0 0 0 0 0 0 0 0 0 0 0 0 0 0 0 0 0 0 0 0 0 0 0 0 0 0 0 0 0 0 0 0
0 0.122337 0.47683 0.123072 0.353562 0.14379 0.341503 2 0 0 0 0.133986 0.338235 2 0 0 0 0.114379 0.344771 2 0.137254 0.372549 2 0.099673 0.390522 2 0.169934 0.361111 2 0.111111 0.447712 2 0.183006 0.39379 1 0.132352 0.488562 2 0.14379 0.455882 1 0.107843 0.455882 2 0.14379 0.553921 2 0.098039 0.539215 2 0.142156 0.640522 1 0.073529 0.622549 2
0 0.853897 0.438799 0.013317 0.0214216 0 0 0 0 0 0 0 0 0 0 0 0 0 0 0 0 0 0 0 0 0 0 0 0 0 0 0 0 0 0 0 0 0 0 0 0 0 0 0 0 0 0 0 0 0 0 0 0 0 0 0
