0 0.399375 0.489417 0.0853437 0.190375 0 0 0 0 0 0 0 0 0 0 0 0 0.407812 0.422916 2 0.38125 0.45 2 0.4125 0.447916 2 0.3625 0.45 2 0.435937 0.44375 2 0.36875 0.408333 2 0.428125 0.410416 2 0.385937 0.525 2 0.4125 0.522916 2 0 0 0 0 0 0 0 0 0 0 0 0
0 0.391508 0.652771 0.103641 0.234917 0 0 0 0 0 0 0.421875 0.577083 2 0 0 0 0.414062 0.577083 2 0.365625 0.604166 2 0.420312 0.614583 2 0 0 0 0.4375 0.645833 2 0 0 0 0 0 0 0.357812 0.720833 2 0.396875 0.722916 2 0.3875 0.65625 2 0.429687 0.660416 2 0.364062 0.745833 2 0.414062 0.752083 2
0 0.495359 0.540771 0.0728437 0.309625 0.503125 0.43125 2 0.50625 0.425 2 0.498437 0.425 2 0 0 0 0.492187 0.416666 2 0.51875 0.441666 2 0.475 0.4375 2 0.520312 0.49375 2 0.473437 0.477083 2 0.490625 0.5 2 0.496875 0.485416 2 0.507812 0.516666 2 0.4875 0.514583 2 0.50625 0.604166 2 0.473437 0.595833 2 0.498437 0.660416 2 0.465625 0.670833 2
0 0.151898 0.524177 0.0622656 0.0894375 0.167187 0.512499 2 0 0 0 0.165625 0.508333 2 0 0 0 0.151562 0.504166 2 0.164062 0.522916 2 0.132812 0.522916 2 0.164062 0.554166 2 0.129687 0.560416 2 0 0 0 0.15625 0.55625 2 0 0 0 0 0 0 0 0 0 0 0 0 0 0 0 0 0 0
0 0.301305 0.475156 0.0623594 0.122271 0.3125 0.435416 2 0.314062 0.433333 2 0.309375 0.43125 2 0 0 0 0.303125 0.427083 2 0.314062 0.445833 2 0.290625 0.441666 2 0.31875 0.466666 2 0.28125 0.460416 2 0.326562 0.485416 2 0.278125 0.48125 2 0.307812 0.48125 2 0.29375 0.479166 2 0.309375 0.514583 2 0.29375 0.516666 2 0 0 0 0 0 0
0 0.641422 0.539094 0.0659375 0.222646 0.629687 0.466666 2 0.632812 0.4625 2 0.626562 0.4625 2 0.642187 0.460416 2 0 0 0 0.65 0.483333 2 0.621875 0.483333 2 0.66875 0.527083 2 0.6125 0.51875 2 0.648437 0.527083 2 0.621875 0.525 2 0.645312 0.54375 2 0.626562 0.541666 2 0.645312 0.595833 2 0.626562 0.595833 2 0 0 0 0 0 0
0 0.269867 0.463156 0.0247656 0.0947708 0 0 0 0 0 0 0 0 0 0 0 0 0 0 0 0 0 0 0 0 0 0 0 0 0 0 0 0 0 0 0 0 0 0 0 0 0 0 0 0 0 0 0 0 0 0 0 0 0 0 0
0 0.65068 0.782177 0.154078 0.274771 0 0 0 0 0 0 0 0 0 0.640625 0.695833 2 0 0 0 0.679687 0.7375 2 0.65 0.7125 2 0.673437 0.810416 2 0.63125 0.760416 2 0.642187 0.86875 2 0.589062 0.78125 2 0.704687 0.860416 2 0.676562 0.841666 2 0.66875 0.808333 2 0 0 0 0 0 0 0 0 0
0 0.964609 0.452146 0.0333437 0.0512917 0 0 0 0 0 0 0 0 0 0 0 0 0 0 0 0 0 0 0 0 0 0 0 0 0 0 0 0 0 0 0 0 0 0 0 0 0 0 0 0 0 0 0 0 0 0 0 0 0 0 0
0 0.552797 0.490062 0.0408125 0.154083 0 0 0 0 0 0 0 0 0 0.545312 0.420833 2 0.55625 0.420833 2 0.539062 0.4375 2 0.560937 0.4375 2 0.534375 0.4625 2 0.567187 0.458333 2 0 0 0 0 0 0 0.542187 0.485416 2 0.554687 0.483333 2 0.542187 0.510416 2 0.542187 0.512499 2 0.542187 0.535416 2 0.55 0.558333 2
0 0.836672 0.757198 0.207437 0.277729 0.857812 0.660416 2 0.867187 0.654166 2 0.853125 0.652083 2 0.884375 0.6625 2 0 0 0 0.892187 0.720833 2 0.859375 0.697916 2 0.834375 0.754166 2 0.810937 0.729166 2 0.848437 0.691666 2 0.760937 0.754166 2 0.921875 0.8375 2 0.890625 0.820833 2 0.853125 0.779166 2 0.83125 0.75 2 0.890625 0.8625 2 0.873437 0.829166 2
0 0.798625 0.667188 0.094 0.144083 0 0 0 0 0 0 0 0 0 0.807812 0.627083 2 0 0 0 0.821875 0.65625 2 0.815625 0.645833 2 0.792187 0.670833 2 0.79375 0.65 2 0.7625 0.672916 2 0.771875 0.66875 2 0.814062 0.73125 1 0.809375 0.7125 2 0.770312 0.6875 2 0 0 0 0.789062 0.754166 1 0 0 0
0 0.772313 0.628927 0.05775 0.0893125 0 0 0 0 0 0 0 0 0 0 0 0 0 0 0 0 0 0 0 0 0 0 0 0 0 0 0 0 0 0 0 0 0 0 0 0 0 0 0 0 0 0 0 0 0 0 0 0 0 0 0
0 0.515625 0.597917 0.88125 0.420833 0 0 0 0 0 0 0 0 0 0 0 0 0 0 0 0 0 0 0 0 0 0 0 0 0 0 0 0 0 0 0 0 0 0 0 0 0 0 0 0 0 0 0 0 0 0 0 0 0 0 0
