0 0.291336 0.531729 0.0305156 0.138167 0 0 0 0 0 0 0 0 0 0 0 0 0 0 0 0 0 0 0 0 0 0 0 0 0 0 0 0 0 0 0 0 0 0 0 0 0 0 0 0 0 0 0 0 0 0 0 0 0 0 0
0 0.396273 0.522156 0.0326094 0.161021 0 0 0 0 0 0 0 0 0 0 0 0 0 0 0 0 0 0 0 0 0 0 0 0 0 0 0 0 0 0 0 0 0 0 0 0 0 0 0 0 0 0 0 0 0 0 0 0 0 0 0
0 0.491797 0.557937 0.0435625 0.1665 0 0 0 0 0 0 0 0 0 0 0 0 0 0 0 0.478125 0.512499 2 0.49375 0.512499 2 0.473437 0.535416 2 0.501562 0.529166 2 0 0 0 0.504687 0.539583 2 0.482812 0.5625 2 0.496875 0.5625 2 0.484375 0.59375 2 0.5 0.595833 2 0.484375 0.633333 2 0.5 0.635416 2
0 0.536336 0.507115 0.0503281 0.0617708 0 0 0 0 0 0 0 0 0 0 0 0 0 0 0 0 0 0 0 0 0 0 0 0 0 0 0 0 0 0 0 0 0 0 0 0 0 0 0 0 0 0 0 0 0 0 0 0 0 0 0
0 0.655828 0.605365 0.07025 0.130104 0.632812 0.564583 1 0.632812 0.560416 2 0 0 0 0.634375 0.560416 2 0 0 0 0.657812 0.5625 2 0.639062 0.564583 2 0.665625 0.591666 2 0.64375 0.589583 2 0.654687 0.61875 2 0.645312 0.6125 2 0.68125 0.566666 2 0.665625 0.570833 2 0.675 0.6125 2 0.66875 0.6125 2 0.673437 0.65625 2 0.66875 0.654166 1
0 0.67625 0.506646 0.0367813 0.0922917 0 0 0 0 0 0 0 0 0 0 0 0 0 0 0 0 0 0 0 0 0 0 0 0 0 0 0 0 0 0 0 0 0 0 0 0 0 0 0 0 0 0 0 0 0 0 0 0 0 0 0
0 0.735867 0.545854 0.0390156 0.145833 0.71875 0.49375 1 0.71875 0.489583 1 0 0 0 0.721875 0.489583 2 0 0 0 0.726562 0.516666 2 0.740625 0.50625 2 0.725 0.552083 2 0 0 0 0.720312 0.572916 2 0 0 0 0.734375 0.577083 2 0.745312 0.56875 2 0 0 0 0 0 0 0 0 0 0 0 0
0 0.819961 0.554688 0.0322969 0.17475 0 0 0 0 0 0 0 0 0 0 0 0 0 0 0 0 0 0 0 0 0 0 0 0 0 0 0 0 0 0 0 0 0 0 0 0 0 0 0 0 0 0 0 0 0 0 0 0 0 0 0
0 0.837594 0.54276 0.0230312 0.146812 0 0 0 0 0 0 0 0 0 0 0 0 0 0 0 0 0 0 0 0 0 0 0 0 0 0 0 0 0 0 0 0 0 0 0 0 0 0 0 0 0 0 0 0 0 0 0 0 0 0 0
0 0.629039 0.53349 0.0452344 0.177313 0.620312 0.466666 2 0.620312 0.464583 2 0 0 0 0.626562 0.460416 2 0 0 0 0.63125 0.483333 2 0.640625 0.477083 2 0.628125 0.522916 2 0.626562 0.512499 2 0.625 0.54375 1 0.617187 0.529166 2 0.629687 0.547916 1 0.640625 0.547916 1 0.621875 0.5875 2 0.635937 0.589583 2 0.620312 0.625 1 0.635937 0.620833 1
0 0.501812 0.49124 0.0226875 0.0483958 0 0 0 0 0 0 0 0 0 0 0 0 0 0 0 0 0 0 0 0 0 0 0 0 0 0 0 0 0 0 0 0 0 0 0 0 0 0 0 0 0 0 0 0 0 0 0 0 0 0 0
