0 0.325984 0.769312 0.0934062 0.455625 0.351562 0.59375 2 0.354687 0.583333 2 0.34375 0.583333 2 0 0 0 0.326562 0.585416 2 0.329687 0.61875 2 0.310937 0.616666 2 0 0 0 0.348437 0.670833 2 0 0 0 0.35625 0.622916 2 0.31875 0.754166 2 0.307812 0.758333 2 0.304687 0.86875 2 0.31875 0.872916 2 0.264062 0.960416 1 0.314062 0.985416 2
0 0.437031 0.743937 0.0837187 0.352917 0.417187 0.604166 2 0.423437 0.597916 2 0 0 0 0.4375 0.602083 2 0 0 0 0.446875 0.635416 2 0.4125 0.633333 2 0.457812 0.677083 2 0 0 0 0.423437 0.654166 2 0 0 0 0.445312 0.722916 2 0.410937 0.71875 2 0.415625 0.810416 2 0.421875 0.804166 2 0.415625 0.897916 2 0.451562 0.847916 2
0 0.49282 0.639521 0.0418594 0.148458 0 0 0 0 0 0 0 0 0 0 0 0 0 0 0 0 0 0 0 0 0 0 0 0 0 0 0 0 0 0 0 0 0 0 0 0 0 0 0 0 0 0 0 0 0 0 0 0 0 0 0
0 0.653172 0.653802 0.0433438 0.148312 0 0 0 0 0 0 0 0 0 0 0 0 0 0 0 0 0 0 0 0 0 0 0 0 0 0 0 0 0 0 0 0 0 0 0 0 0 0 0 0 0 0 0 0 0 0 0 0 0 0 0
0 0.738297 0.693427 0.070625 0.248562 0 0 0 0 0 0 0 0 0 0 0 0 0 0 0 0.714062 0.616666 2 0.748437 0.61875 2 0 0 0 0 0 0 0 0 0 0 0 0 0.71875 0.685416 2 0.742187 0.6875 2 0.721875 0.741666 2 0.745312 0.739583 2 0.723437 0.789583 2 0.75 0.795833 2
0 0.857023 0.720021 0.0724844 0.285 0 0 0 0 0 0 0 0 0 0 0 0 0 0 0 0.8625 0.635416 2 0.84375 0.639583 2 0 0 0 0 0 0 0 0 0 0 0 0 0.8625 0.7125 2 0.85 0.710416 2 0.871875 0.779166 2 0.839062 0.772916 2 0.876562 0.833333 2 0.878125 0.777083 2
0 0.551695 0.652396 0.0337031 0.194875 0 0 0 0 0 0 0 0 0 0 0 0 0 0 0 0 0 0 0 0 0 0 0 0 0 0 0 0 0 0 0 0 0 0 0 0 0 0 0 0 0 0 0 0 0 0 0 0 0 0 0
0 0.0501719 0.721479 0.0972187 0.323125 0.059375 0.591666 2 0.064062 0.5875 2 0.054687 0.589583 2 0 0 0 0.042187 0.589583 2 0.076562 0.622916 2 0.020312 0.620833 2 0.089062 0.672916 2 0 0.658333 1 0.084375 0.710416 2 0.028125 0.670833 2 0.059375 0.735416 2 0.029687 0.733333 2 0.064062 0.789583 2 0.029687 0.795833 2 0.065625 0.847916 2 0.029687 0.858333 2
0 0.374883 0.700292 0.0708281 0.30475 0.375 0.577083 2 0.378125 0.572916 2 0.371875 0.572916 2 0.389062 0.575 2 0 0 0 0.398437 0.614583 2 0.35625 0.610416 1 0 0 0 0 0 0 0 0 0 0 0 0 0.389062 0.7 2 0.3625 0.697916 2 0.395312 0.766666 2 0.35625 0.758333 1 0.398437 0.825 2 0.348437 0.814583 2
0 0.195203 0.736437 0.0823125 0.338375 0.1875 0.602083 1 0.19375 0.597916 2 0 0 0 0.20625 0.602083 2 0 0 0 0.223437 0.65 2 0.190625 0.63125 2 0.196875 0.695833 2 0.160937 0.66875 2 0.164062 0.7 2 0.171875 0.660416 2 0.207812 0.73125 2 0.192187 0.71875 2 0.203125 0.804166 2 0.185937 0.8 2 0.201562 0.883333 2 0.192187 0.875 2
0 0.0897578 0.61875 0.0484219 0.119708 0 0 0 0 0 0 0 0 0 0 0 0 0 0 0 0 0 0 0 0 0 0 0 0 0 0 0 0 0 0 0 0 0 0 0 0 0 0 0 0 0 0 0 0 0 0 0 0 0 0 0
0 0.621141 0.765208 0.107656 0.415833 0 0 0 0 0 0 0 0 0 0 0 0 0 0 0 0.590625 0.63125 2 0.617187 0.635416 2 0 0 0 0.642187 0.710416 2 0 0 0 0.65 0.770833 2 0.6125 0.770833 2 0.623437 0.772916 2 0.609375 0.860416 2 0.623437 0.864583 2 0.579687 0.908333 2 0.61875 0.945833 2
0 0.571414 0.700917 0.0342656 0.261 0 0 0 0 0 0 0 0 0 0 0 0 0 0 0 0.553125 0.625 1 0.590625 0.61875 1 0.542187 0.65625 1 0 0 0 0 0 0 0 0 0 0.564062 0.691666 2 0.584375 0.691666 1 0.567187 0.739583 2 0 0 0 0.567187 0.80625 2 0 0 0
0 0.5 0.7625 0.996875 0.470833 0 0 0 0 0 0 0 0 0 0 0 0 0 0 0 0 0 0 0 0 0 0 0 0 0 0 0 0 0 0 0 0 0 0 0 0 0 0 0 0 0 0 0 0 0 0 0 0 0 0 0
