0 0.321078 0.317066 0.309875 0.575258 0.3875 0.150234 2 0.398437 0.140845 2 0.382812 0.133802 2 0 0 0 0 0 0 0.370312 0.096244 2 0.289062 0.098591 2 0.407812 0.110328 2 0.209375 0.084507 2 0.440625 0.140845 2 0.178125 0.166666 2 0.303125 0.258215 2 0.240625 0.246478 2 0.365625 0.359154 2 0.3 0.312206 2 0.240625 0.47183 2 0.259375 0.551643 2
0 0.595039 0.501197 0.0542656 0.32061 0 0 0 0.590625 0.363849 2 0 0 0 0.598437 0.368544 2 0 0 0 0.609375 0.406103 2 0.59375 0.403755 2 0.6125 0.455399 2 0.573437 0.40845 2 0.609375 0.495305 2 0.5875 0.384976 2 0.601562 0.5 2 0.592187 0.5 2 0.610937 0.572769 2 0.601562 0.577464 2 0.617187 0.643192 2 0.604687 0.63615 2
0 0.635062 0.511279 0.0515625 0.30392 0.626562 0.384976 2 0.63125 0.382629 2 0 0 0 0.639062 0.384976 2 0 0 0 0.646875 0.41784 2 0.629687 0.424882 2 0.654687 0.464788 2 0.626562 0.47183 2 0.65 0.507042 2 0.617187 0.5 2 0.642187 0.502347 2 0.628125 0.504694 2 0.626562 0.575117 2 0.639062 0.579812 2 0.632812 0.643192 2 0.646875 0.645539 2
0 0.725297 0.508732 0.0714687 0.310657 0.707812 0.380281 2 0.709375 0.375586 2 0 0 0 0.71875 0.375586 2 0 0 0 0.703125 0.415492 2 0.739062 0.410798 2 0.698437 0.455399 2 0.754687 0.446009 2 0.696875 0.495305 2 0 0 0 0.707812 0.495305 2 0.732812 0.488262 1 0.707812 0.570422 2 0.740625 0.568075 2 0.707812 0.633802 2 0.742187 0.633802 2
0 0.815203 0.511244 0.110688 0.433709 0.815625 0.333333 2 0.821875 0.328638 2 0.8125 0.328638 2 0.835937 0.333333 2 0 0 0 0.846875 0.377934 2 0.807812 0.380281 2 0.842187 0.40845 2 0.79375 0.443661 2 0.832812 0.361502 2 0.775 0.49061 2 0.826562 0.497652 2 0.798437 0.495305 2 0.829687 0.603286 2 0.810937 0.605633 2 0.85625 0.661971 2 0.817187 0.692488 2
0 0.214164 0.511984 0.0745156 0.31162 0.215625 0.380281 2 0.217187 0.377934 2 0 0 0 0.223437 0.380281 2 0 0 0 0.221875 0.415492 2 0.24375 0.41784 2 0.221875 0.462441 1 0 0 0 0.217187 0.497652 1 0 0 0 0.220312 0.504694 1 0.239062 0.511737 1 0.209375 0.565727 2 0.240625 0.570422 1 0.196875 0.631455 2 0.239062 0.631455 2
0 0.373437 0.474155 0.0304687 0.0713146 0 0 0 0 0 0 0 0 0 0 0 0 0 0 0 0 0 0 0 0 0 0 0 0 0 0 0 0 0 0 0 0 0 0 0 0 0 0 0 0 0 0 0 0 0 0 0 0 0 0 0
0 0.300797 0.543932 0.0622812 0.218333 0 0 0 0 0 0 0 0 0 0 0 0 0 0 0 0 0 0 0 0 0 0.321875 0.450704 2 0 0 0 0.326562 0.49061 2 0 0 0 0.30625 0.49061 2 0.284375 0.495305 1 0.326562 0.568075 2 0.290625 0.568075 2 0.31875 0.629107 1 0.279687 0.624413 2
0 0.411633 0.472054 0.0262969 0.0942019 0 0 0 0 0 0 0 0 0 0 0 0 0 0 0 0 0 0 0 0 0 0 0 0 0 0 0 0 0 0 0 0 0 0 0 0 0 0 0 0 0 0 0 0 0 0 0 0 0 0 0
0 0.040625 0.508592 0.050375 0.317653 0.032812 0.380281 2 0.0375 0.373239 2 0 0 0 0.048437 0.373239 2 0 0 0 0.051562 0.406103 2 0.046875 0.40845 2 0.053125 0.455399 2 0.04375 0.455399 2 0.029687 0.48122 2 0.029687 0.469483 2 0.04375 0.495305 2 0.039062 0.49061 2 0.039062 0.568075 2 0.045312 0.568075 2 0.053125 0.640845 2 0.051562 0.640845 2
