0 0.363867 0.861643 0.0167031 0.0238967 0 0 0 0 0 0 0 0 0 0 0 0 0 0 0 0 0 0 0 0 0 0 0 0 0 0 0 0 0 0 0 0 0 0 0 0 0 0 0 0 0 0 0 0 0 0 0 0 0 0 0
0 0.365617 0.261585 0.0710469 0.134531 0 0 0 0 0 0 0 0 0 0 0 0 0 0 0 0.378125 0.319248 2 0.3875 0.309859 2 0.371875 0.302816 2 0 0 0 0.384375 0.284037 2 0 0 0 0.364062 0.286384 2 0.353125 0.288732 2 0.375 0.255868 2 0.365625 0.251173 2 0.360937 0.218309 2 0.346875 0.230046 2
0 0.465469 0.846115 0.0417812 0.0772535 0 0 0 0 0 0 0 0 0 0 0 0 0 0 0 0 0 0 0 0 0 0 0 0 0 0 0 0 0 0 0 0 0 0 0 0 0 0 0 0 0 0 0 0 0 0 0 0 0 0 0
0 0.571195 0.859918 0.0262656 0.0423709 0 0 0 0 0 0 0 0 0 0 0 0 0 0 0 0 0 0 0 0 0 0 0 0 0 0 0 0 0 0 0 0 0 0 0 0 0 0 0 0 0 0 0 0 0 0 0 0 0 0 0
0 0.491562 0.848826 0.0391562 0.075446 0 0 0 0 0 0 0 0 0 0 0 0 0 0 0 0 0 0 0 0 0 0 0 0 0 0 0 0 0 0 0 0 0 0 0 0 0 0 0 0 0 0 0 0 0 0 0 0 0 0 0
0 0.665125 0.844108 0.0220938 0.0430047 0 0 0 0 0 0 0 0 0 0 0 0 0 0 0 0 0 0 0 0 0 0 0 0 0 0 0 0 0 0 0 0 0 0 0 0 0 0 0 0 0 0 0 0 0 0 0 0 0 0 0
0 0.561836 0.377723 0.0959531 0.119671 0 0 0 0 0 0 0 0 0 0 0 0 0 0 0 0.5875 0.40845 2 0.55 0.415492 1 0.604687 0.406103 2 0.534375 0.406103 1 0.589062 0.396713 2 0.526562 0.396713 1 0.573437 0.35446 2 0.548437 0.352112 2 0 0 0 0.53125 0.389671 2 0 0 0 0.525 0.338028 2
0 0.355758 0.96007 0.0481094 0.0787324 0 0 0 0 0 0 0 0 0 0 0 0 0 0 0 0 0 0 0 0 0 0 0 0 0 0 0 0 0 0 0 0 0 0 0 0 0 0 0 0 0 0 0 0 0 0 0 0 0 0 0
0 0.334508 0.933791 0.0410781 0.0584742 0 0 0 0 0 0 0 0 0 0 0 0 0 0 0 0 0 0 0 0 0 0 0 0 0 0 0 0 0 0 0 0 0 0 0 0 0 0 0 0 0 0 0 0 0 0 0 0 0 0 0
0 0.216023 0.823873 0.0394219 0.07 0 0 0 0 0 0 0 0 0 0 0 0 0 0 0 0 0 0 0 0 0 0 0 0 0 0 0 0 0 0 0 0 0 0 0 0 0 0 0 0 0 0 0 0 0 0 0 0 0 0 0
0 0.343133 0.946866 0.0390469 0.0592254 0 0 0 0 0 0 0 0 0 0 0 0 0 0 0 0 0 0 0 0 0 0 0 0 0 0 0 0 0 0 0 0 0 0 0 0 0 0 0 0 0 0 0 0 0 0 0 0 0 0 0
0 0.319562 0.916232 0.037125 0.0608685 0 0 0 0 0 0 0 0 0 0 0 0 0 0 0 0 0 0 0 0 0 0 0 0 0 0 0 0 0 0 0 0 0 0 0 0 0 0 0 0 0 0 0 0 0 0 0 0 0 0 0
0 0.296172 0.904742 0.0321562 0.0483099 0 0 0 0 0 0 0 0 0 0 0 0 0 0 0 0 0 0 0 0 0 0 0 0 0 0 0 0 0 0 0 0 0 0 0 0 0 0 0 0 0 0 0 0 0 0 0 0 0 0 0
0 0.426563 0.841549 0.5375 0.119718 0 0 0 0 0 0 0 0 0 0 0 0 0 0 0 0 0 0 0 0 0 0 0 0 0 0 0 0 0 0 0 0 0 0 0 0 0 0 0 0 0 0 0 0 0 0 0 0 0 0 0
