0 0.391383 0.638674 0.253828 0.301338 0.423437 0.652582 2 0.434375 0.63615 2 0.414062 0.633802 2 0.448437 0.629107 2 0.404687 0.629107 2 0.454687 0.657276 2 0.376562 0.654929 2 0.476562 0.697183 2 0.351562 0.678403 2 0.485937 0.727699 2 0.335937 0.704225 2 0.4375 0.605633 2 0.378125 0.605633 2 0.460937 0.579812 2 0.351562 0.591549 2 0.479687 0.518779 2 0.340625 0.549295 2
0 0.848109 0.0505634 0.0777812 0.0831455 0 0 0 0 0 0 0 0 0 0.851562 0.058685 2 0 0 0 0.857812 0.082159 2 0 0 0 0.823437 0.075117 2 0 0 0 0 0 0 0 0 0 0 0 0 0 0 0 0 0 0 0 0 0 0 0 0 0 0 0
0 0.774523 0.0419249 0.0907656 0.0834272 0.753125 0.004694 1 0 0 0 0 0 0 0 0 0 0 0 0 0.784375 0.037558 2 0.80625 0.032863 2 0.7375 0.065727 2 0 0 0 0 0 0 0 0 0 0 0 0 0 0 0 0 0 0 0 0 0 0 0 0 0 0 0
0 0.92707 0.0661502 0.0811406 0.128404 0 0 0 0 0 0 0 0 0 0 0 0 0 0 0 0 0 0 0 0 0 0.957812 0.011737 2 0 0 0 0.939062 0.098591 2 0.896875 0.082159 2 0.939062 0.115023 1 0.901562 0.103286 1 0 0 0 0 0 0 0 0 0 0 0 0
0 0.424094 0.140329 0.134406 0.280657 0 0 0 0 0 0 0 0 0 0 0 0 0 0 0 0 0 0 0 0 0 0 0 0 0 0 0 0.520312 0.051643 1 0.360937 0.077464 2 0.467187 0.049295 2 0.392187 0.0446 2 0.4625 0.20892 1 0.401562 0.211267 2 0 0 0 0 0 0
0 0.516891 0.0645657 0.0536875 0.125798 0 0 0 0 0 0 0 0 0 0 0 0 0 0 0 0 0 0 0 0 0 0 0 0 0 0 0 0 0 0 0 0 0 0 0 0 0 0 0 0 0 0 0 0 0 0 0 0 0 0 0
0 0.67757 0.0489085 0.0720469 0.0978169 0 0 0 0 0 0 0 0 0 0 0 0 0 0 0 0.703125 0.007042 2 0.676562 0 1 0.690625 0.0446 2 0.645312 0.025821 2 0.676562 0.039906 2 0.653125 0.032863 2 0.703125 0.100938 1 0.678125 0.098591 1 0 0 0 0 0 0 0 0 0 0 0 0
0 0.739141 0.0474648 0.0502187 0.094507 0 0 0 0 0 0 0 0 0 0 0 0 0 0 0 0 0 0 0 0 0 0 0 0 0 0 0 0 0 0 0 0 0 0 0 0 0 0 0 0 0 0 0 0 0 0 0 0 0 0 0
0 0.571562 0.0604695 0.0667813 0.120939 0 0 0 0 0 0 0 0 0 0 0 0 0 0 0 0 0 0 0 0 0 0 0 0 0 0 0 0 0 0 0 0 0 0 0 0 0 0 0 0 0 0 0 0 0 0 0 0 0 0 0
0 0.619773 0.0194014 0.0657656 0.0388028 0 0 0 0 0 0 0 0 0 0 0 0 0 0 0 0 0 0 0 0 0 0 0 0 0 0 0 0 0 0 0 0 0 0 0 0 0 0 0 0 0 0 0 0 0 0 0 0 0 0 0
