0 0.818789 0.330354 0.117453 0.501125 0 0 0 0 0 0 0 0 0 0.821875 0.125 1 0.859375 0.120833 2 0.796875 0.172916 2 0.871875 0.172916 1 0.76875 0.239583 2 0 0 0 0.807812 0.241666 2 0 0 0 0.807812 0.329166 2 0.85625 0.33125 1 0.807812 0.4125 2 0.845312 0.439583 2 0.801562 0.491666 2 0.840625 0.541666 2
0 0.673531 0.319594 0.105156 0.455354 0.667187 0.122916 2 0 0 0 0.659375 0.114583 2 0 0 0 0.642187 0.13125 2 0.635937 0.177083 2 0.660937 0.179166 2 0 0 0 0.698437 0.23125 2 0 0 0 0.715625 0.254166 2 0.645312 0.283333 2 0.675 0.285416 2 0.653125 0.408333 1 0.68125 0.408333 2 0 0 0 0.676562 0.51875 1
0 0.698367 0.246573 0.0501094 0.265146 0.69375 0.139583 2 0.7 0.133333 2 0.684375 0.133333 2 0.703125 0.141666 2 0.675 0.14375 2 0.709375 0.166666 2 0.664062 0.16875 1 0 0 0 0 0 0 0 0 0 0 0 0 0.703125 0.25 1 0.675 0.25 1 0.703125 0.297916 2 0 0 0 0.710937 0.354166 2 0 0 0
0 0.95425 0.162094 0.0915 0.320729 0 0 0 0 0 0 0 0 0 0 0 0 0.978125 0.047916 2 0 0 0 0.939062 0.152083 2 0 0 0 0.934375 0.285416 2 0 0 0 0.95625 0.402083 1 0 0 0 0.953125 0.3625 1 0 0 0 0 0 0 0 0 0 0 0 0
0 0.905836 0.510073 0.187797 0.710688 0 0 0 0 0 0 0.920312 0.21875 2 0 0 0 0.9 0.225 2 0.859375 0.3 2 0.9 0.302083 2 0 0 0 0.985937 0.366666 2 0 0 0 0.998437 0.30625 2 0.864062 0.504166 2 0.920312 0.502083 2 0.873437 0.65625 2 0.917187 0.6625 2 0.835937 0.789583 2 0.914062 0.810416 2
0 0.510133 0.708896 0.324328 0.582208 0 0 0 0 0 0 0 0 0 0 0 0 0 0 0 0 0 0 0 0 0 0 0 0 0 0 0 0 0 0 0.590625 0.695833 2 0 0 0 0 0 0 0 0 0 0 0 0 0 0 0 0 0 0
0 0.679945 0.14501 0.0408281 0.0991458 0 0 0 0 0 0 0 0 0 0 0 0 0 0 0 0 0 0 0 0 0 0 0 0 0 0 0 0 0 0 0 0 0 0 0 0 0 0 0 0 0 0 0 0 0 0 0 0 0 0 0
0 0.384945 0.305167 0.0546719 0.201625 0.365625 0.247916 2 0.371875 0.24375 2 0.364062 0.241666 2 0.384375 0.247916 2 0 0 0 0.389062 0.279166 2 0.35625 0.270833 1 0.401562 0.341666 2 0 0 0 0.398437 0.385416 2 0 0 0 0.375 0.3625 2 0.354687 0.354166 1 0.354687 0.3875 1 0 0 0 0 0 0 0 0 0
0 0.336234 0.715729 0.618531 0.568542 0 0 0 0 0 0 0 0 0 0 0 0 0 0 0 0 0 0 0 0 0 0 0 0 0 0 0 0.167187 0.510416 1 0.5875 0.702083 1 0 0 0 0 0 0 0 0 0 0 0 0 0 0 0 0 0 0
0 0.723594 0.3935 0.056375 0.181208 0.725 0.333333 2 0.73125 0.327083 2 0.721875 0.327083 2 0 0 0 0 0 0 0.742187 0.35 2 0.710937 0.347916 1 0.74375 0.370833 2 0 0 0 0.732812 0.372916 2 0 0 0 0.729687 0.402083 2 0.707812 0.4 2 0.7375 0.4375 2 0.704687 0.439583 2 0.735937 0.458333 2 0.707812 0.460416 2
