0 0.806055 0.788375 0.168172 0.302687 0.81875 0.703125 2 0.83125 0.692187 2 0.809375 0.692187 2 0.845312 0.698437 1 0.79375 0.695312 1 0.876562 0.751562 2 0.760937 0.745312 2 0.892187 0.828125 1 0.73125 0.817187 2 0 0 0 0.770312 0.864062 2 0.845312 0.946875 1 0.779687 0.945312 1 0 0 0 0 0 0 0 0 0 0 0 0
0 0.90525 0.678523 0.116125 0.233453 0.926562 0.614062 2 0.940625 0.609375 2 0.921875 0.603125 2 0.953125 0.621875 2 0.90625 0.604687 2 0.96875 0.684375 1 0.85625 0.664062 2 0 0 0 0 0 0 0 0 0 0 0 0 0.910937 0.835937 1 0.851562 0.823437 1 0 0 0 0 0 0 0 0 0 0 0 0
0 0.681422 0.848945 0.171313 0.302109 0.66875 0.729687 2 0.673437 0.720312 2 0.657812 0.720312 2 0 0 0 0.639062 0.732812 2 0.704687 0.809375 2 0.610937 0.8125 2 0.717187 0.8875 2 0.578125 0.88125 1 0.7375 0.970312 2 0.620312 0.851562 2 0.695312 0.985937 2 0.625 0.9875 2 0 0 0 0 0 0 0 0 0 0 0 0
0 0.481406 0.844172 0.244531 0.311656 0.4875 0.739062 2 0 0 0 0 0 0 0.451562 0.74375 2 0.523437 0.742187 2 0.415625 0.8375 2 0.564062 0.829687 2 0.371875 0.960937 2 0 0 0 0 0 0 0 0 0 0 0 0 0 0 0 0 0 0 0 0 0 0 0 0 0 0 0
0 0.281883 0.796047 0.295297 0.407906 0 0 0 0 0 0 0 0 0 0.273437 0.68125 1 0.365625 0.679687 1 0.20625 0.75625 2 0.390625 0.765625 2 0.154687 0.8875 2 0.4125 0.8875 1 0.179687 0.989062 2 0.379687 0.979687 1 0.223437 0.996875 2 0.35625 0.99375 2 0 0 0 0 0 0 0 0 0 0 0 0
0 0.851195 0.638766 0.0378906 0.0532188 0 0 0 0 0 0 0 0 0 0 0 0 0 0 0 0 0 0 0 0 0 0 0 0 0 0 0 0 0 0 0 0 0 0 0 0 0 0 0 0 0 0 0 0 0 0 0 0 0 0 0
0 0.582008 0.800328 0.0713281 0.0718437 0 0 0 0 0 0 0 0 0 0 0 0 0 0 0 0 0 0 0 0 0 0 0 0 0 0 0 0 0 0 0 0 0 0 0 0 0 0 0 0 0 0 0 0 0 0 0 0 0 0 0
0 0.920867 0.818383 0.152422 0.363234 0.992187 0.695312 2 0 0 0 0.976562 0.682812 2 0 0 0 0.954687 0.698437 1 0 0 0 0.90625 0.78125 2 0 0 0 0.86875 0.917187 2 0 0 0 0 0 0 0 0 0 0 0 0 0 0 0 0 0 0 0 0 0 0 0 0
0 0.419328 0.75282 0.0568438 0.118734 0 0 0 0 0 0 0 0 0 0 0 0 0 0 0 0.448437 0.678125 1 0.417187 0.678125 1 0 0 0 0 0 0 0 0 0 0 0 0 0.442187 0.74375 2 0.415625 0.739062 1 0.44375 0.79375 1 0.41875 0.792187 1 0.442187 0.829687 1 0.415625 0.825 1
0 0.780609 0.674406 0.0485625 0.118594 0 0 0 0 0 0 0 0 0 0 0 0 0 0 0 0 0 0 0 0 0 0 0 0 0 0 0 0 0 0 0 0 0 0 0 0 0 0 0 0 0 0 0 0 0 0 0 0 0 0 0
