0 0.299617 0.606011 0.103797 0.352851 0.295312 0.491954 2 0.304687 0.47816 2 0.285937 0.47816 2 0.317187 0.482758 2 0.279687 0.482758 2 0.334375 0.533333 2 0.265625 0.540229 2 0.342187 0.61839 2 0.257812 0.63908 2 0.31875 0.69885 2 0.279687 0.696551 1 0.31875 0.671264 2 0.28125 0.671264 2 0.30625 0.756321 2 0 0 0 0.329687 0.855172 1 0 0 0
0 0.340242 0.399425 0.103641 0.243724 0.3375 0.342528 2 0.348437 0.331034 2 0.329687 0.333333 2 0.354687 0.335632 2 0.320312 0.335632 2 0.379687 0.406896 2 0.3 0.413793 2 0.38125 0.455172 1 0.29375 0.471264 1 0.38125 0.526436 1 0.29375 0.526436 1 0 0 0 0 0 0 0 0 0 0 0 0 0 0 0 0 0 0
0 0.535414 0.406885 0.101766 0.255011 0.526562 0.340229 2 0.534375 0.328735 2 0.51875 0.331034 2 0.545312 0.331034 2 0.510937 0.333333 1 0.56875 0.395402 2 0.49375 0.411494 2 0.579687 0.487356 1 0.496875 0.494252 2 0 0 0 0 0 0 0.567187 0.551724 1 0.520312 0.55862 1 0 0 0 0 0 0 0 0 0 0 0 0
0 0.897242 0.457172 0.122828 0.37269 0.873437 0.335632 2 0.88125 0.324137 2 0.865625 0.324137 2 0.895312 0.328735 2 0.854687 0.331034 1 0.914062 0.374712 2 0.848437 0.386206 2 0.923437 0.441379 2 0.840625 0.448275 1 0 0 0 0.839062 0.510344 1 0.9125 0.528735 2 0.867187 0.535632 2 0.91875 0.616091 1 0.875 0.61839 2 0 0 0 0 0 0
0 0.86293 0.818299 0.176391 0.344506 0.84375 0.71954 2 0.853125 0.710344 2 0.832812 0.708045 2 0.867187 0.714942 2 0.81875 0.717241 2 0.879687 0.765517 2 0.803125 0.786206 2 0.907812 0.852873 2 0.826562 0.875862 2 0.871875 0.931034 2 0.86875 0.944827 2 0.875 0.933333 2 0.840625 0.933333 2 0.928125 0.905747 2 0.796875 0.896551 2 0.83125 0.965517 2 0.873437 0.967816 2
0 0.636992 0.811506 0.153266 0.368621 0.6125 0.708045 2 0.621875 0.69885 2 0.603125 0.69885 2 0.635937 0.696551 2 0.590625 0.69885 2 0.653125 0.740229 2 0.575 0.767816 2 0.703125 0.813793 2 0.573437 0.868965 2 0.6625 0.845977 2 0.623437 0.864367 2 0.659375 0.912643 2 0.614062 0.935632 1 0.66875 0.793103 2 0.604687 0.809195 2 0.632812 0.937931 2 0.671875 0.956321 2
0 0.468539 0.614276 0.113984 0.394115 0.465625 0.485057 2 0.475 0.471264 2 0.457812 0.471264 2 0 0 0 0 0 0 0.498437 0.528735 2 0.43125 0.528735 2 0.509375 0.611494 2 0.421875 0.611494 2 0.489062 0.662068 2 0.440625 0.664367 2 0.489062 0.673563 2 0.4375 0.673563 2 0.4875 0.767816 1 0.440625 0.765517 1 0.482812 0.85977 1 0.446875 0.862068 1
0 0.619352 0.543828 0.102328 0.283149 0.617187 0.473563 2 0.626562 0.45977 2 0.607812 0.45977 2 0.640625 0.468965 2 0.601562 0.466666 2 0.653125 0.51954 2 0.596875 0.521839 2 0.664062 0.604597 1 0.579687 0.602298 2 0.642187 0.675862 1 0.596875 0.650574 1 0.635937 0.643678 1 0.6125 0.643678 2 0 0 0 0 0 0 0 0 0 0 0 0
0 0.122477 0.770034 0.149016 0.416115 0.125 0.632183 2 0.132812 0.61839 2 0.115625 0.61839 2 0.15 0.61839 2 0.103125 0.625287 1 0.16875 0.694252 2 0.090625 0.69885 2 0.184375 0.774712 2 0.060937 0.774712 2 0.140625 0.834482 2 0.095312 0.825287 2 0.157812 0.857471 2 0.109375 0.845977 2 0 0 0 0.10625 0.866666 2 0 0 0 0.114062 0.912643 2
0 0.248969 0.832575 0.183281 0.307862 0.260937 0.744827 2 0.271875 0.731034 2 0.251562 0.731034 2 0.282812 0.735632 2 0.239062 0.735632 2 0.29375 0.777011 2 0.229687 0.77931 2 0.3125 0.862068 2 0.190625 0.866666 2 0.267187 0.905747 2 0.2375 0.901149 2 0.289062 0.905747 2 0.240625 0.910344 2 0.325 0.882758 2 0.1625 0.891954 2 0.232812 0.988505 1 0.25 0.970114 2
0 0.39143 0.828943 0.155047 0.331264 0.39375 0.731034 2 0.4 0.712643 2 0.384375 0.712643 2 0.414062 0.708045 2 0.365625 0.701149 2 0.43125 0.756321 2 0.342187 0.767816 1 0.454687 0.848275 2 0.3375 0.864367 2 0.403125 0.901149 2 0.360937 0.910344 2 0.425 0.926436 2 0.367187 0.926436 2 0.460937 0.885057 2 0.323437 0.926436 2 0.365625 0.97931 1 0.420312 0.977011 2
0 0.541461 0.814598 0.151203 0.325839 0.521875 0.740229 2 0.529687 0.726436 2 0.512499 0.724137 2 0.54375 0.724137 2 0.496875 0.71954 2 0.554687 0.756321 2 0.470312 0.774712 2 0.5625 0.85977 2 0.471875 0.891954 2 0.540625 0.908045 2 0.514062 0.901149 2 0.551562 0.889655 2 0.501562 0.901149 2 0.6125 0.910344 1 0.459375 0.926436 1 0.51875 0.960919 2 0.570312 0.977011 1
0 0.705578 0.585586 0.0850313 0.323862 0.695312 0.482758 2 0.703125 0.471264 2 0.6875 0.475862 2 0.715625 0.47816 2 0.678125 0.482758 2 0.729687 0.535632 2 0.670312 0.535632 2 0.73125 0.625287 2 0.665625 0.611494 1 0.707812 0.67816 2 0.682812 0.673563 2 0.709375 0.675862 2 0.675 0.671264 2 0 0 0 0 0 0 0 0 0 0 0 0
0 0.525781 0.51954 0.932813 0.951724 0 0 0 0 0 0 0 0 0 0 0 0 0 0 0 0 0 0 0 0 0 0 0 0 0 0 0 0 0 0 0 0 0 0 0 0 0 0 0 0 0 0 0 0 0 0 0 0 0 0 0
