0 0.553974 0.26226 0.403333 0.32584 0.42735 0.172 2 0.430199 0.154 2 0.415954 0.162 1 0.475783 0.132 2 0 0 0 0.535612 0.14 2 0.504273 0.212 1 0.564102 0.144 2 0 0 0 0.572649 0.18 2 0 0 0 0.678062 0.248 2 0.660968 0.32 2 0.515669 0.228 2 0.475783 0.24 2 0.544159 0.362 2 0.447293 0.358 2
0 0.108761 0.83748 0.105897 0.09888 0 0 0 0 0 0 0 0 0 0 0 0 0 0 0 0 0 0 0 0 0 0 0 0 0 0 0 0 0 0 0 0 0 0 0 0 0 0 0 0 0 0 0 0 0 0 0 0 0 0 0
0 0.452322 0.7319 0.121339 0.07872 0 0 0 0 0 0 0 0 0 0 0 0 0 0 0 0 0 0 0 0 0 0 0 0 0 0 0 0 0 0 0 0 0 0 0 0 0 0 0 0 0 0 0 0 0 0 0 0 0 0 0
0 0.695655 0.6635 0.1149 0.06324 0 0 0 0 0 0 0 0 0 0 0 0 0 0 0 0 0 0 0 0 0 0 0 0 0 0 0 0 0 0 0 0 0 0 0 0 0 0 0 0 0 0 0 0 0 0 0 0 0 0 0
0 0.607009 0.68055 0.118519 0.09518 0 0 0 0 0 0 0 0 0 0 0 0 0 0 0 0 0 0 0 0 0 0 0 0 0 0 0 0 0 0 0 0 0 0 0 0 0 0 0 0 0 0 0 0 0 0 0 0 0 0 0
0 0.0479202 0.86819 0.0958405 0.1103 0.034188 0.834 2 0.037037 0.828 2 0.022792 0.832 2 0 0 0 0.011396 0.84 2 0.048433 0.848 2 0 0.858 1 0.082621 0.884 2 0.034188 0.904 2 0.074074 0.892 2 0.076923 0.882 2 0.082621 0.94 1 0.065527 0.946 1 0 0 0 0 0 0 0 0 0 0 0 0
0 0.379288 0.73733 0.0603989 0.0873 0 0 0 0 0 0 0 0 0 0 0 0 0 0 0 0 0 0 0 0 0 0 0 0 0 0 0 0 0 0 0 0 0 0 0 0 0 0 0 0 0 0 0 0 0 0 0 0 0 0 0
0 0.968675 0.59442 0.0626496 0.13864 0 0 0 0 0 0 0 0 0 0 0 0 0 0 0 0 0 0 0 0 0 0 0 0 0 0 0 0 0 0 0 0 0 0 0 0 0 0 0 0 0 0 0 0 0 0 0 0 0 0 0
0 0.791481 0.6273 0.134473 0.07496 0 0 0 0 0 0 0 0 0 0 0 0 0 0 0 0 0 0 0 0 0 0 0 0 0 0 0 0 0 0 0 0 0 0 0 0 0 0 0 0 0 0 0 0 0 0 0 0 0 0 0
0 0.734245 0.63832 0.0813675 0.0784 0 0 0 0 0 0 0 0 0 0 0 0 0 0 0 0 0 0 0 0 0 0 0 0 0 0 0 0 0 0 0 0 0 0 0 0 0 0 0 0 0 0 0 0 0 0 0 0 0 0 0
0 0.638917 0.65376 0.065698 0.04848 0 0 0 0 0 0 0 0 0 0 0 0 0 0 0 0 0 0 0 0 0 0 0 0 0 0 0 0 0 0 0 0 0 0 0 0 0 0 0 0 0 0 0 0 0 0 0 0 0 0 0
0 0.334501 0.76684 0.0702564 0.06752 0 0 0 0 0 0 0 0 0 0 0 0 0 0 0 0 0 0 0 0 0 0 0 0 0 0 0 0 0 0 0 0 0 0 0 0 0 0 0 0 0 0 0 0 0 0 0 0 0 0 0
