0 0.683305 0.283232 0.0902656 0.213068 0.678125 0.22014 2 0.682812 0.215456 2 0.675 0.213114 2 0.69375 0.210772 2 0.66875 0.210772 1 0.701562 0.243559 2 0.660937 0.241217 2 0.710937 0.302107 2 0.65 0.302107 2 0.69375 0.320843 2 0.66875 0.323185 2 0.696875 0.334894 2 0.667187 0.334894 2 0.714062 0.325526 2 0.646875 0.325526 2 0.71875 0.405152 1 0.645312 0.40281 1
0 0.46475 0.238197 0.0832813 0.233489 0.459375 0.154566 2 0.464062 0.149882 2 0.454687 0.149882 2 0.470312 0.149882 2 0.448437 0.154566 2 0.478125 0.177985 2 0.44375 0.180327 2 0.496875 0.234192 2 0.429687 0.23185 2 0.5 0.283372 2 0.429687 0.276346 2 0.471875 0.252927 2 0.453125 0.252927 2 0.479687 0.245901 2 0.442187 0.245901 2 0.484375 0.33021 2 0.432812 0.332552 2
0 0.0150312 0.317717 0.0300625 0.156651 0 0 0 0 0 0 0 0 0 0 0 0 0 0 0 0 0 0 0 0 0 0 0 0 0 0 0 0 0 0 0 0 0 0 0 0 0 0 0 0 0 0 0 0 0 0 0 0 0 0 0
0 0.226266 0.103911 0.0640938 0.195457 0.225 0.03747 2 0.229687 0.030444 2 0.220312 0.030444 2 0.235937 0.030444 2 0.2125 0.032786 2 0.242187 0.046838 2 0.207812 0.051522 2 0.239062 0.074941 2 0.204687 0.084309 2 0.2 0.09836 2 0.242187 0.096018 2 0.226562 0.096018 2 0.214062 0.096018 2 0.23125 0.107728 2 0.2125 0.107728 2 0.234375 0.185011 2 0.21875 0.182669 2
0 0.65443 0.0249766 0.0707656 0.0499532 0 0 0 0 0 0 0 0 0 0 0 0 0 0 0 0 0 0 0 0 0 0 0 0 0 0 0 0 0 0 0 0 0 0 0 0 0 0 0 0 0 0 0 0 0 0 0 0 0 0 0
0 0.0667188 0.639333 0.100437 0.429204 0.084375 0.4637 2 0 0 0 0 0 0 0 0 0 0.0625 0.468384 2 0.057812 0.510538 2 0.054687 0.510538 2 0 0 0 0.054687 0.58548 2 0 0 0 0.084375 0.620608 2 0.067187 0.629976 2 0.064062 0.632318 2 0.08125 0.730679 2 0.090625 0.728337 2 0.079687 0.829039 2 0.029687 0.803278 2
0 0.175977 0.0283372 0.0544219 0.0566745 0 0 0 0 0 0 0 0 0 0 0 0 0 0 0 0 0 0 0 0 0 0 0 0 0 0 0 0 0 0 0 0 0 0 0 0 0 0 0 0 0 0 0 0 0 0 0 0 0 0 0
0 0.593711 0.0447892 0.0436406 0.0895785 0 0 0 0 0 0 0 0 0 0 0 0 0 0 0 0 0 0 0 0 0 0 0 0 0 0 0 0 0 0 0 0 0 0 0 0 0 0 0 0 0 0 0 0 0 0 0 0 0 0 0
0 0.299867 0.116768 0.0829531 0.230867 0.289062 0.018735 2 0.290625 0.011709 2 0.284375 0.016393 2 0 0 0 0.275 0.021077 2 0.310937 0.030444 2 0.26875 0.04918 1 0.334375 0.077283 1 0.26875 0.107728 1 0.33125 0.119437 2 0.2875 0.126463 2 0.30625 0.119437 2 0.284375 0.121779 2 0.329687 0.145199 2 0.26875 0.142857 2 0.303125 0.217798 2 0.290625 0.206088 2
0 0.946031 0.0913934 0.0562813 0.182787 0.94375 0.004683 2 0.946875 0 1 0.939062 0 1 0.95625 0.002341 1 0.935937 0.002341 2 0.965625 0.035128 2 0.929687 0.03747 2 0.967187 0.084309 2 0.934375 0.084309 2 0.939062 0.084309 2 0.935937 0.058548 2 0.960937 0.100702 2 0.926562 0.09836 2 0.954687 0.103044 2 0.934375 0.103044 2 0.960937 0.173302 1 0.929687 0.173302 1
0 0.105094 0.274555 0.0870937 0.239087 0.115625 0.194379 2 0.115625 0.185011 2 0.109375 0.187353 2 0 0 0 0.095312 0.187353 2 0.132812 0.20843 2 0.082812 0.20843 2 0.134375 0.271662 2 0.076562 0.259953 2 0.120312 0.285714 2 0.079687 0.283372 2 0.121875 0.295081 2 0.0875 0.29274 2 0.139062 0.295081 2 0.067187 0.29274 2 0.128124 0.372365 2 0.089062 0.377049 2
0 0.876008 0.0948009 0.0745156 0.189602 0.870312 0.009367 2 0.875 0.004683 2 0.865625 0.004683 2 0.882812 0.004683 2 0.864062 0.007025 2 0.896875 0.035128 2 0.85 0.032786 2 0.903125 0.088992 2 0.840625 0.070257 1 0.884375 0.126463 2 0.867187 0.072599 2 0.884375 0.09836 2 0.864062 0.09836 2 0.903125 0.131147 2 0.853125 0.088992 2 0.895312 0.187353 1 0.845312 0.15925 2
0 0.507812 0.508197 0.490625 0.735363 0 0 0 0 0 0 0 0 0 0 0 0 0 0 0 0 0 0 0 0 0 0 0 0 0 0 0 0 0 0 0 0 0 0 0 0 0 0 0 0 0 0 0 0 0 0 0 0 0 0 0
