0 0.691055 0.65169 0.137609 0.69662 0.653125 0.359154 2 0 0 0 0 0 0 0.66875 0.352112 2 0 0 0 0.664062 0.429577 2 0.720312 0.420187 2 0.635937 0.492957 2 0.73125 0.535211 2 0 0 0 0 0 0 0.682812 0.619718 2 0.720312 0.593896 2 0.685937 0.784037 2 0.728125 0.774647 2 0.690625 0.960093 2 0.734375 0.936619 2
0 0.22075 0.5952 0.111531 0.549413 0.24375 0.377934 2 0 0 0 0.235937 0.368544 2 0 0 0 0.21875 0.373239 2 0.203125 0.436619 2 0.209375 0.450704 2 0.217187 0.558685 2 0.196875 0.570422 2 0.25 0.582159 2 0.220312 0.654929 2 0.221875 0.666666 2 0.226562 0.666666 2 0.220312 0.800469 2 0.221875 0.802816 2 0.214062 0.955399 1 0.215625 0.957746 1
0 0.742789 0.35534 0.0870156 0.164765 0.7375 0.300469 2 0.745312 0.291079 2 0.734375 0.293427 2 0.75625 0.305164 2 0 0 0 0.7625 0.342723 2 0.726562 0.340375 2 0.782812 0.410798 1 0.707812 0.415492 1 0 0 0 0 0 0 0.754687 0.434272 1 0.73125 0.434272 1 0.759375 0.450704 1 0 0 0 0.764062 0.495305 1 0 0 0
0 0.755086 0.261761 0.121484 0.195211 0.757812 0.192488 2 0.760937 0.183098 2 0.746875 0.183098 2 0.770312 0.185446 2 0.740625 0.19953 2 0.782812 0.241784 2 0.721875 0.241784 2 0 0 0 0.704687 0.330985 1 0 0 0 0 0 0 0.78125 0.35446 2 0.725 0.35446 1 0 0 0 0 0 0 0 0 0 0 0 0
0 0.581344 0.160822 0.0637188 0.321643 0.589062 0.009389 2 0.590625 0.002347 2 0.58125 0.004694 2 0 0 0 0 0 0 0.598437 0.046948 2 0.557812 0.05399 2 0 0 0 0.557812 0.112676 2 0 0 0 0.570312 0.159624 2 0.598437 0.150234 2 0.578125 0.150234 2 0.596875 0.241784 2 0.58125 0.239436 2 0.5875 0.314553 2 0 0 0
0 0.835852 0.060669 0.0897656 0.119225 0.83125 0.021126 2 0.835937 0.016431 2 0.828125 0.016431 2 0 0 0 0 0 0 0.853125 0.0446 2 0.8125 0.046948 2 0.873437 0.082159 2 0.796875 0.100938 2 0.842187 0.086854 2 0.817187 0.084507 2 0 0 0 0 0 0 0 0 0 0 0 0 0 0 0 0 0 0
0 0.498852 0.612359 0.172016 0.676408 0.498437 0.35446 2 0.503125 0.340375 2 0.489062 0.347417 2 0 0 0 0.470312 0.356807 2 0.539062 0.422535 2 0.445312 0.424882 2 0.557812 0.5 2 0.428125 0.511737 2 0.564062 0.593896 2 0.428125 0.600938 2 0.523437 0.615023 2 0.467187 0.605633 2 0.512499 0.751173 2 0.471875 0.751173 2 0.514062 0.884976 2 0.484375 0.880281 2
0 0.631945 0.162641 0.0588594 0.324155 0 0 0 0.6125 0.002347 2 0 0 0 0.629687 0.002347 2 0 0 0 0.640625 0.032863 2 0.61875 0.037558 2 0.607812 0.072769 2 0 0 0 0.623437 0.021126 2 0 0 0 0.6375 0.150234 2 0.617187 0.147887 2 0.63125 0.239436 2 0.621875 0.244131 2 0.64375 0.330985 1 0.632812 0.328638 1
0 0.432203 0.256808 0.08575 0.139437 0.425 0.223004 2 0.43125 0.218309 2 0.420312 0.218309 2 0.439062 0.218309 2 0.415625 0.223004 1 0.451562 0.248826 2 0.40625 0.26291 2 0.465625 0.288732 2 0.398437 0.302816 2 0.45 0.319248 2 0.407812 0.323943 2 0 0 0 0 0 0 0 0 0 0 0 0 0 0 0 0 0 0
0 0.207305 0.264155 0.0642656 0.140798 0.203125 0.232394 2 0.20625 0.223004 2 0.196875 0.223004 2 0.214062 0.227699 2 0.192187 0.227699 2 0.223437 0.260563 2 0.185937 0.260563 2 0.225 0.298122 2 0.175 0.288732 1 0.19375 0.298122 2 0.210937 0.284037 2 0 0 0 0 0 0 0.203125 0.288732 2 0.1875 0.286384 2 0.201562 0.340375 1 0.184375 0.338028 1
0 0.125031 0.266338 0.0915 0.121315 0.128124 0.253521 2 0.132812 0.244131 2 0.121875 0.244131 2 0.140625 0.244131 2 0 0 0 0.159375 0.274647 2 0.110937 0.269953 2 0.160937 0.323943 2 0.09375 0.309859 2 0.135937 0.293427 2 0.110937 0.295774 2 0.153125 0.347417 1 0.114062 0.342723 1 0.10625 0.305164 2 0 0 0 0 0 0 0 0 0
0 0.363242 0.271326 0.0685781 0.103028 0.36875 0.248826 2 0.373437 0.244131 2 0.364062 0.246478 2 0 0 0 0.357812 0.251173 2 0.389062 0.284037 2 0.35 0.288732 2 0.4 0.326291 1 0.335937 0.326291 1 0.364062 0.326291 1 0.365625 0.314553 2 0.384375 0.352112 1 0.354687 0.352112 1 0 0 0 0 0 0 0 0 0 0 0 0
0 0.896203 0.254296 0.115813 0.199061 0.892187 0.204225 2 0.898437 0.197183 2 0.885937 0.197183 2 0.909375 0.197183 2 0.878125 0.19953 2 0.917187 0.246478 2 0.86875 0.248826 2 0.914062 0.197183 2 0.84375 0.291079 2 0.895312 0.159624 2 0.860937 0.244131 2 0.907812 0.366197 1 0.86875 0.366197 1 0 0 0 0 0 0 0 0 0 0 0 0
