0 0.752469 0.574159 0.495062 0.829206 0.842187 0.338785 2 0.879687 0.299065 2 0.820312 0.301401 2 0.901562 0.338785 2 0.775 0.341121 2 0.964062 0.567757 2 0.651562 0.502336 2 0.971875 0.771028 2 0.564062 0.759345 2 0.965625 0.925233 2 0.560937 0.5 2 0.820312 0.955607 2 0.723437 0.92757 2 0 0 0 0 0 0 0 0 0 0 0 0
0 0.379195 0.670818 0.211672 0.469299 0.390625 0.504672 2 0.395312 0.5 2 0.384375 0.5 2 0.403125 0.507009 2 0.375 0.502336 2 0.41875 0.537383 2 0.360937 0.537383 2 0.45625 0.511682 2 0.323437 0.509345 2 0.457812 0.469626 2 0.325 0.46028 2 0.4125 0.67056 2 0.364062 0.668224 2 0.44375 0.738317 2 0.3375 0.740654 2 0.467187 0.85514 2 0.334375 0.857476 2
0 0.340914 0.540923 0.0656406 0.311332 0.348437 0.42056 2 0.353125 0.411214 2 0.345312 0.413551 2 0.360937 0.415887 2 0.339062 0.418224 2 0.371875 0.457943 1 0.321875 0.46028 1 0 0 0 0.315625 0.514018 2 0 0 0 0.317187 0.586448 2 0.3625 0.577102 1 0.332812 0.577102 2 0 0 0 0.3375 0.663551 2 0 0 0 0 0 0
0 0.258922 0.584112 0.0850313 0.448972 0.256249 0.397196 2 0.260937 0.392523 2 0.25 0.390186 2 0 0 0 0.239062 0.394859 2 0.273437 0.443925 2 0.221875 0.443925 2 0.295312 0.495327 2 0 0 0 0.28125 0.542056 2 0 0 0 0.260937 0.584112 2 0.223437 0.584112 1 0.248437 0.689252 2 0 0 0 0.240625 0.766355 1 0 0 0
0 0.208141 0.655058 0.115719 0.478668 0.217187 0.464953 2 0 0 0 0.210937 0.457943 2 0 0 0 0.190625 0.467289 2 0.226562 0.504672 2 0.171875 0.5257 2 0.235937 0.56542 2 0.165625 0.600467 2 0.242187 0.633177 2 0.165625 0.661214 2 0.228125 0.651869 2 0.196875 0.658878 2 0.232812 0.728971 2 0.196875 0.738317 2 0.232812 0.820093 2 0.196875 0.831775 2
0 0.131953 0.635643 0.0839688 0.455164 0.146875 0.448598 2 0.148437 0.441588 2 0.139062 0.439252 2 0 0 0 0.120312 0.443925 2 0.1625 0.490654 2 0.107812 0.49299 2 0 0 0 0.09375 0.570093 2 0 0 0 0.145312 0.577102 2 0.153125 0.619158 2 0.123437 0.616822 2 0 0 0 0 0 0 0 0 0 0 0 0
0 0.389984 0.464042 0.0856563 0.123598 0.382812 0.436915 2 0.3875 0.42757 2 0.376562 0.42757 2 0.396875 0.42757 1 0.36875 0.432242 1 0.414062 0.481308 2 0.357812 0.478971 2 0 0 0 0 0 0 0 0 0 0 0 0 0 0 0 0 0 0 0 0 0 0 0 0 0 0 0 0 0 0
0 0.457273 0.673727 0.0692969 0.309603 0.44375 0.539719 2 0.451562 0.535046 2 0.440625 0.535046 1 0.459375 0.539719 2 0 0 0 0.470312 0.56542 2 0.435937 0.563084 2 0.482812 0.619158 2 0.429687 0.614485 2 0.471875 0.644859 2 0.442187 0.647196 2 0.464062 0.649532 2 0.4375 0.649532 2 0.459375 0.724299 2 0.440625 0.724299 1 0.460937 0.794392 1 0.442187 0.794392 1
0 0.624281 0.49993 0.0462813 0.170748 0.626562 0.464953 2 0.63125 0.455607 2 0.621875 0.455607 2 0.64375 0.457943 2 0 0 0 0 0 0 0.620312 0.511682 2 0 0 0 0 0 0 0 0 0 0 0 0 0 0 0 0 0 0 0 0 0 0 0 0 0 0 0 0 0 0
0 0.306891 0.467593 0.025375 0.0871028 0 0 0 0 0 0 0 0 0 0 0 0 0 0 0 0 0 0 0 0 0 0 0 0 0 0 0 0 0 0 0 0 0 0 0 0 0 0 0 0 0 0 0 0 0 0 0 0 0 0 0
0 0.508711 0.607231 0.0427344 0.347874 0 0 0 0 0 0 0 0 0 0 0 0 0 0 0 0.495312 0.5 1 0.525 0.49299 2 0.485937 0.53271 1 0 0 0 0 0 0 0 0 0 0.503125 0.579439 2 0.523437 0.577102 1 0 0 0 0 0 0 0 0 0 0 0 0
0 0.444094 0.489416 0.01675 0.0384579 0 0 0 0 0 0 0 0 0 0 0 0 0 0 0 0 0 0 0 0 0 0 0 0 0 0 0 0 0 0 0 0 0 0 0 0 0 0 0 0 0 0 0 0 0 0 0 0 0 0 0
