0 0.325594 0.477108 0.152688 0.176028 0.320312 0.440766 2 0.329687 0.428571 2 0.309375 0.433797 2 0.339062 0.430313 2 0.292187 0.442508 2 0.367187 0.494773 2 0.276562 0.498257 2 0.389062 0.564459 1 0.246875 0.564459 1 0 0 0 0 0 0 0.34375 0.618466 1 0.2875 0.616724 1 0 0 0 0 0 0 0 0 0 0 0 0
0 0.0824531 0.482291 0.148812 0.168171 0.082812 0.440766 2 0.089062 0.437282 2 0.070312 0.433797 2 0 0 0 0.053125 0.437282 2 0.092187 0.487804 2 0.039062 0.493031 2 0.129687 0.543554 2 0 0 0 0 0 0 0 0 0 0.123437 0.602787 1 0.075 0.616724 1 0 0 0 0 0 0 0 0 0 0 0 0
0 0.736359 0.491446 0.0886563 0.133937 0.726562 0.463414 2 0.729687 0.454703 2 0.71875 0.458188 2 0 0 0 0.695312 0.463414 1 0.746875 0.501742 2 0 0 0 0 0 0 0 0 0 0 0 0 0 0 0 0 0 0 0 0 0 0 0 0 0 0 0 0 0 0 0 0 0
0 0.858922 0.485592 0.117531 0.144878 0.853125 0.454703 2 0.859375 0.445993 2 0.848437 0.452961 2 0.885937 0.451219 2 0 0 0 0.910937 0.498257 2 0.840625 0.496515 2 0 0 0 0.809375 0.547038 1 0 0 0 0 0 0 0 0 0 0 0 0 0 0 0 0 0 0 0 0 0 0 0 0
0 0.413078 0.40007 0.14 0.211742 0.473437 0.344947 2 0 0 0 0.475 0.332752 2 0 0 0 0.454687 0.322299 2 0.401562 0.339721 2 0.432812 0.348432 2 0 0 0 0.467187 0.391986 2 0 0 0 0 0 0 0.34375 0.45993 1 0.367187 0.473867 1 0 0 0 0 0 0 0 0 0 0 0 0
0 0.514281 0.391969 0.113156 0.235505 0.55625 0.322299 2 0 0 0 0.551562 0.311846 2 0 0 0 0.532812 0.315331 2 0.498437 0.3554 2 0.515625 0.360627 2 0.515625 0.405923 2 0.559375 0.402439 2 0.542187 0.414634 2 0.548437 0.346689 2 0.470312 0.487804 1 0.482812 0.491289 1 0 0 0 0 0 0 0 0 0 0 0 0
0 0.749188 0.378092 0.119094 0.251237 0.692187 0.311846 2 0.698437 0.301393 2 0 0 0 0.725 0.301393 2 0 0 0 0.757812 0.348432 2 0.728125 0.353658 2 0.709375 0.397212 2 0 0 0 0.7125 0.336236 2 0 0 0 0.790625 0.458188 2 0.757812 0.451219 2 0 0 0 0 0 0 0 0 0 0 0 0
0 0.65407 0.341054 0.0904531 0.143885 0.61875 0.313588 1 0.625 0.304878 2 0 0 0 0.648437 0.311846 2 0 0 0 0.66875 0.351916 2 0.634375 0.346689 1 0 0 0 0 0 0 0 0 0 0 0 0 0 0 0 0 0 0 0 0 0 0 0 0 0 0 0 0 0 0
0 0.698906 0.523476 0.186125 0.210017 0.729687 0.461672 1 0.729687 0.456445 1 0.717187 0.456445 1 0 0 0 0 0 0 0.75 0.501742 1 0 0 0 0 0 0 0 0 0 0 0 0 0 0 0 0 0 0 0 0 0 0 0 0 0 0 0 0 0 0 0 0 0
0 0.462594 0.495653 0.100469 0.17378 0.501562 0.445993 2 0 0 0 0.49375 0.439024 2 0 0 0 0.478125 0.451219 2 0.485937 0.498257 2 0.457812 0.498257 2 0 0 0 0 0 0 0 0 0 0 0 0 0.484375 0.618466 1 0.467187 0.623693 1 0 0 0 0 0 0 0 0 0 0 0 0
0 0.959789 0.469791 0.0804219 0.104111 0 0 0 0 0 0 0 0 0 0.9625 0.470383 2 0 0 0 0.942187 0.512195 2 0 0 0 0 0 0 0 0 0 0 0 0 0 0 0 0 0 0 0 0 0 0 0 0 0 0 0 0 0 0 0 0 0
