0 0.600878 0.505633 0.553607 0.862609 0.721311 0.239062 2 0.747072 0.225 2 0.693208 0.221875 2 0 0 0 0.651053 0.1875 2 0.829039 0.2625 2 0.522248 0.253125 2 0.8548 0.407812 2 0.433255 0.367187 2 0.807962 0.514062 2 0.386416 0.465625 2 0.728337 0.526562 2 0.552693 0.514062 1 0.721311 0.710937 2 0.526932 0.678125 1 0.69555 0.867187 1 0.51288 0.88125 2
0 0.890187 0.479391 0.214707 0.532062 0 0 0 0 0 0 0 0 0 0 0 0 0.960187 0.298437 2 0 0 0 0.913348 0.339062 2 0 0 0 0.829039 0.315625 1 0 0 0 0.911007 0.260937 2 0 0 0 0.9274 0.515625 2 0.98829 0.628125 2 0.899297 0.623437 2 0.969555 0.73125 2 0.871194 0.723437 2
0 0.159286 0.136234 0.169532 0.141531 0.180327 0.092187 2 0.187353 0.0875 2 0.173302 0.089062 2 0 0 0 0.15925 0.085937 2 0.210772 0.121875 2 0.138173 0.115625 2 0.227166 0.15625 2 0.114754 0.15 2 0.227166 0.190625 2 0.135831 0.159375 2 0.194379 0.209375 1 0.138173 0.207812 1 0 0 0 0 0 0 0 0 0 0 0 0
0 0.466487 0.098875 0.13808 0.170781 0 0 0 0 0 0 0 0 0 0 0 0 0 0 0 0.412177 0.023437 2 0 0 0 0.388758 0.065625 1 0 0 0 0 0 0 0 0 0 0.477751 0.071875 2 0.515222 0.064062 2 0.440281 0.129687 1 0.475409 0.117187 2 0.45199 0.190625 1 0.50117 0.173437 1
0 0.834251 0.171828 0.0532319 0.122406 0 0 0 0 0 0 0 0 0 0 0 0 0 0 0 0 0 0 0 0 0 0 0 0 0 0 0 0 0 0 0 0 0 0 0 0 0 0 0 0 0 0 0 0 0 0 0 0 0 0 0
0 0.529286 0.692125 0.453326 0.590062 0 0 0 0 0 0 0 0 0 0.50117 0.479687 2 0.63466 0.484375 2 0.440281 0.532812 2 0.627634 0.540625 2 0.325526 0.56875 2 0.688524 0.610937 2 0.351288 0.523437 2 0.740046 0.564062 2 0.435597 0.7375 2 0.592505 0.740625 2 0.393442 0.835937 2 0.637002 0.834375 2 0.344262 0.928125 2 0.679156 0.951562 2
0 0.843185 0.120586 0.0519906 0.0418906 0 0 0 0 0 0 0 0 0 0 0 0 0 0 0 0 0 0 0 0 0 0 0 0 0 0 0 0 0 0 0 0 0 0 0 0 0 0 0 0 0 0 0 0 0 0 0 0 0 0 0
0 0.582857 0.138008 0.0748478 0.0732656 0 0 0 0 0 0 0 0 0 0 0 0 0 0 0 0 0 0 0 0 0 0 0 0 0 0 0 0 0 0 0 0 0 0 0 0 0 0 0 0 0 0 0 0 0 0 0 0 0 0 0
0 0.60356 0.151938 0.0357845 0.0335625 0 0 0 0 0 0 0 0 0 0 0 0 0 0 0 0 0 0 0 0 0 0 0 0 0 0 0 0 0 0 0 0 0 0 0 0 0 0 0 0 0 0 0 0 0 0 0 0 0 0 0
0 0.357424 0.129375 0.122623 0.151344 0.351288 0.076562 2 0.358313 0.075 2 0.344262 0.075 1 0.370023 0.079687 2 0.334894 0.079687 1 0.3911 0.107812 2 0.323185 0.10625 2 0.405152 0.140625 2 0.311475 0.139062 2 0.409836 0.170312 2 0.311475 0.176562 2 0.379391 0.178125 2 0.337236 0.178125 2 0 0 0 0 0 0 0 0 0 0 0 0
0 0.898115 0.169164 0.0817564 0.138953 0 0 0 0 0 0 0.918032 0.11875 2 0 0 0 0 0 0 0.91569 0.1375 2 0.873536 0.1375 2 0 0 0 0.911007 0.165625 2 0 0 0 0.932084 0.135937 2 0.920374 0.207812 2 0.887587 0.2125 2 0.925058 0.253125 1 0.896955 0.254687 1 0 0 0 0 0 0
