0 0.572156 0.683369 0.0980313 0.49869 0 0 0 0 0 0 0 0 0 0 0 0 0 0 0 0.529687 0.464285 2 0.585937 0.454761 2 0 0 0 0.60625 0.492857 2 0 0 0 0.609375 0.480952 2 0.539062 0.557142 2 0.592187 0.557142 2 0.55 0.7 2 0.579687 0.695238 2 0.56875 0.85238 2 0.585937 0.795238 2
0 0.290023 0.706595 0.204641 0.48819 0 0 0 0 0 0 0 0 0 0 0 0 0 0 0 0.31875 0.485714 2 0.379687 0.514285 1 0.282812 0.514285 1 0 0 0 0 0 0 0 0 0 0.279687 0.559523 2 0.325 0.569047 2 0.285937 0.735714 2 0.314062 0.733333 2 0.282812 0.873809 2 0.275 0.845238 2
0 0.178984 0.721631 0.215031 0.545548 0.259375 0.490476 2 0 0 0 0.259375 0.480952 2 0.226562 0.473809 2 0.253125 0.485714 2 0.215625 0.504761 2 0.256249 0.514285 2 0 0 0 0.284375 0.557142 1 0 0 0 0 0 0 0.151562 0.60238 2 0.192187 0.6 2 0.1625 0.72619 2 0.154687 0.740476 2 0.120312 0.869047 2 0.095312 0.935714 2
0 0.715484 0.672357 0.149812 0.446905 0 0 0 0 0 0 0 0 0 0 0 0 0 0 0 0.648437 0.5 1 0.684375 0.480952 2 0 0 0 0 0 0 0 0 0 0 0 0 0.695312 0.55238 2 0.734375 0.535714 2 0.71875 0.711904 2 0.754687 0.697619 2 0.748437 0.785714 2 0.765625 0.819047 2
0 0.485859 0.670821 0.078875 0.496595 0 0 0 0 0 0 0 0 0 0.478125 0.445238 2 0.507812 0.445238 2 0.467187 0.47619 2 0.517187 0.473809 2 0 0 0 0 0 0 0 0 0 0.528125 0.564285 1 0.473437 0.55238 2 0.512499 0.554761 2 0.475 0.709523 2 0.501562 0.716666 2 0.464062 0.828571 2 0.492187 0.854761 2
0 0.399 0.667702 0.113437 0.496881 0 0 0 0 0 0 0 0 0 0.4125 0.454761 2 0.435937 0.461904 2 0.401562 0.473809 2 0.440625 0.478571 2 0 0 0 0 0 0 0 0 0 0 0 0 0.390625 0.578571 2 0.432812 0.585714 2 0.376562 0.723809 2 0.40625 0.735714 2 0.36875 0.804761 2 0.39375 0.871428 2
0 0.644477 0.69081 0.0823906 0.450667 0 0 0 0 0 0 0 0 0 0 0 0 0 0 0 0.610937 0.509523 2 0.651562 0.507142 1 0 0 0 0 0 0 0 0 0 0 0 0 0.632812 0.583333 2 0.660937 0.585714 2 0.6375 0.738095 2 0.654687 0.728571 2 0.645312 0.845238 2 0.66875 0.788095 2
0 0.931531 0.594274 0.13525 0.65531 0.871875 0.35 1 0.876562 0.32619 2 0 0 0 0.898437 0.32619 2 0 0 0 0.90625 0.392857 2 0.942187 0.369047 2 0.920312 0.485714 2 0 0 0 0 0 0 0 0 0 0.985937 0.573809 2 0 0 0 0.990625 0.740476 2 0 0 0 0.9875 0.873809 2 0 0 0
0 0.230734 0.654143 0.05225 0.176905 0 0 0 0 0 0 0 0 0 0 0 0 0 0 0 0 0 0 0 0 0 0 0 0 0 0 0 0 0 0 0 0 0 0 0 0 0 0 0 0 0 0 0 0 0 0 0 0 0 0 0
0 0.815188 0.671881 0.19825 0.36719 0 0 0 0 0 0 0 0 0 0.74375 0.52619 2 0 0 0 0.757812 0.538095 2 0.776562 0.533333 2 0 0 0 0 0 0 0 0 0 0 0 0 0.821875 0.597619 2 0.846875 0.588095 2 0.823437 0.719047 2 0.848437 0.709523 2 0.876562 0.771428 2 0.865625 0.804761 2
