0 0.0963854 0.743578 0.0584792 0.116656 0 0 0 0 0 0 0 0 0 0 0 0 0 0 0 0.077083 0.709375 2 0.104166 0.709375 2 0.070833 0.725 2 0 0 0 0.08125 0.725 2 0 0 0 0.08125 0.742187 2 0.097916 0.742187 2 0.085416 0.770312 2 0.089583 0.76875 2 0.089583 0.789062 2 0.079166 0.79375 2
0 0.171417 0.738672 0.0526667 0.113781 0 0 0 0 0 0 0 0 0 0 0 0 0 0 0 0.170833 0.703125 2 0.19375 0.703125 2 0.160416 0.715625 2 0.195833 0.717187 2 0.160416 0.73125 2 0.189583 0.728125 2 0.170833 0.7375 2 0.185416 0.7375 2 0.1625 0.759375 2 0.177083 0.760937 2 0.160416 0.785937 2 0.177083 0.782812 2
0 0.869833 0.757195 0.0630833 0.0991094 0 0 0 0 0 0 0 0 0 0 0 0 0 0 0 0 0 0 0 0 0 0 0 0 0 0 0 0 0 0 0 0 0 0 0 0 0 0 0 0 0 0 0 0 0 0 0 0 0 0 0
0 0.983198 0.726961 0.0239792 0.0367969 0 0 0 0 0 0 0 0 0 0 0 0 0 0 0 0 0 0 0 0 0 0 0 0 0 0 0 0 0 0 0 0 0 0 0 0 0 0 0 0 0 0 0 0 0 0 0 0 0 0 0
0 0.334896 0.708555 0.0140833 0.0365469 0 0 0 0 0 0 0 0 0 0 0 0 0 0 0 0 0 0 0 0 0 0 0 0 0 0 0 0 0 0 0 0 0 0 0 0 0 0 0 0 0 0 0 0 0 0 0 0 0 0 0
0 0.198073 0.740664 0.0309375 0.102109 0 0 0 0 0 0 0 0 0 0 0 0 0 0 0 0 0 0 0 0 0 0 0 0 0 0 0 0 0 0 0 0 0 0 0 0 0 0 0 0 0 0 0 0 0 0 0 0 0 0 0
0 0.950125 0.723922 0.0345 0.0386562 0 0 0 0 0 0 0 0 0 0 0 0 0 0 0 0 0 0 0 0 0 0 0 0 0 0 0 0 0 0 0 0 0 0 0 0 0 0 0 0 0 0 0 0 0 0 0 0 0 0 0
0 0.846948 0.715391 0.0397292 0.0470313 0 0 0 0 0 0 0 0 0 0 0 0 0 0 0 0 0 0 0 0 0 0 0 0 0 0 0 0 0 0 0 0 0 0 0 0 0 0 0 0 0 0 0 0 0 0 0 0 0 0 0
0 0.674083 0.71007 0.017 0.0259219 0 0 0 0 0 0 0 0 0 0 0 0 0 0 0 0 0 0 0 0 0 0 0 0 0 0 0 0 0 0 0 0 0 0 0 0 0 0 0 0 0 0 0 0 0 0 0 0 0 0 0
0 0.222375 0.713094 0.0174167 0.0235 0 0 0 0 0 0 0 0 0 0 0 0 0 0 0 0 0 0 0 0 0 0 0 0 0 0 0 0 0 0 0 0 0 0 0 0 0 0 0 0 0 0 0 0 0 0 0 0 0 0 0
