0 0.310506 0.606844 0.423788 0.362312 0.348235 0.54375 2 0.362352 0.520312 2 0.327058 0.523437 2 0 0 0 0.25647 0.510937 2 0.303529 0.535937 2 0.145882 0.584375 2 0.367058 0.592187 2 0.181176 0.75 1 0.512941 0.578125 2 0.357647 0.753125 1 0.371764 0.753125 1 0.254117 0.767187 2 0 0 0 0 0 0 0 0 0 0 0 0
0 0.407529 0.253258 0.364188 0.368078 0.503529 0.175 2 0.522352 0.165625 2 0.489411 0.159375 2 0 0 0 0.442352 0.1375 2 0.512941 0.2125 2 0.343529 0.19375 2 0.501176 0.326562 2 0.258823 0.3 2 0.534117 0.384375 2 0.338823 0.353125 2 0.447058 0.426562 1 0.291764 0.421875 2 0 0 0 0 0 0 0 0 0 0 0 0
0 0.170847 0.299992 0.112988 0.451109 0.152941 0.1625 2 0.167058 0.153125 2 0.13647 0.151562 1 0 0 0 0 0 0 0.178823 0.210937 2 0 0 0 0 0 0 0 0 0 0 0 0 0 0 0 0.2 0.44375 2 0.12 0.453125 1 0 0 0 0 0 0 0 0 0 0 0 0
0 0.908012 0.293648 0.183976 0.321672 0.85647 0.21875 2 0 0 0 0 0 0 0.924705 0.19375 2 0 0 0 0.974117 0.267187 2 0.872941 0.25 2 0.992941 0.35625 2 0 0 0 0.969411 0.442187 2 0 0 0 0.924705 0.45625 1 0.851764 0.4375 1 0 0 0 0 0 0 0 0 0 0 0 0
0 0.774341 0.147477 0.132918 0.177984 0.781176 0.126562 2 0.802352 0.115625 2 0.767058 0.1125 2 0.818823 0.121875 2 0.748235 0.115625 2 0.837647 0.170312 1 0.69647 0.164062 1 0 0 0 0 0 0 0 0 0 0 0 0 0 0 0 0 0 0 0 0 0 0 0 0 0 0 0 0 0 0
0 0.671247 0.156875 0.210965 0.142063 0.649411 0.1375 2 0.668235 0.128124 2 0.635294 0.126562 2 0.691764 0.135937 2 0.618823 0.135937 2 0.722352 0.175 2 0.585882 0.171875 2 0.748235 0.232812 1 0.56 0.228125 1 0 0 0 0 0 0 0.705882 0.28125 1 0.604705 0.275 1 0 0 0 0 0 0 0 0 0 0 0 0
0 0.130576 0.601352 0.254376 0.797297 0 0 0 0 0 0 0 0 0 0 0 0 0 0 0 0.190588 0.215625 1 0.084705 0.21875 1 0 0 0 0 0 0 0 0 0 0 0 0 0.195294 0.528125 1 0.141176 0.528125 1 0 0 0 0 0 0 0 0 0 0 0 0
0 0.275612 0.215102 0.212918 0.393641 0.289411 0.095312 2 0.301176 0.082812 2 0.268235 0.082812 2 0.327058 0.0875 1 0.232941 0.085937 2 0.36 0.16875 2 0.164705 0.165625 1 0 0 0 0 0 0 0 0 0 0 0 0 0 0 0 0 0 0 0 0 0 0 0 0 0 0 0 0 0 0
0 0.608224 0.844219 0.644729 0.30825 0 0 0 0 0 0 0 0 0 0 0 0 0 0 0 0.727058 0.990625 2 0.952941 0.929687 1 0 0 0 0 0 0 0.374117 0.91875 2 0.717647 0.89375 2 0 0 0 0 0 0 0 0 0 0 0 0 0 0 0 0 0 0
0 0.100576 0.225773 0.153859 0.315578 0.108235 0.184375 2 0.131764 0.160937 2 0.084705 0.15625 2 0 0 0 0.025882 0.139062 1 0.105882 0.220312 2 0 0 0 0 0 0 0 0 0 0 0 0 0 0 0 0 0 0 0 0 0 0 0 0 0 0 0 0 0 0 0 0 0
0 0.971412 0.179258 0.0571765 0.108953 0 0 0 0 0 0 0 0 0 0 0 0 0 0 0 0 0 0 0 0 0 0 0 0 0 0 0 0 0 0 0 0 0 0 0 0 0 0 0 0 0 0 0 0 0 0 0 0 0 0 0
0 0.630588 0.264164 0.198588 0.227266 0.644705 0.204687 2 0.658823 0.195312 2 0.628235 0.19375 2 0.684705 0.196875 2 0.609411 0.201562 1 0.710588 0.235937 1 0.578823 0.251562 2 0 0 0 0.552941 0.3125 2 0 0 0 0 0 0 0 0 0 0 0 0 0 0 0 0 0 0 0 0 0 0 0 0
0 0.760424 0.319539 0.194824 0.199641 0.731764 0.309375 2 0.748235 0.296875 2 0.722352 0.3 2 0.788235 0.271875 2 0 0 0 0.825882 0.285937 2 0.682352 0.284375 1 0 0 0 0 0 0 0 0 0 0 0 0 0.809411 0.390625 1 0.741176 0.384375 1 0 0 0 0 0 0 0 0 0 0 0 0
0 0.498824 0.294531 0.997647 0.532813 0 0 0 0 0 0 0 0 0 0 0 0 0 0 0 0 0 0 0 0 0 0 0 0 0 0 0 0 0 0 0 0 0 0 0 0 0 0 0 0 0 0 0 0 0 0 0 0 0 0 0
