0 0.796142 0.86682 0.150597 0.204141 0.773662 0.804687 2 0.77572 0.796875 2 0 0 0 0.788065 0.8 2 0 0 0 0.781893 0.840625 2 0.851851 0.832812 2 0.755144 0.898437 2 0.855967 0.890625 2 0.73251 0.945312 2 0 0 0 0.792181 0.925 1 0.841563 0.926562 2 0 0 0 0 0 0 0 0 0 0 0 0
0 0.668302 0.382805 0.208128 0.217797 0.707818 0.31875 1 0.709876 0.315625 1 0 0 0 0.699588 0.310937 2 0 0 0 0.666666 0.339062 2 0.64609 0.314062 2 0.652263 0.375 2 0.681069 0.298437 2 0.664609 0.409375 2 0.742798 0.2875 2 0.619341 0.395312 2 0.584362 0.390625 2 0.660493 0.432812 2 0.606995 0.434375 2 0.662551 0.4875 1 0.572016 0.490625 1
0 0.405463 0.197547 0.05607 0.118687 0 0 0 0 0 0 0 0 0 0 0 0 0 0 0 0 0 0 0 0 0 0 0 0 0 0 0 0 0 0 0 0 0 0 0 0 0 0 0 0 0 0 0 0 0 0 0 0 0 0 0
0 0.795525 0.119727 0.0543827 0.106484 0.790123 0.078125 2 0.792181 0.075 2 0.788065 0.075 2 0.798353 0.076562 2 0 0 0 0.802469 0.085937 2 0.777777 0.085937 1 0.816872 0.101562 2 0 0 0 0.802469 0.110937 2 0 0 0 0.798353 0.1125 2 0.779835 0.1125 2 0.800411 0.139062 2 0.777777 0.139062 2 0.800411 0.160937 2 0.779835 0.160937 2
0 0.183385 0.712445 0.0630247 0.0782969 0 0 0 0 0 0 0 0 0 0 0 0 0 0 0 0 0 0 0 0 0 0 0 0 0 0 0 0 0 0 0 0 0 0 0 0 0 0 0 0 0 0 0 0 0 0 0 0 0 0 0
0 0.391852 0.654875 0.0486008 0.0522188 0 0 0 0 0 0 0 0 0 0 0 0 0 0 0 0 0 0 0 0 0 0 0 0 0 0 0 0 0 0 0 0 0 0 0 0 0 0 0 0 0 0 0 0 0 0 0 0 0 0 0
0 0.794681 0.611625 0.0510905 0.106344 0 0 0 0 0 0 0 0 0 0 0 0 0 0 0 0 0 0 0 0 0 0 0 0 0 0 0 0 0 0 0 0 0 0 0 0 0 0 0 0 0 0 0 0 0 0 0 0 0 0 0
0 0.23714 0.63443 0.0426749 0.0972031 0 0 0 0 0 0 0 0 0 0 0 0 0 0 0 0 0 0 0 0 0 0 0 0 0 0 0 0 0 0 0 0 0 0 0 0 0 0 0 0 0 0 0 0 0 0 0 0 0 0 0
0 0.956831 0.601719 0.0484362 0.128 0 0 0 0 0 0 0 0 0 0 0 0 0 0 0 0.962962 0.554687 2 0.944444 0.559375 2 0.975308 0.570312 2 0.942386 0.576562 2 0.969135 0.582812 2 0.936213 0.590625 2 0.969135 0.585937 2 0.952674 0.5875 2 0.962962 0.60625 2 0.954732 0.60625 2 0.96502 0.629687 2 0.954732 0.629687 2
0 0.0333128 0.638453 0.0566667 0.111969 0.039094 0.595312 2 0.041152 0.592187 2 0.037037 0.592187 2 0 0 0 0.030864 0.592187 2 0.049382 0.604687 2 0.026748 0.60625 2 0.055555 0.617187 2 0.010288 0.61875 2 0.055555 0.632812 2 0.01646 0.632812 2 0.047325 0.6375 2 0.028806 0.6375 2 0.045267 0.6625 2 0.028806 0.6625 2 0.047325 0.684375 2 0.028806 0.682812 2
0 0.963241 0.0977578 0.0443827 0.110109 0 0 0 0 0 0 0 0 0 0 0 0 0 0 0 0 0 0 0 0 0 0 0 0 0 0 0 0 0 0 0 0 0 0 0 0 0 0 0 0 0 0 0 0 0 0 0 0 0 0 0
0 0.878076 0.105508 0.0403909 0.0939531 0 0 0 0 0 0 0 0 0 0 0 0 0 0 0 0 0 0 0 0 0 0 0 0 0 0 0 0 0 0 0 0 0 0 0 0 0 0 0 0 0 0 0 0 0 0 0 0 0 0 0
0 0.451502 0.346758 0.123128 0.319484 0.481481 0.220312 2 0 0 0 0.475308 0.2125 2 0 0 0 0.454732 0.209375 2 0.403292 0.248437 2 0.467078 0.248437 2 0 0 0 0.491769 0.307812 2 0 0 0 0.504115 0.345312 2 0.41358 0.35 2 0.458847 0.35 2 0.419753 0.421875 2 0.45679 0.420312 2 0.425925 0.501562 2 0.452674 0.503125 1
0 0.496914 0.357812 0.985597 0.684375 0 0 0 0 0 0 0 0 0 0 0 0 0 0 0 0 0 0 0 0 0 0 0 0 0 0 0 0 0 0 0 0 0 0 0 0 0 0 0 0 0 0 0 0 0 0 0 0 0 0 0
