0 0.111234 0.646927 0.198875 0.449437 0 0 0 0 0 0 0 0 0 0 0 0 0.175 0.491666 2 0.109375 0.50625 2 0.148437 0.525 2 0 0 0 0.109375 0.5875 1 0 0 0 0.115625 0.675 2 0.020312 0.610416 2 0.060937 0.625 2 0.059375 0.7125 2 0.101562 0.71875 2 0.046875 0.841666 2 0.059375 0.845833 2
0 0.770219 0.41124 0.09775 0.274146 0 0 0 0 0 0 0 0 0 0 0 0 0 0 0 0.801562 0.289583 2 0.7625 0.29375 2 0.796875 0.341666 2 0.75625 0.3375 2 0.778125 0.316666 2 0.74375 0.3125 2 0.8 0.391666 2 0.770312 0.39375 2 0.8 0.460416 2 0.767187 0.4625 2 0.790625 0.533333 2 0.792187 0.522916 2
0 0.686805 0.279771 0.0623594 0.2045 0.68125 0.195833 2 0.68125 0.191666 2 0.676562 0.19375 2 0 0 0 0.66875 0.2 2 0.692187 0.2125 2 0.664062 0.220833 2 0.696875 0.2375 2 0.657812 0.247916 2 0.7 0.260416 1 0.660937 0.272916 1 0.690625 0.272916 1 0.670312 0.272916 1 0.695312 0.3125 1 0.675 0.310416 2 0.7 0.35 2 0.676562 0.354166 2
0 0.0404531 0.426969 0.0809062 0.274146 0.079687 0.322916 2 0 0 0 0.076562 0.316666 2 0 0 0 0.059375 0.31875 2 0 0 0 0.046875 0.370833 2 0 0 0 0.032812 0.454166 2 0 0 0 0.039062 0.514583 2 0 0 0 0.028125 0.472916 2 0 0 0 0.073437 0.539583 1 0 0 0 0 0 0
0 0.411859 0.367542 0.112625 0.31075 0.4 0.245833 2 0 0 0 0 0 0 0 0 0 0 0 0 0.421875 0.264583 1 0.389062 0.266666 1 0.420312 0.302083 2 0.379687 0.289583 1 0.379687 0.314583 2 0.360937 0.304166 2 0.425 0.35625 1 0.407812 0.35625 1 0.425 0.422916 2 0.403125 0.425 2 0.425 0.502083 2 0.448437 0.483333 1
0 0.836633 0.376708 0.0935156 0.351958 0.8375 0.2375 2 0.842187 0.23125 2 0.832812 0.23125 2 0.85625 0.233333 2 0 0 0 0.871875 0.272916 1 0.826562 0.266666 1 0.857812 0.308333 2 0.807812 0.289583 2 0.826562 0.310416 2 0.8 0.314583 2 0.860937 0.38125 2 0.834375 0.38125 2 0.851562 0.44375 2 0.845312 0.452083 2 0.870312 0.520833 2 0.854687 0.53125 2
0 0.358047 0.121729 0.045125 0.0556667 0 0 0 0 0 0 0 0 0 0 0 0 0 0 0 0 0 0 0 0 0 0 0 0 0 0 0 0 0 0 0 0 0 0 0 0 0 0 0 0 0 0 0 0 0 0 0 0 0 0 0
0 0.586211 0.367729 0.108141 0.269625 0 0 0 0 0 0 0 0 0 0 0 0 0 0 0 0.61875 0.304166 2 0.570312 0.2875 1 0.6125 0.35625 2 0.545312 0.3125 2 0.592187 0.372916 2 0.546875 0.339583 2 0.592187 0.389583 2 0.559375 0.38125 2 0.603125 0.452083 2 0.559375 0.452083 1 0.621875 0.520833 1 0 0 0
0 0.921281 0.362313 0.0785 0.389292 0.910937 0.210416 2 0.914062 0.204166 2 0.907812 0.204166 2 0.928125 0.202083 2 0 0 0 0.940625 0.2375 2 0.90625 0.241666 2 0.946875 0.297916 1 0.895312 0.29375 2 0.904687 0.3125 2 0.884375 0.308333 2 0.932812 0.35 2 0.910937 0.347916 2 0.934375 0.445833 2 0.9125 0.44375 2 0.94375 0.53125 2 0.926562 0.527083 2
0 0.970969 0.331219 0.0580625 0.262521 0.975 0.239583 2 0.98125 0.233333 2 0.970312 0.233333 2 0.99375 0.23125 2 0 0 0 0 0 0 0.965625 0.270833 1 0 0 0 0.934375 0.291666 1 0.975 0.314583 2 0.951562 0.30625 2 0 0 0 0.989062 0.385416 2 0 0 0 0 0 0 0 0 0 0 0 0
0 0.627 0.20226 0.0404375 0.0765208 0 0 0 0 0 0 0 0 0 0 0 0 0 0 0 0 0 0 0 0 0 0 0 0 0 0 0 0 0 0 0 0 0 0 0 0 0 0 0 0 0 0 0 0 0 0 0 0 0 0 0
0 0.45932 0.277938 0.0625469 0.140708 0.459375 0.239583 2 0.4625 0.233333 2 0.454687 0.235416 2 0.471875 0.235416 2 0.45 0.241666 2 0.479687 0.256249 2 0.445312 0.260416 1 0.473437 0.30625 2 0.434375 0.302083 2 0.446875 0.308333 2 0.453125 0.310416 2 0.478125 0.3625 1 0.454687 0.364583 1 0 0 0 0 0 0 0 0 0 0 0 0
0 0.462266 0.192188 0.045625 0.0608333 0 0 0 0 0 0 0 0 0 0 0 0 0 0 0 0 0 0 0 0 0 0 0 0 0 0 0 0 0 0 0 0 0 0 0 0 0 0 0 0 0 0 0 0 0 0 0 0 0 0 0
0 0.499219 0.48125 0.998437 0.9625 0 0 0 0 0 0 0 0 0 0 0 0 0 0 0 0 0 0 0 0 0 0 0 0 0 0 0 0 0 0 0 0 0 0 0 0 0 0 0 0 0 0 0 0 0 0 0 0 0 0 0
