0 0.600383 0.563747 0.258172 0.677611 0.585937 0.353629 2 0.603125 0.334894 2 0.576562 0.334894 2 0.626562 0.327868 2 0 0 0 0.645312 0.400468 2 0.55 0.365339 2 0.69375 0.437939 1 0.501562 0.407494 2 0.73125 0.52459 1 0.50625 0.498829 2 0.620312 0.538641 2 0.564062 0.555035 2 0.63125 0.655737 2 0.532812 0.690866 2 0.657812 0.833723 2 0.49375 0.836065 2
0 0.72368 0.314742 0.114703 0.309625 0.698437 0.217798 2 0.704687 0.206088 2 0.6875 0.206088 2 0.714062 0.210772 2 0.675 0.215456 2 0.746875 0.28103 1 0.664062 0.276346 1 0.776562 0.362997 1 0 0 0 0.760937 0.358313 2 0 0 0 0 0 0 0 0 0 0 0 0 0 0 0 0 0 0 0 0 0
0 0.832094 0.494379 0.335812 0.988759 0 0 0 0 0 0 0 0 0 0 0 0 0 0 0 0 0 0 0 0 0 0.78125 0.114754 2 0 0 0 0.707812 0.323185 2 0 0 0 0.875 0.348946 2 0.971875 0.362997 2 0.7375 0.639344 2 0.907812 0.679156 2 0 0 0 0 0 0
0 0.446039 0.455059 0.238391 0.829227 0.482812 0.15925 2 0.495312 0.140515 2 0.471875 0.140515 2 0.509375 0.138173 2 0.445312 0.140515 2 0.517187 0.238875 2 0.417187 0.213114 2 0.589062 0.344262 1 0.334375 0.28103 2 0 0 0 0 0 0 0.465625 0.482435 2 0.407812 0.470725 2 0.4625 0.63466 2 0.414062 0.597189 2 0.442187 0.840749 1 0.36875 0.819672 2
0 0.254703 0.495492 0.178812 0.826581 0.248437 0.192037 2 0.265625 0.175644 2 0.239062 0.17096 2 0.282812 0.182669 2 0.223437 0.175644 2 0.303125 0.266978 2 0.203125 0.250585 2 0.314062 0.3911 2 0.178125 0.304449 2 0 0 0 0.240625 0.245901 2 0.301562 0.473067 2 0.251562 0.508196 2 0.251562 0.519906 2 0.273437 0.697892 2 0.317187 0.707259 2 0.301562 0.852459 2
0 0.107953 0.526276 0.212906 0.905621 0 0 0 0 0 0 0 0 0 0 0 0 0 0 0 0 0 0 0.079687 0.276346 2 0 0 0 0.117187 0.405152 2 0 0 0 0.175 0.444964 2 0 0 0 0.05 0.580796 2 0 0 0 0.079687 0.768149 2 0 0 0 0.01875 0.941451 2
0 0.425055 0.113489 0.109453 0.217986 0 0 0 0 0 0 0 0 0 0 0 0 0 0 0 0.467187 0.025761 2 0.395312 0.053864 2 0 0 0 0.390625 0.192037 2 0 0 0 0 0 0 0.475 0.274004 1 0.425 0.28103 1 0 0 0 0 0 0 0 0 0 0 0 0
0 0.179875 0.377705 0.0570312 0.140937 0 0 0 0 0 0 0 0 0 0 0 0 0 0 0 0.167187 0.372365 2 0 0 0 0 0 0 0 0 0 0 0 0 0 0 0 0 0 0 0 0 0 0 0 0 0 0 0 0 0 0 0 0 0
0 0.34193 0.45226 0.0576406 0.246628 0 0 0 0 0 0 0 0 0 0 0 0 0 0 0 0 0 0 0 0 0 0 0 0 0 0 0 0 0 0 0 0 0 0 0 0 0 0 0 0.323437 0.3911 1 0.346875 0.45199 2 0.340625 0.498829 2 0.3875 0.62295 1
0 0.173656 0.552963 0.150688 0.222646 0 0 0 0 0 0 0 0 0 0 0 0 0 0 0 0 0 0 0 0 0 0 0 0 0 0 0 0 0 0 0 0 0 0.1 0.498829 2 0.079687 0.51288 1 0.16875 0.50117 2 0.15 0.515222 2 0.229687 0.63466 2 0.215625 0.644028 2
0 0.372555 0.474485 0.0491719 0.365644 0 0 0 0 0 0 0 0 0 0 0 0 0 0 0 0 0 0 0 0 0 0 0 0 0 0 0 0 0 0 0 0 0 0 0 0 0 0 0 0.317187 0.388758 1 0.35 0.454332 1 0.3375 0.505854 1 0.3875 0.627634 2
0 0.65318 0.310562 0.0430469 0.148244 0.6625 0.297423 2 0.665625 0.290398 2 0.653125 0.290398 2 0 0 0 0.639062 0.297423 2 0.676562 0.346604 1 0.623437 0.346604 1 0 0 0 0 0 0 0 0 0 0 0 0 0 0 0 0 0 0 0 0 0 0 0 0 0 0 0 0 0 0
