0 0.639148 0.598809 0.200641 0.460831 0.690625 0.415512 2 0.692187 0.407202 2 0.684375 0.409972 2 0 0 0 0 0 0 0.698437 0.462603 2 0.657812 0.443213 2 0.720312 0.451523 2 0.625 0.457063 1 0.728125 0.432132 2 0.626562 0.493074 2 0.65625 0.587257 2 0.634375 0.573407 2 0.657812 0.656509 2 0.595312 0.653739 1 0.667187 0.770083 2 0.559375 0.734072 2
0 0.775648 0.440665 0.0971406 0.2041 0.740625 0.379501 2 0.745312 0.368421 2 0.735937 0.373961 2 0.753125 0.376731 2 0.729687 0.382271 1 0.779687 0.401662 2 0.73125 0.443213 1 0.795312 0.382271 2 0.748437 0.512465 2 0.778125 0.36011 2 0.78125 0.509695 2 0.79375 0.509695 2 0.76875 0.540166 1 0 0 0 0 0 0 0 0 0 0 0 0
0 0.874844 0.575139 0.0275 0.0796953 0 0 0 0 0 0 0 0 0 0 0 0 0 0 0 0 0 0 0 0 0 0 0 0 0 0 0 0 0 0 0 0 0 0 0 0 0 0 0 0 0 0 0 0 0 0 0 0 0 0 0
0 0.900656 0.574377 0.0115625 0.0301385 0 0 0 0 0 0 0 0 0 0 0 0 0 0 0 0 0 0 0 0 0 0 0 0 0 0 0 0 0 0 0 0 0 0 0 0 0 0 0 0 0 0 0 0 0 0 0 0 0 0 0
0 0.932617 0.582922 0.0142031 0.0374238 0 0 0 0 0 0 0 0 0 0 0 0 0 0 0 0 0 0 0 0 0 0 0 0 0 0 0 0 0 0 0 0 0 0 0 0 0 0 0 0 0 0 0 0 0 0 0 0 0 0 0
0 0.404297 0.562922 0.00903125 0.0186427 0 0 0 0 0 0 0 0 0 0 0 0 0 0 0 0 0 0 0 0 0 0 0 0 0 0 0 0 0 0 0 0 0 0 0 0 0 0 0 0 0 0 0 0 0 0 0 0 0 0 0
0 0.944031 0.579349 0.00925 0.0322161 0 0 0 0 0 0 0 0 0 0 0 0 0 0 0 0 0 0 0 0 0 0 0 0 0 0 0 0 0 0 0 0 0 0 0 0 0 0 0 0 0 0 0 0 0 0 0 0 0 0 0
0 0.994867 0.588892 0.00585938 0.0162327 0 0 0 0 0 0 0 0 0 0 0 0 0 0 0 0 0 0 0 0 0 0 0 0 0 0 0 0 0 0 0 0 0 0 0 0 0 0 0 0 0 0 0 0 0 0 0 0 0 0 0
0 0.0266797 0.688075 0.0533594 0.126122 0.028125 0.662049 2 0.03125 0.656509 2 0.025 0.659279 2 0 0 0 0 0 0 0.040625 0.68144 2 0.014062 0.68144 2 0.04375 0.709141 2 0.010937 0.706371 2 0.040625 0.731301 2 0.025 0.711911 2 0.029687 0.725761 2 0.0125 0.728531 2 0 0 0 0 0 0 0 0 0 0 0 0
0 0.838227 0.586427 0.00582812 0.0123546 0 0 0 0 0 0 0 0 0 0 0 0 0 0 0 0 0 0 0 0 0 0 0 0 0 0 0 0 0 0 0 0 0 0 0 0 0 0 0 0 0 0 0 0 0 0 0 0 0 0 0
