0 0.275563 0.689885 0.2545 0.593271 0.3 0.48125 2 0 0 0 0.289062 0.460416 2 0 0 0 0.267187 0.454166 2 0.159375 0.633333 2 0.3 0.595833 2 0 0 0 0.346875 0.779166 2 0 0 0 0 0 0 0.210937 0.98125 2 0.325 0.972916 2 0 0 0 0 0 0 0 0 0 0 0 0
0 0.403844 0.636437 0.177906 0.418083 0.398437 0.49375 2 0 0 0 0.390625 0.485416 2 0 0 0 0.364062 0.489583 2 0.4125 0.564583 2 0.335937 0.54375 1 0.4625 0.614583 2 0 0 0 0.507812 0.585416 1 0.30625 0.425 1 0.385937 0.745833 2 0.346875 0.741666 1 0.375 0.845833 1 0 0 0 0.360937 0.952083 1 0 0 0
0 0.542102 0.663021 0.111891 0.612958 0.576562 0.410416 2 0 0 0 0.5625 0.397916 2 0 0 0 0.535937 0.404166 2 0.56875 0.48125 2 0.512499 0.46875 2 0.575 0.56875 2 0.503125 0.56875 2 0.582812 0.647916 2 0.5625 0.610416 2 0.564062 0.65 2 0.525 0.65 2 0.55625 0.76875 2 0.526562 0.76875 2 0.535937 0.88125 2 0.50625 0.889583 2
0 0.644633 0.638563 0.0997969 0.4815 0.660937 0.429166 2 0.664062 0.425 2 0.653125 0.422916 2 0 0 0 0.632812 0.433333 2 0.670312 0.491666 2 0.61875 0.489583 2 0.670312 0.572916 2 0.6125 0.572916 2 0.678125 0.635416 2 0.657812 0.597916 2 0.6625 0.64375 2 0.625 0.641666 2 0.653125 0.745833 2 0.621875 0.741666 2 0.646875 0.841666 2 0.617187 0.839583 2
0 0.692031 0.614083 0.064625 0.41225 0.675 0.447916 2 0.68125 0.44375 2 0.66875 0.445833 2 0.689062 0.447916 2 0 0 0 0.69375 0.49375 2 0.65 0.491666 1 0.7125 0.56875 2 0 0 0 0.695312 0.614583 2 0 0 0 0.685937 0.622916 2 0 0 0 0.684375 0.704166 2 0 0 0 0.6875 0.76875 2 0 0 0
0 0.248961 0.368875 0.0608594 0.0605417 0 0 0 0 0 0 0 0 0 0 0 0 0 0 0 0 0 0 0 0 0 0 0 0 0 0 0 0 0 0 0 0 0 0 0 0 0 0 0 0 0 0 0 0 0 0 0 0 0 0 0
0 0.438992 0.628375 0.0943594 0.501083 0.457812 0.4125 2 0.460937 0.40625 2 0.451562 0.40625 2 0 0 0 0.428125 0.4125 2 0.467187 0.46875 2 0.40625 0.472916 2 0.478125 0.55 2 0 0 0 0.479687 0.622916 1 0 0 0 0.4625 0.635416 1 0.426562 0.6375 1 0.45625 0.745833 2 0.423437 0.747916 2 0.453125 0.820833 2 0.4125 0.8375 2
0 0.597914 0.505917 0.0645781 0.24875 0.584375 0.433333 2 0.589062 0.422916 2 0.578125 0.422916 2 0.604687 0.420833 2 0 0 0 0.615625 0.460416 2 0.571875 0.464583 2 0 0 0 0 0 0 0.596875 0.527083 2 0.58125 0.529166 2 0 0 0 0 0 0 0 0 0 0 0 0 0 0 0 0 0 0
0 0.413344 0.410354 0.0615938 0.120208 0 0 0 0 0 0 0 0 0 0 0 0 0 0 0 0 0 0 0 0 0 0 0 0 0 0 0 0 0 0 0 0 0 0 0 0 0 0 0 0 0 0 0 0 0 0 0 0 0 0 0
0 0.166375 0.550323 0.0740313 0.176938 0 0 0 0 0 0 0 0 0 0 0 0 0.179687 0.489583 2 0 0 0 0.18125 0.525 2 0 0 0 0 0 0 0 0 0 0 0 0 0.15 0.604166 2 0.15625 0.616666 2 0 0 0 0 0 0 0 0 0 0 0 0
0 0.315867 0.444844 0.0603594 0.168229 0 0 0 0 0 0 0 0 0 0 0 0 0.301562 0.408333 2 0.339062 0.477083 1 0.285937 0.477083 1 0 0 0 0 0 0 0 0 0 0 0 0 0 0 0 0 0 0 0 0 0 0 0 0 0 0 0 0 0 0
0 0.0667187 0.59674 0.1255 0.170187 0.051562 0.5375 2 0 0 0 0.045312 0.535416 2 0 0 0 0.032812 0.539583 2 0.051562 0.552083 2 0.0125 0.5625 2 0.078125 0.554166 2 0.0125 0.608333 1 0.109375 0.547916 2 0.034375 0.572916 2 0.059375 0.602083 2 0.042187 0.604166 2 0.079687 0.597916 2 0.051562 0.570833 2 0.065625 0.654166 2 0.092187 0.59375 2
