0 0.0427813 0.638571 0.050375 0.129696 0 0 0 0 0 0 0 0 0 0 0 0 0 0 0 0 0 0 0 0 0 0 0 0 0 0 0 0 0 0 0 0 0 0 0 0 0 0 0 0 0 0 0 0 0 0 0 0 0 0 0
0 0.0870156 0.640597 0.048625 0.124707 0.1 0.604215 2 0.101562 0.599531 2 0.096875 0.599531 2 0 0 0 0.092187 0.601873 2 0.103125 0.62295 2 0.085937 0.62295 2 0.101562 0.653395 2 0.0875 0.651053 2 0.103125 0.68384 2 0.09375 0.686182 2 0 0 0 0.076562 0.665105 2 0 0 0 0 0 0 0 0 0 0 0 0
0 0.520258 0.438208 0.173922 0.449438 0.521875 0.320843 1 0 0 0 0.521875 0.309133 2 0 0 0 0.512499 0.295081 2 0.4875 0.302107 2 0.482812 0.327868 2 0.523437 0.276346 2 0.532812 0.346604 2 0.554687 0.243559 2 0.578125 0.318501 2 0.479687 0.423887 2 0.46875 0.444964 2 0.553125 0.430913 2 0.509375 0.510538 2 0.570312 0.529274 2 0.523437 0.632318 2
0 0.661164 0.571721 0.0546719 0.157354 0 0 0 0 0 0 0 0 0 0 0 0 0 0 0 0 0 0 0 0 0 0 0 0 0 0 0 0 0 0 0 0 0 0 0 0 0 0 0 0 0 0 0 0 0 0 0 0 0 0 0
0 0.775141 0.571909 0.0539687 0.222459 0 0 0 0 0 0 0 0 0 0 0 0 0.790625 0.477751 2 0.76875 0.503512 2 0.798437 0.496487 2 0.765625 0.552693 2 0 0 0 0.767187 0.578454 2 0 0 0 0.78125 0.57377 2 0.801562 0.57377 1 0.751562 0.597189 2 0 0 0 0.765625 0.665105 2 0 0 0
0 0.187227 0.619941 0.0305156 0.0990867 0 0 0 0 0 0 0 0 0 0 0 0 0 0 0 0 0 0 0 0 0 0 0 0 0 0 0 0 0 0 0 0 0 0 0 0 0 0 0 0 0 0 0 0 0 0 0 0 0 0 0
0 0.721914 0.602681 0.0764531 0.330328 0 0 0 0 0 0 0 0 0 0.725 0.466042 2 0 0 0 0.742187 0.494145 2 0.70625 0.505854 2 0.748437 0.519906 2 0.692187 0.536299 2 0.723437 0.491803 2 0.703125 0.491803 2 0.739062 0.592505 2 0.715625 0.592505 2 0.746875 0.669789 2 0.720312 0.674473 2 0.746875 0.730679 2 0.720312 0.737704 2
0 0.45475 0.617681 0.044625 0.166932 0.445312 0.552693 2 0.445312 0.550351 2 0.442187 0.550351 2 0.45 0.550351 2 0.440625 0.555035 2 0.45625 0.566744 2 0.435937 0.576112 2 0.460937 0.590163 2 0.435937 0.597189 2 0.464062 0.608899 2 0.435937 0.62295 2 0.457812 0.615925 2 0.44375 0.620608 2 0.464062 0.658079 2 0.448437 0.658079 2 0.471875 0.68384 2 0.453125 0.688524 1
0 0.205852 0.726487 0.0619219 0.105714 0 0 0 0 0 0 0 0 0 0 0 0 0 0 0 0 0 0 0 0 0 0 0 0 0 0 0 0 0 0 0 0 0 0 0 0 0 0 0 0 0 0 0 0 0 0 0 0 0 0 0
0 0.144469 0.671909 0.055625 0.124426 0 0 0 0 0 0 0 0 0 0 0 0 0 0 0 0 0 0 0 0 0 0 0 0 0 0 0 0 0 0 0 0 0 0 0 0 0 0 0 0 0 0 0 0 0 0 0 0 0 0 0
0 0.903305 0.454157 0.0867344 0.17637 0.865625 0.416861 1 0.873437 0.407494 2 0 0 0 0.89375 0.409836 2 0 0 0 0.932812 0.437939 2 0.865625 0.437939 1 0.935937 0.526932 2 0.88125 0.519906 2 0 0 0 0 0 0 0.91875 0.522248 2 0.890625 0.517564 2 0 0 0 0 0 0 0 0 0 0 0 0
0 0.953125 0.5987 0.090125 0.693513 0.915625 0.353629 2 0.914062 0.334894 2 0 0 0 0.93125 0.325526 2 0 0 0 0.973437 0.355971 2 0.9625 0.384074 2 0 0 0 0.98125 0.477751 2 0 0 0 0.967187 0.576112 2 0 0 0 0 0 0 0 0 0 0.992187 0.618266 2 0 0 0 0.992187 0.857142 2
0 0.265508 0.627014 0.0312969 0.0716862 0 0 0 0 0 0 0 0 0 0 0 0 0 0 0 0 0 0 0 0 0 0 0 0 0 0 0 0 0 0 0 0 0 0 0 0 0 0 0 0 0 0 0 0 0 0 0 0 0 0 0
0 0.488281 0.569087 0.954688 0.52459 0 0 0 0 0 0 0 0 0 0 0 0 0 0 0 0 0 0 0 0 0 0 0 0 0 0 0 0 0 0 0 0 0 0 0 0 0 0 0 0 0 0 0 0 0 0 0 0 0 0 0
