0 0.754047 0.796159 0.0163125 0.0264169 0 0 0 0 0 0 0 0 0 0 0 0 0 0 0 0 0 0 0 0 0 0 0 0 0 0 0 0 0 0 0 0 0 0 0 0 0 0 0 0 0 0 0 0 0 0 0 0 0 0 0
0 0.867992 0.406569 0.212609 0.302927 0.825 0.304449 2 0.829687 0.295081 2 0.817187 0.295081 2 0.834375 0.295081 2 0.798437 0.304449 2 0.853125 0.358313 2 0.790625 0.372365 2 0.907812 0.353629 2 0.771875 0.435597 2 0.940625 0.309133 2 0.782812 0.454332 2 0.85 0.503512 2 0.807812 0.508196 1 0.865625 0.615925 1 0.803125 0.62295 1 0 0 0 0 0 0
0 0.711922 0.423361 0.103469 0.275012 0.728125 0.348946 2 0.729687 0.339578 2 0.720312 0.339578 2 0 0 0 0.698437 0.353629 2 0.75625 0.40281 2 0.675 0.414519 2 0 0 0 0.665625 0.503512 2 0 0 0 0.701562 0.482435 2 0.74375 0.557377 1 0.698437 0.557377 2 0 0 0 0 0 0 0 0 0 0 0 0
0 0.502188 0.458349 0.0684063 0.141148 0.4875 0.444964 2 0.49375 0.433255 2 0.482812 0.435597 2 0.509375 0.435597 2 0 0 0 0.520312 0.484777 2 0 0 0 0 0 0 0 0 0 0 0 0 0 0 0 0 0 0 0 0 0 0 0 0 0 0 0 0 0 0 0 0 0
0 0.432281 0.495492 0.0675937 0.106487 0.43125 0.496487 2 0.4375 0.487119 2 0.426562 0.487119 2 0.448437 0.487119 2 0.425 0.489461 2 0.470312 0.519906 1 0.409375 0.533957 2 0 0 0 0 0 0 0 0 0 0 0 0 0 0 0 0 0 0 0 0 0 0 0 0 0 0 0 0 0 0
0 0.781734 0.792857 0.0123438 0.0277752 0 0 0 0 0 0 0 0 0 0 0 0 0 0 0 0 0 0 0 0 0 0 0 0 0 0 0 0 0 0 0 0 0 0 0 0 0 0 0 0 0 0 0 0 0 0 0 0 0 0 0
0 0.839008 0.792693 0.0101719 0.0162061 0 0 0 0 0 0 0 0 0 0 0 0 0 0 0 0 0 0 0 0 0 0 0 0 0 0 0 0 0 0 0 0 0 0 0 0 0 0 0 0 0 0 0 0 0 0 0 0 0 0 0
0 0.710289 0.797283 0.0182031 0.0285246 0 0 0 0 0 0 0 0 0 0 0 0 0 0 0 0 0 0 0 0 0 0 0 0 0 0 0 0 0 0 0 0 0 0 0 0 0 0 0 0 0 0 0 0 0 0 0 0 0 0 0
0 0.545016 0.820539 0.011125 0.0164871 0 0 0 0 0 0 0 0 0 0 0 0 0 0 0 0 0 0 0 0 0 0 0 0 0 0 0 0 0 0 0 0 0 0 0 0 0 0 0 0 0 0 0 0 0 0 0 0 0 0 0
0 0.687836 0.804778 0.0110156 0.0185012 0 0 0 0 0 0 0 0 0 0 0 0 0 0 0 0 0 0 0 0 0 0 0 0 0 0 0 0 0 0 0 0 0 0 0 0 0 0 0 0 0 0 0 0 0 0 0 0 0 0 0
0 0.657055 0.809918 0.0142656 0.0196019 0 0 0 0 0 0 0 0 0 0 0 0 0 0 0 0 0 0 0 0 0 0 0 0 0 0 0 0 0 0 0 0 0 0 0 0 0 0 0 0 0 0 0 0 0 0 0 0 0 0 0
0 0.648867 0.809321 0.00801563 0.018548 0 0 0 0 0 0 0 0 0 0 0 0 0 0 0 0 0 0 0 0 0 0 0 0 0 0 0 0 0 0 0 0 0 0 0 0 0 0 0 0 0 0 0 0 0 0 0 0 0 0 0
0 0.520086 0.818372 0.0129844 0.0253162 0 0 0 0 0 0 0 0 0 0 0 0 0 0 0 0 0 0 0 0 0 0 0 0 0 0 0 0 0 0 0 0 0 0 0 0 0 0 0 0 0 0 0 0 0 0 0 0 0 0 0
0 0.667188 0.803279 0.35 0.0655738 0 0 0 0 0 0 0 0 0 0 0 0 0 0 0 0 0 0 0 0 0 0 0 0 0 0 0 0 0 0 0 0 0 0 0 0 0 0 0 0 0 0 0 0 0 0 0 0 0 0 0
