0 0.19068 0.614875 0.111141 0.327694 0.201562 0.494444 2 0.203125 0.488888 2 0.196875 0.488888 2 0 0 0 0.190625 0.497222 2 0.215625 0.525 2 0.178125 0.533333 2 0.242187 0.547222 2 0 0 0 0.21875 0.519444 2 0 0 0 0.209375 0.602777 2 0.18125 0.605555 1 0.232812 0.65 2 0.153125 0.661111 2 0.2375 0.733333 2 0.159375 0.736111 1
0 0.0397813 0.657056 0.0309063 0.176611 0 0 0 0 0 0 0 0 0 0 0 0 0 0 0 0 0 0 0 0 0 0 0 0 0 0 0 0 0 0 0 0 0 0 0 0 0 0 0 0 0 0 0 0 0 0 0 0 0 0 0
0 0.0104453 0.656486 0.0197656 0.176639 0 0 0 0 0 0 0 0 0 0 0 0 0 0 0 0 0 0 0 0 0 0 0 0 0 0 0 0 0 0 0 0 0 0 0 0 0 0 0 0 0 0 0 0 0 0 0 0 0 0 0
0 0.284211 0.505764 0.0562031 0.123306 0 0 0 0 0 0 0 0 0 0 0 0 0 0 0 0 0 0 0 0 0 0 0 0 0 0 0 0 0 0 0 0 0 0 0 0 0 0 0 0 0 0 0 0 0 0 0 0 0 0 0
0 0.417242 0.543986 0.0380781 0.133028 0 0 0 0 0 0 0 0 0 0 0 0 0 0 0 0 0 0 0 0 0 0 0 0 0 0 0 0 0 0 0 0 0 0 0 0 0 0 0 0 0 0 0 0 0 0 0 0 0 0 0
0 0.391914 0.605931 0.0547344 0.249972 0.367187 0.505555 2 0.371875 0.497222 2 0.365625 0.5 2 0.378125 0.508333 2 0 0 0 0.382812 0.533333 2 0 0 0 0.403125 0.602777 2 0 0 0 0.4 0.577777 2 0 0 0 0.385937 0.616666 2 0 0 0 0.404687 0.661111 2 0 0 0 0.410937 0.725 1 0 0 0
0 0.476836 0.582486 0.111266 0.315139 0.478125 0.461111 2 0.48125 0.458333 2 0.475 0.458333 2 0.4875 0.461111 2 0.465625 0.458333 2 0.496875 0.5 2 0.454687 0.5 2 0.503125 0.561111 2 0.435937 0.530555 1 0.485937 0.544444 2 0.4375 0.566666 1 0.495312 0.591666 2 0.457812 0.588888 1 0.517187 0.636111 2 0.43125 0.644444 2 0.517187 0.713888 1 0.43125 0.741666 1
0 0.771508 0.543597 0.0750156 0.255917 0.75625 0.441666 2 0.759375 0.438888 2 0.753125 0.438888 2 0.765625 0.441666 2 0 0 0 0.778125 0.475 2 0.742187 0.475 2 0.782812 0.513888 2 0.740625 0.511111 2 0.771875 0.538888 2 0.748437 0.533333 1 0.776562 0.555555 1 0.754687 0.558333 1 0.801562 0.583333 2 0.7375 0.580555 1 0.801562 0.638888 2 0.732812 0.647222 1
0 0.671617 0.579958 0.132047 0.343972 0.664062 0.441666 2 0.667187 0.436111 2 0.660937 0.436111 2 0 0 0 0.65 0.441666 2 0.670312 0.475 2 0.629687 0.475 2 0.684375 0.522222 2 0.614062 0.530555 2 0.670312 0.533333 2 0.629687 0.516666 2 0.671875 0.566666 1 0.639062 0.569444 2 0.703125 0.608333 1 0.617187 0.633333 2 0.717187 0.711111 2 0.615625 0.725 2
0 0.354047 0.639528 0.0816562 0.3895 0.334375 0.491666 2 0.339062 0.483333 2 0.332812 0.483333 2 0.35 0.486111 2 0 0 0 0.367187 0.530555 2 0.323437 0.525 2 0.378125 0.591666 2 0.3125 0.588888 1 0.357812 0.577777 2 0.326562 0.577777 2 0.357812 0.630555 2 0.326562 0.630555 1 0.385937 0.702777 2 0.2875 0.7 1 0.379687 0.797222 2 0.284375 0.788888 1
0 0.569953 0.516944 0.0820937 0.1965 0.573437 0.455555 2 0.575 0.447222 2 0.56875 0.447222 2 0 0 0 0.557812 0.458333 2 0.579687 0.483333 2 0.546875 0.5 2 0.595312 0.530555 2 0.539062 0.555555 2 0.590625 0.538888 2 0.55625 0.561111 2 0.585937 0.569444 2 0.557812 0.566666 2 0 0 0 0 0 0 0 0 0 0 0 0
0 0.931 0.501833 0.060625 0.218778 0.935937 0.425 2 0.939062 0.419444 2 0.932812 0.419444 2 0.94375 0.419444 2 0 0 0 0.951562 0.438888 1 0.920312 0.438888 2 0.954687 0.475 2 0.917187 0.488888 2 0.95 0.497222 2 0.93125 0.505555 2 0 0 0 0 0 0 0 0 0 0 0 0 0 0 0 0 0 0
0 0.84732 0.553208 0.0697969 0.215028 0 0 0 0 0 0 0 0 0 0 0 0 0 0 0 0 0 0 0 0 0 0 0 0 0 0 0 0 0 0 0 0 0 0 0 0 0 0 0 0 0 0 0 0 0 0 0 0 0 0 0
0 0.711719 0.640278 0.573438 0.491667 0 0 0 0 0 0 0 0 0 0 0 0 0 0 0 0 0 0 0 0 0 0 0 0 0 0 0 0 0 0 0 0 0 0 0 0 0 0 0 0 0 0 0 0 0 0 0 0 0 0 0
