0 0.471859 0.840375 0.0904375 0.285386 0 0 0 0 0 0 0 0 0 0.460937 0.735362 2 0.482812 0.735362 2 0.44375 0.779859 2 0.490625 0.779859 2 0.432812 0.831381 2 0.512499 0.803278 2 0.45625 0.824355 2 0.489062 0.763466 2 0.45 0.873536 2 0.48125 0.875878 2 0.457812 0.913348 2 0.470312 0.985948 1 0.460937 0.981264 1 0 0 0
0 0.806625 0.851686 0.0629687 0.269649 0 0 0 0 0 0 0 0 0 0 0 0 0 0 0 0.795312 0.765807 1 0.8125 0.786885 2 0.779687 0.812646 2 0.796875 0.831381 2 0.820312 0.81733 2 0.823437 0.843091 2 0 0 0 0.803125 0.880562 2 0 0 0 0.801562 0.960187 2 0 0 0 0 0 0
0 0.866508 0.582424 0.0286094 0.116745 0 0 0 0 0 0 0 0 0 0 0 0 0 0 0 0 0 0 0 0 0 0 0 0 0 0 0 0 0 0 0 0 0 0 0 0 0 0 0 0 0 0 0 0 0 0 0 0 0 0 0
0 0.946383 0.527155 0.0242969 0.0969789 0 0 0 0 0 0 0 0 0 0 0 0 0 0 0 0 0 0 0 0 0 0 0 0 0 0 0 0 0 0 0 0 0 0 0 0 0 0 0 0 0 0 0 0 0 0 0 0 0 0 0
0 0.794273 0.648044 0.0343594 0.182225 0 0 0 0 0 0 0 0 0 0 0 0 0 0 0 0 0 0 0 0 0 0 0 0 0 0 0 0 0 0 0 0 0 0 0 0 0 0 0 0 0 0 0 0 0 0 0 0 0 0 0
0 0.837883 0.596054 0.0279531 0.165972 0 0 0 0 0 0 0 0 0 0 0 0 0 0 0 0 0 0 0 0 0 0 0 0 0 0 0 0 0 0 0 0 0 0 0 0 0 0 0 0 0 0 0 0 0 0 0 0 0 0 0
0 0.518141 0.665902 0.05375 0.198454 0.51875 0.594847 2 0 0 0 0.517187 0.587822 2 0 0 0 0.514062 0.580796 2 0.509375 0.599531 2 0.501562 0.601873 2 0.510937 0.625292 2 0.504687 0.639344 2 0.520312 0.620608 2 0.525 0.632318 2 0.512499 0.658079 2 0.503125 0.662763 2 0.507812 0.707259 2 0.5 0.714285 2 0.50625 0.751756 2 0.498437 0.754098 2
0 0.920961 0.519836 0.0295156 0.110117 0 0 0 0 0 0 0 0 0 0 0 0 0 0 0 0 0 0 0 0 0 0 0 0 0 0 0 0 0 0 0 0 0 0 0 0 0 0 0 0 0 0 0 0 0 0 0 0 0 0 0
0 0.582336 0.551874 0.0254531 0.108009 0 0 0 0 0 0 0 0 0 0 0 0 0 0 0 0 0 0 0 0 0 0 0 0 0 0 0 0 0 0 0 0 0 0 0 0 0 0 0 0 0 0 0 0 0 0 0 0 0 0 0
0 0.972625 0.503934 0.0213125 0.0796253 0 0 0 0 0 0 0 0 0 0 0 0 0 0 0 0 0 0 0 0 0 0 0 0 0 0 0 0 0 0 0 0 0 0 0 0 0 0 0 0 0 0 0 0 0 0 0 0 0 0 0
0 0.765437 0.953056 0.0527813 0.0938876 0 0 0 0 0 0 0 0 0 0 0 0 0 0 0 0 0 0 0 0 0 0 0 0 0 0 0 0 0 0 0 0 0 0 0 0 0 0 0 0 0 0 0 0 0 0 0 0 0 0 0
0 0.806992 0.750644 0.0637031 0.145457 0 0 0 0 0 0 0 0 0 0 0 0 0 0 0 0 0 0 0 0 0 0 0 0 0 0 0 0 0 0 0 0 0 0 0 0 0 0 0 0 0 0 0 0 0 0 0 0 0 0 0
0 0.884188 0.553852 0.013 0.0730445 0 0 0 0 0 0 0 0 0 0 0 0 0 0 0 0 0 0 0 0 0 0 0 0 0 0 0 0 0 0 0 0 0 0 0 0 0 0 0 0 0 0 0 0 0 0 0 0 0 0 0
0 0.939844 0.503513 0.117188 0.168618 0 0 0 0 0 0 0 0 0 0 0 0 0 0 0 0 0 0 0 0 0 0 0 0 0 0 0 0 0 0 0 0 0 0 0 0 0 0 0 0 0 0 0 0 0 0 0 0 0 0 0
