0 0.5985 0.547297 0.171 0.425646 0.65 0.417417 2 0.652 0.402402 2 0.636 0.402402 2 0 0 0 0.606 0.399399 2 0.656 0.489489 2 0.576 0.495495 2 0.662 0.573573 2 0.514 0.594594 1 0.67 0.624624 2 0 0 0 0.64 0.717717 2 0.58 0.714714 1 0.638 0.873873 1 0 0 0 0 0 0 0 0 0
0 0.53355 0.766291 0.2649 0.444955 0.558 0.651651 2 0.564 0.636636 2 0.542 0.642642 2 0 0 0 0.508 0.654654 2 0.602 0.738738 2 0.458 0.795795 2 0.642 0.831831 1 0.426 0.894894 2 0.63 0.873873 2 0 0 0 0.598 0.984984 1 0.486 0.975975 2 0 0 0 0 0 0 0 0 0 0 0 0
0 0.70055 0.377928 0.05734 0.317838 0.68 0.252252 2 0.686 0.246246 2 0.676 0.246246 2 0.7 0.258258 2 0 0 0 0.708 0.309309 2 0 0 0 0 0 0 0 0 0 0 0 0 0 0 0 0.702 0.441441 2 0 0 0 0.702 0.537537 1 0 0 0 0 0 0 0 0 0
0 0.15737 0.788859 0.30054 0.422282 0.19 0.702702 2 0.204 0.681681 2 0.174 0.684684 2 0.216 0.669669 2 0.146 0.69069 2 0.242 0.768768 2 0.102 0.795795 2 0.294 0.891891 2 0.038 0.915915 2 0.29 0.96096 2 0 0 0 0 0 0 0 0 0 0 0 0 0 0 0 0 0 0 0 0 0
0 0.84915 0.781261 0.1851 0.431952 0.898 0.651651 2 0.904 0.636636 2 0.882 0.639639 2 0 0 0 0.846 0.648648 2 0.908 0.702702 2 0.81 0.732732 2 0.904 0.831831 2 0.77 0.876876 2 0.922 0.876876 2 0.872 0.909909 2 0.892 0.975975 2 0.824 0.987987 2 0 0 0 0 0 0 0 0 0 0 0 0
0 0.45933 0.632492 0.11174 0.407928 0.492 0.483483 2 0.498 0.471471 2 0.486 0.471471 2 0 0 0 0.458 0.48048 2 0.486 0.543543 2 0.422 0.552552 2 0.522 0.612612 1 0.408 0.654654 1 0.506 0.543543 2 0.428 0.744744 2 0.5 0.741741 1 0.452 0.756756 1 0 0 0 0.452 0.879879 1 0 0 0 0.41 0.957957 1
0 0.95877 0.0808258 0.05586 0.104535 0 0 0 0 0 0 0 0 0 0 0 0 0 0 0 0 0 0 0 0 0 0 0 0 0 0 0 0 0 0 0 0 0 0 0 0 0 0 0 0 0 0 0 0 0 0 0 0 0 0 0
0 0.25669 0.275375 0.05606 0.25982 0 0 0 0 0 0 0 0 0 0 0 0 0 0 0 0 0 0 0 0 0 0 0 0 0 0 0 0 0 0 0 0 0 0 0 0 0 0 0 0 0 0 0 0 0 0 0 0 0 0 0
0 0.30865 0.746471 0.1775 0.485856 0.262 0.582582 2 0.274 0.57057 2 0.26 0.57057 2 0.302 0.579579 2 0 0 0 0.336 0.654654 2 0.246 0.666666 2 0.362 0.783783 2 0.24 0.795795 1 0.374 0.939939 2 0 0 0 0.338 0.882882 2 0.272 0.903903 1 0 0 0 0 0 0 0 0 0 0 0 0
0 0.14956 0.482447 0.07572 0.116126 0.122 0.507507 2 0.136 0.492492 2 0.12 0.489489 2 0.17 0.504504 2 0 0 0 0 0 0 0 0 0 0 0 0 0 0 0 0 0 0 0 0 0 0 0 0 0 0 0 0 0 0 0 0 0 0 0 0 0 0 0
0 0.05163 0.585661 0.07342 0.532643 0.042 0.372372 2 0.05 0.36036 2 0.036 0.36036 2 0.064 0.369369 2 0 0 0 0.078 0.426426 1 0.024 0.432432 1 0.102 0.492492 1 0.01 0.504504 1 0.104 0.504504 1 0.004 0.546546 1 0.078 0.597597 1 0.038 0.6006 1 0.076 0.726726 1 0.044 0.726726 1 0.076 0.849849 1 0.046 0.852852 1
0 0.11843 0.216066 0.05394 0.0706907 0 0 0 0 0 0 0 0 0 0 0 0 0 0 0 0 0 0 0 0 0 0 0 0 0 0 0 0 0 0 0 0 0 0 0 0 0 0 0 0 0 0 0 0 0 0 0 0 0 0 0
0 0.17232 0.395721 0.11348 0.289099 0.192 0.321321 2 0 0 0 0.188 0.318318 2 0 0 0 0.166 0.324324 2 0.196 0.363363 2 0.142 0.363363 2 0.202 0.423423 2 0.12 0.417417 1 0.216 0.414414 2 0.15 0.438438 1 0.184 0.495495 2 0.15 0.495495 1 0 0 0 0 0 0 0 0 0 0 0 0
0 0.503 0.5 0.99 0.993994 0 0 0 0 0 0 0 0 0 0 0 0 0 0 0 0 0 0 0 0 0 0 0 0 0 0 0 0 0 0 0 0 0 0 0 0 0 0 0 0 0 0 0 0 0 0 0 0 0 0 0
