0 0.607734 0.56626 0.149656 0.291479 0.610937 0.454166 2 0.615625 0.45 2 0.607812 0.447916 2 0.626562 0.45 2 0 0 0 0.640625 0.489583 2 0.603125 0.477083 2 0.667187 0.535416 2 0.565625 0.477083 2 0.648437 0.570833 2 0.54375 0.44375 2 0.646875 0.6 2 0.610937 0.59375 2 0.646875 0.672916 2 0.576562 0.6375 1 0.679687 0.716666 1 0 0 0
0 0.112414 0.808115 0.121047 0.353937 0 0 0 0 0 0 0 0 0 0 0 0 0.0875 0.652083 2 0.064062 0.691666 2 0.10625 0.670833 2 0.070312 0.760416 2 0.142187 0.69375 2 0 0 0 0.157812 0.752083 2 0.098437 0.758333 2 0.128124 0.745833 2 0.1125 0.866666 2 0.142187 0.85625 2 0.14375 0.966666 2 0.15625 0.91875 2
0 0.4805 0.719198 0.192219 0.292479 0.442187 0.6 2 0.44375 0.59375 2 0.435937 0.59375 2 0.45 0.59375 2 0.428125 0.597916 2 0.4625 0.61875 2 0.428125 0.620833 2 0.504687 0.616666 2 0.39375 0.647916 2 0.521875 0.658333 2 0.398437 0.633333 2 0.5 0.69375 2 0.495312 0.7125 2 0.454687 0.758333 2 0.504687 0.783333 1 0.492187 0.8 1 0.554687 0.827083 2
0 0.540414 0.747781 0.200953 0.376563 0 0 0 0 0 0 0 0 0 0.565625 0.591666 2 0 0 0 0.560937 0.633333 2 0.596875 0.622916 2 0.553125 0.695833 2 0.571875 0.670833 2 0.528125 0.654166 2 0.54375 0.635416 1 0.56875 0.7375 2 0.598437 0.733333 2 0.5 0.75625 2 0.610937 0.8125 2 0.467187 0.858333 2 0.629687 0.9125 2
0 0.489867 0.103604 0.0675781 0.119375 0.489062 0.072916 2 0.49375 0.066666 2 0.485937 0.066666 2 0.5 0.06875 2 0.48125 0.070833 2 0.507812 0.095833 2 0.479687 0.089583 2 0 0 0 0.465625 0.120833 2 0 0 0 0.45625 0.147916 1 0.484375 0.164583 1 0.4625 0.15625 1 0 0 0 0 0 0 0 0 0 0 0 0
0 0.900336 0.59399 0.114797 0.352854 0 0 0 0 0 0 0 0 0 0.876562 0.445833 2 0.895312 0.439583 1 0.876562 0.470833 2 0.909375 0.466666 2 0.879687 0.522916 2 0.942187 0.5 2 0.859375 0.552083 2 0.9375 0.541666 2 0.904687 0.560416 2 0.925 0.560416 2 0.904687 0.647916 2 0.876562 0.625 2 0.928125 0.729166 2 0.915625 0.689583 2
0 0.755852 0.39299 0.136453 0.299312 0.6875 0.275 1 0.689062 0.266666 2 0 0 0 0.7 0.2625 2 0 0 0 0.703125 0.283333 2 0.726562 0.272916 2 0.715625 0.33125 2 0.765625 0.310416 2 0.704687 0.364583 2 0.742187 0.339583 2 0.740625 0.370833 2 0.757812 0.3625 2 0.75 0.447916 2 0.717187 0.427083 2 0.807812 0.475 2 0.725 0.508333 2
0 0.423258 0.457271 0.200922 0.295917 0.371875 0.341666 2 0.376562 0.335416 2 0.367187 0.335416 2 0.385937 0.329166 2 0 0 0 0.401562 0.354166 2 0.376562 0.354166 2 0.439062 0.352083 2 0.36875 0.3875 2 0.4625 0.395833 2 0.340625 0.377083 2 0.439062 0.429166 2 0.454687 0.427083 2 0.398437 0.502083 2 0.45 0.508333 2 0.457812 0.539583 2 0.498437 0.564583 2
0 0.0948281 0.24125 0.104438 0.336583 0.08125 0.097916 2 0.082812 0.089583 2 0.076562 0.091666 2 0.092187 0.09375 2 0.071875 0.097916 2 0.103125 0.133333 2 0.065625 0.129166 2 0.125 0.179166 2 0.045312 0.1625 2 0.092187 0.175 2 0.064062 0.170833 2 0.104687 0.227083 2 0.078125 0.225 2 0.115625 0.29375 2 0.09375 0.295833 2 0.132812 0.366666 2 0.10625 0.370833 2
0 0.150695 0.146604 0.0993906 0.276625 0.123437 0.029166 2 0.126562 0.027083 2 0.11875 0.027083 2 0.132812 0.027083 2 0.114062 0.029166 2 0.146875 0.058333 2 0.107812 0.05625 2 0.160937 0.089583 2 0.109375 0.091666 2 0.15625 0.120833 2 0.10625 0.120833 1 0.15 0.13125 2 0.125 0.135416 2 0.167187 0.202083 2 0.120312 0.19375 1 0.18125 0.2625 2 0.140625 0.239583 2
0 0.708711 0.746073 0.193828 0.287646 0.640625 0.641666 2 0.64375 0.633333 2 0 0 0 0.657812 0.635416 2 0 0 0 0.678125 0.664583 2 0.675 0.645833 2 0.664062 0.722916 2 0 0 0 0.625 0.716666 2 0 0 0 0.720312 0.733333 2 0.690625 0.725 2 0.745312 0.80625 2 0.648437 0.7625 2 0.790625 0.866666 2 0.664062 0.839583 2
0 0.352359 0.0697396 0.0711875 0.101104 0.35625 0.0375 2 0.357812 0.035416 2 0.351562 0.033333 2 0.3625 0.035416 2 0.345312 0.0375 2 0.373437 0.0625 2 0.339062 0.05625 2 0.373437 0.104166 2 0.33125 0.089583 2 0.357812 0.120833 1 0.329687 0.108333 2 0.364062 0.116666 2 0.346875 0.116666 2 0 0 0 0 0 0 0 0 0 0 0 0
0 0.767703 0.250479 0.0570625 0.126792 0.759375 0.210416 2 0.764062 0.204166 2 0.759375 0.204166 2 0.773437 0.208333 2 0 0 0 0.779687 0.2375 2 0.760937 0.229166 1 0.784375 0.26875 2 0.754687 0.254166 2 0.75625 0.279166 2 0.75 0.26875 2 0.775 0.277083 2 0.7625 0.266666 2 0.75 0.297916 1 0.735937 0.28125 1 0 0 0 0 0 0
0 0.489063 0.190625 0.978125 0.38125 0 0 0 0 0 0 0 0 0 0 0 0 0 0 0 0 0 0 0 0 0 0 0 0 0 0 0 0 0 0 0 0 0 0 0 0 0 0 0 0 0 0 0 0 0 0 0 0 0 0 0
