0 0.470258 0.309 0.168828 0.2865 0.49375 0.2625 2 0.512499 0.252083 2 0.489062 0.233333 2 0 0 0 0.45625 0.222916 2 0.512499 0.291666 2 0.41875 0.302083 2 0.545312 0.416666 2 0.420312 0.435416 2 0.523437 0.314583 2 0.43125 0.383333 2 0.510937 0.491666 1 0.451562 0.495833 1 0 0 0 0 0 0 0 0 0 0 0 0
0 0.643117 0.388927 0.208172 0.451229 0.670312 0.275 2 0.685937 0.254166 2 0.657812 0.2625 2 0.729687 0.25 2 0 0 0 0 0 0 0.685937 0.360416 2 0 0 0 0.642187 0.4625 2 0 0 0 0.582812 0.44375 2 0 0 0 0 0 0 0 0 0 0 0 0 0 0 0 0 0 0
0 0.805625 0.622469 0.350562 0.755062 0.732812 0.389583 2 0.75625 0.358333 2 0.714062 0.364583 2 0.804687 0.366666 2 0 0 0 0.878125 0.516666 2 0.735937 0.477083 2 0.921875 0.752083 2 0.757812 0.620833 2 0.78125 0.816666 2 0.690625 0.635416 2 0.84375 0.902083 2 0.746875 0.783333 2 0 0 0 0 0 0 0 0 0 0 0 0
0 0.517406 0.124802 0.135531 0.171021 0 0 0 0 0 0 0 0 0 0.501562 0.077083 1 0.532812 0.079166 2 0.485937 0.116666 2 0.548437 0.114583 2 0.45625 0.166666 2 0.578125 0.158333 2 0 0 0 0 0 0 0 0 0 0 0 0 0 0 0 0 0 0 0 0 0 0 0 0
0 0.29593 0.127052 0.0979531 0.226229 0 0 0 0 0 0 0 0 0 0 0 0 0 0 0 0.259375 0.077083 2 0.307812 0.077083 2 0 0 0 0.329687 0.114583 2 0 0 0 0 0 0 0.270312 0.160416 1 0.303125 0.160416 2 0 0 0 0.334375 0.1625 1 0 0 0 0.304687 0.235416 1
0 0.383891 0.130146 0.0934375 0.243708 0 0 0 0 0 0 0 0 0 0 0 0 0 0 0 0.395312 0.070833 2 0.407812 0.064583 2 0.384375 0.125 2 0 0 0 0.353125 0.1 2 0 0 0 0.392187 0.1625 2 0.395312 0.158333 2 0.345312 0.175 1 0.348437 0.158333 1 0.359375 0.23125 2 0.379687 0.20625 2
0 0.190305 0.57949 0.320328 0.687646 0.260937 0.360416 2 0.276562 0.339583 2 0.240625 0.335416 2 0 0 0 0.182812 0.339583 2 0.24375 0.43125 2 0.096875 0.445833 2 0.257812 0.525 2 0.05 0.697916 2 0.303125 0.541666 2 0.234375 0.714583 2 0.170312 0.7375 2 0.092187 0.804166 2 0 0 0 0 0 0 0 0 0 0 0 0
0 0.347711 0.0570729 0.0564844 0.0978125 0 0 0 0 0 0 0 0 0 0 0 0 0 0 0 0 0 0 0 0 0 0 0 0 0 0 0 0 0 0 0 0 0 0 0 0 0 0 0 0 0 0 0 0 0 0 0 0 0 0 0
0 0.481992 0.085625 0.0653906 0.111208 0 0 0 0 0 0 0 0 0 0 0 0 0 0 0 0 0 0 0 0 0 0 0 0 0 0 0 0 0 0 0 0 0 0 0 0 0 0 0 0 0 0 0 0 0 0 0 0 0 0 0
0 0.473438 0.0239271 0.00934375 0.0323958 0 0 0 0 0 0 0 0 0 0 0 0 0 0 0 0 0 0 0 0 0 0 0 0 0 0 0 0 0 0 0 0 0 0 0 0 0 0 0 0 0 0 0 0 0 0 0 0 0 0 0
0 0.616055 0.0274896 0.00704687 0.0297708 0 0 0 0 0 0 0 0 0 0 0 0 0 0 0 0 0 0 0 0 0 0 0 0 0 0 0 0 0 0 0 0 0 0 0 0 0 0 0 0 0 0 0 0 0 0 0 0 0 0 0
0 0.244477 0.0826667 0.0558281 0.133208 0.26875 0.045833 2 0 0 0 0.265625 0.04375 2 0 0 0 0 0 0 0.25 0.06875 2 0.2375 0.072916 2 0 0 0 0 0 0 0 0 0 0 0 0 0.2375 0.133333 2 0.234375 0.141666 2 0 0 0 0 0 0 0 0 0 0 0 0
0 0.920359 0.0310625 0.00915625 0.0207917 0 0 0 0 0 0 0 0 0 0 0 0 0 0 0 0 0 0 0 0 0 0 0 0 0 0 0 0 0 0 0 0 0 0 0 0 0 0 0 0 0 0 0 0 0 0 0 0 0 0 0
0 0.514844 0.025 0.0203125 0.0166667 0 0 0 0 0 0 0 0 0 0 0 0 0 0 0 0 0 0 0 0 0 0 0 0 0 0 0 0 0 0 0 0 0 0 0 0 0 0 0 0 0 0 0 0 0 0 0 0 0 0 0
