0 0.554867 0.830492 0.101703 0.298876 0 0 0 0 0 0 0 0 0 0 0 0 0 0 0 0.5375 0.758782 2 0.517187 0.75644 2 0.56875 0.789227 2 0.540625 0.812646 2 0.603125 0.819672 2 0.578125 0.847775 1 0.529687 0.859484 2 0.514062 0.86651 2 0 0 0 0.564062 0.894613 2 0 0 0 0.542187 0.960187 1
0 0.467367 0.835913 0.0796094 0.30363 0.479687 0.721311 2 0 0 0 0.476562 0.714285 2 0 0 0 0.4625 0.716627 2 0.467187 0.749414 2 0.445312 0.763466 2 0 0 0 0.459375 0.831381 2 0 0 0 0.485937 0.796252 2 0 0 0 0.44375 0.861826 2 0 0 0 0.495312 0.871194 2 0 0 0 0.4875 0.955503 2
0 0.0924141 0.807436 0.178828 0.364848 0.071875 0.681498 2 0.075 0.672131 2 0.067187 0.674473 2 0 0 0 0 0 0 0.06875 0.718969 2 0.023437 0.716627 2 0.096875 0.754098 2 0.04375 0.786885 2 0.139062 0.793911 2 0.098437 0.812646 2 0.06875 0.829039 2 0.023437 0.831381 2 0.114062 0.847775 1 0.09375 0.880562 2 0 0 0 0.08125 0.985948 2
0 0.746648 0.785386 0.167922 0.303372 0.76875 0.700234 2 0 0 0 0.764062 0.690866 2 0 0 0 0.746875 0.69555 2 0.715625 0.737704 2 0.745312 0.761124 2 0 0 0 0.767187 0.847775 2 0.759375 0.768149 2 0 0 0 0.7 0.91569 2 0.725 0.91569 2 0 0 0 0 0 0 0 0 0 0 0 0
0 0.425437 0.69918 0.0406562 0.0822014 0 0 0 0 0 0 0 0 0 0 0 0 0 0 0 0 0 0 0 0 0 0 0 0 0 0 0 0 0 0 0 0 0 0 0 0 0 0 0 0 0 0 0 0 0 0 0 0 0 0 0
0 0.451273 0.695855 0.0242344 0.0967681 0 0 0 0 0 0 0 0 0 0 0 0 0 0 0 0 0 0 0 0 0 0 0 0 0 0 0 0 0 0 0 0 0 0 0 0 0 0 0 0 0 0 0 0 0 0 0 0 0 0 0
0 0.178336 0.660609 0.0293906 0.0680562 0 0 0 0 0 0 0 0 0 0 0 0 0 0 0 0 0 0 0 0 0 0 0 0 0 0 0 0 0 0 0 0 0 0 0 0 0 0 0 0 0 0 0 0 0 0 0 0 0 0 0
0 0.201563 0.664684 0.0254375 0.0594848 0 0 0 0 0 0 0 0 0 0 0 0 0 0 0 0 0 0 0 0 0 0 0 0 0 0 0 0 0 0 0 0 0 0 0 0 0 0 0 0 0 0 0 0 0 0 0 0 0 0 0
0 0.411781 0.708033 0.02 0.0984075 0 0 0 0 0 0 0 0 0 0 0 0 0 0 0 0 0 0 0 0 0 0 0 0 0 0 0 0 0 0 0 0 0 0 0 0 0 0 0 0 0 0 0 0 0 0 0 0 0 0 0
0 0.427258 0.66356 0.0138906 0.0416393 0 0 0 0 0 0 0 0 0 0 0 0 0 0 0 0 0 0 0 0 0 0 0 0 0 0 0 0 0 0 0 0 0 0 0 0 0 0 0 0 0 0 0 0 0 0 0 0 0 0 0
0 0.894258 0.778501 0.0501406 0.108009 0 0 0 0 0 0 0 0 0 0 0 0 0 0 0 0 0 0 0 0 0 0 0 0 0 0 0 0 0 0 0 0 0 0 0 0 0 0 0 0 0 0 0 0 0 0 0 0 0 0 0
0 0.845266 0.795258 0.143875 0.295246 0 0 0 0 0 0 0 0 0 0 0 0 0.845312 0.704918 2 0.792187 0.742388 2 0.834375 0.761124 2 0 0 0 0.878125 0.814988 2 0 0 0 0.926562 0.847775 1 0.771875 0.896955 1 0.814062 0.908665 1 0 0 0 0.878125 0.936768 1 0 0 0 0 0 0
0 0.488281 0.71897 0.0390625 0.126464 0 0 0 0 0 0 0 0 0 0 0 0 0 0 0 0 0 0 0 0 0 0 0 0 0 0 0 0 0 0 0 0 0 0 0 0 0 0 0 0 0 0 0 0 0 0 0 0 0 0 0
