0 0.207648 0.677529 0.109453 0.334824 0 0 0 0 0 0 0 0 0 0 0 0 0.235937 0.545667 2 0.204687 0.564402 2 0.229687 0.576112 2 0 0 0 0.21875 0.625292 2 0 0 0 0.223437 0.690866 2 0.160937 0.655737 2 0.175 0.665105 2 0.20625 0.723653 2 0.23125 0.716627 2 0.184375 0.796252 2 0.209375 0.812646 2
0 0.107383 0.109555 0.0292656 0.068993 0 0 0 0 0 0 0 0 0 0 0 0 0 0 0 0 0 0 0 0 0 0 0 0 0 0 0 0 0 0 0 0 0 0 0 0 0 0 0 0 0 0 0 0 0 0 0 0 0 0 0
0 0.172781 0.560059 0.0234062 0.112201 0 0 0 0 0 0 0 0 0 0 0 0 0 0 0 0 0 0 0 0 0 0 0 0 0 0 0 0 0 0 0 0 0 0 0 0 0 0 0 0 0 0 0 0 0 0 0 0 0 0 0
0 0.0902891 0.566616 0.0370469 0.133513 0 0 0 0 0 0 0 0 0 0 0 0 0 0 0 0 0 0 0 0 0 0 0 0 0 0 0 0 0 0 0 0 0 0 0 0 0 0 0 0 0 0 0 0 0 0 0 0 0 0 0
0 0.0556172 0.569098 0.0302656 0.141897 0 0 0 0 0 0 0 0 0 0 0 0 0 0 0 0 0 0 0 0 0 0 0 0 0 0 0 0 0 0 0 0 0 0 0 0 0 0 0 0 0 0 0 0 0 0 0 0 0 0 0
0 0.512977 0.611417 0.151703 0.348735 0 0 0 0 0 0 0.529687 0.482435 2 0 0 0 0 0 0 0.495312 0.480093 2 0.512499 0.52459 2 0.542187 0.494145 2 0.5375 0.566744 2 0.565625 0.519906 2 0.567187 0.543325 2 0.485937 0.608899 2 0.503125 0.611241 2 0.528125 0.667447 2 0.512499 0.697892 2 0.55 0.742388 2 0.459375 0.733021 2
0 0.361156 0.707295 0.150344 0.225363 0.38125 0.63466 2 0 0 0 0 0 0 0 0 0 0.36875 0.632318 2 0.367187 0.662763 2 0.346875 0.667447 2 0.392187 0.667447 2 0.329687 0.730679 2 0.428125 0.651053 2 0.35625 0.768149 2 0.339062 0.725995 2 0.314062 0.737704 2 0 0 0 0.375 0.721311 2 0 0 0 0.33125 0.800936 2
0 0.343914 0.539403 0.0202031 0.106909 0 0 0 0 0 0 0 0 0 0 0 0 0 0 0 0 0 0 0 0 0 0 0 0 0 0 0 0 0 0 0 0 0 0 0 0 0 0 0 0 0 0 0 0 0 0 0 0 0 0 0
0 0.111844 0.565176 0.0243125 0.140796 0 0 0 0 0 0 0 0 0 0 0 0 0 0 0 0 0 0 0 0 0 0 0 0 0 0 0 0 0 0 0 0 0 0 0 0 0 0 0 0 0 0 0 0 0 0 0 0 0 0 0
0 0.0283672 0.572564 0.0481406 0.125691 0 0 0 0 0 0 0 0 0 0 0 0 0 0 0 0 0 0 0 0 0 0 0 0 0 0 0 0 0 0 0 0 0 0 0 0 0 0 0 0 0 0 0 0 0 0 0 0 0 0 0
0 0.406789 0.462248 0.0163594 0.0567681 0 0 0 0 0 0 0 0 0 0 0 0 0 0 0 0 0 0 0 0 0 0 0 0 0 0 0 0 0 0 0 0 0 0 0 0 0 0 0 0 0 0 0 0 0 0 0 0 0 0 0
0 0.36932 0.502822 0.0173281 0.0459719 0 0 0 0 0 0 0 0 0 0 0 0 0 0 0 0 0 0 0 0 0 0 0 0 0 0 0 0 0 0 0 0 0 0 0 0 0 0 0 0 0 0 0 0 0 0 0 0 0 0 0
0 0.62943 0.456756 0.0163594 0.0362295 0 0 0 0 0 0 0 0 0 0 0 0 0 0 0 0 0 0 0 0 0 0 0 0 0 0 0 0 0 0 0 0 0 0 0 0 0 0 0 0 0 0 0 0 0 0 0 0 0 0 0
0 0.290625 0.364169 0.334375 0.5363 0 0 0 0 0 0 0 0 0 0 0 0 0 0 0 0 0 0 0 0 0 0 0 0 0 0 0 0 0 0 0 0 0 0 0 0 0 0 0 0 0 0 0 0 0 0 0 0 0 0 0
