0 0.749867 0.607859 0.267109 0.573035 0.696875 0.428235 2 0.707812 0.411764 2 0 0 0 0.753125 0.425882 2 0 0 0 0.796875 0.522352 2 0.734375 0.491764 2 0.751562 0.675294 2 0.698437 0.574117 2 0.664062 0.644705 2 0.657812 0.6 2 0.832812 0.755294 2 0.773437 0.734117 2 0 0 0 0 0 0 0 0 0 0 0 0
0 0.0940078 0.477165 0.160797 0.342141 0.085937 0.352941 2 0.089062 0.341176 2 0 0 0 0.10625 0.33647 2 0 0 0 0.1125 0.383529 2 0.128124 0.369411 2 0.082812 0.463529 2 0.079687 0.442352 2 0.042187 0.461176 2 0.039062 0.454117 2 0.139062 0.508235 2 0.159375 0.484705 2 0.057812 0.531764 2 0.073437 0.512941 2 0.082812 0.614117 2 0.084375 0.597647 2
0 0.673773 0.447494 0.0530781 0.224824 0.66875 0.402352 2 0.676562 0.388235 2 0.6625 0.388235 2 0.69375 0.392941 2 0 0 0 0.696875 0.44 1 0 0 0 0.685937 0.552941 1 0 0 0 0.646875 0.574117 1 0 0 0 0 0 0 0 0 0 0 0 0 0 0 0 0 0 0 0 0 0
0 0.569305 0.411882 0.184016 0.266447 0.515625 0.32 2 0.521875 0.310588 2 0.512499 0.312941 2 0.534375 0.317647 2 0.50625 0.312941 2 0.55 0.355294 2 0.489062 0.352941 2 0.55625 0.418823 1 0.485937 0.418823 1 0.515625 0.411764 1 0.534375 0.430588 1 0.5375 0.447058 1 0.5 0.447058 1 0 0 0 0 0 0 0 0 0 0 0 0
0 0.451 0.416812 0.114656 0.221435 0.448437 0.362352 2 0 0 0 0.439062 0.352941 2 0 0 0 0.415625 0.367058 2 0.423437 0.407058 2 0.39375 0.41647 1 0.45 0.487058 2 0.439062 0.52 1 0 0 0 0.467187 0.444705 2 0 0 0 0 0 0 0 0 0 0 0 0 0 0 0 0 0 0
0 0.621938 0.383082 0.0530937 0.162024 0 0 0 0 0 0 0 0 0 0 0 0 0 0 0 0 0 0 0 0 0 0 0 0 0 0 0 0 0 0 0 0 0 0 0 0 0 0 0 0 0 0 0 0 0 0 0 0 0 0 0
0 0.222453 0.347706 0.0411875 0.0586118 0 0 0 0 0 0 0 0 0 0 0 0 0 0 0 0 0 0 0 0 0 0 0 0 0 0 0 0 0 0 0 0 0 0 0 0 0 0 0 0 0 0 0 0 0 0 0 0 0 0 0
0 0.185758 0.378659 0.0499219 0.109365 0 0 0 0 0 0 0 0 0 0 0 0 0 0 0 0 0 0 0 0 0 0 0 0 0 0 0 0 0 0 0 0 0 0 0 0 0 0 0 0 0 0 0 0 0 0 0 0 0 0 0
0 0.681078 0.505694 0.0518438 0.131671 0 0 0 0 0 0 0 0 0 0 0 0 0 0 0 0 0 0 0 0 0 0 0 0 0 0 0 0 0 0 0 0 0 0 0 0 0 0 0 0 0 0 0 0 0 0 0 0 0 0 0
0 0.411648 0.502565 0.239141 0.406494 0.367187 0.402352 2 0.378125 0.381176 2 0.354687 0.381176 2 0.395312 0.371764 2 0.342187 0.369411 1 0.390625 0.41647 2 0.34375 0.447058 2 0.432812 0.517647 2 0.404687 0.571764 2 0.414062 0.569411 2 0.489062 0.550588 2 0.378125 0.621176 2 0.345312 0.64 2 0.429687 0.64 1 0.421875 0.703529 1 0 0 0 0 0 0
0 0.245484 0.706376 0.308906 0.564047 0 0 0 0 0 0 0 0 0 0 0 0 0.285937 0.597647 2 0.2 0.595294 2 0.19375 0.755294 2 0 0 0 0.364062 0.884705 2 0 0 0 0.279687 0.684705 2 0.246875 0.887058 1 0.2375 0.967058 1 0 0 0 0 0 0 0 0 0 0 0 0
0 0.250844 0.397365 0.0979063 0.110588 0.292187 0.425882 2 0.2875 0.409411 2 0.285937 0.418823 2 0.214062 0.369411 2 0.264062 0.425882 1 0 0 0 0 0 0 0 0 0 0 0 0 0 0 0 0 0 0 0 0 0 0 0 0 0 0 0 0 0 0 0 0 0 0 0 0
0 0.0301094 0.392247 0.0575625 0.107271 0 0 0 0 0 0 0 0 0 0 0 0 0 0 0 0 0 0 0 0 0 0 0 0 0 0 0 0 0 0 0 0 0 0 0 0 0 0 0 0 0 0 0 0 0 0 0 0 0 0 0
