0 0.281875 0.716854 0.15375 0.54382 0.348437 0.55337 2 0 0 0 0.323437 0.536516 2 0 0 0 0.276562 0.544943 2 0.309375 0.696629 2 0.2625 0.685393 2 0 0 0 0.265625 0.912921 2 0 0 0 0 0 0 0 0 0 0 0 0 0 0 0 0 0 0 0 0 0 0 0 0
0 0.576898 0.695365 0.186234 0.342303 0.546875 0.623595 2 0.548437 0.612359 2 0.535937 0.612359 2 0 0 0 0.501562 0.617977 2 0.5625 0.69382 2 0.48125 0.719101 1 0.592187 0.744382 2 0 0 0 0.629687 0.752808 2 0 0 0 0.623437 0.825842 2 0.585937 0.867977 1 0.578125 0.727528 2 0 0 0 0.648437 0.85955 1 0 0 0
0 0.847445 0.737233 0.186953 0.470534 0 0 0 0 0 0 0 0 0 0 0 0 0 0 0 0.828125 0.556179 2 0.909375 0.598314 2 0.779687 0.629213 2 0 0 0 0.767187 0.676966 2 0 0 0 0.828125 0.72191 2 0.898437 0.719101 2 0 0 0 0 0 0 0 0 0 0.907812 0.924157 2
0 0.955898 0.671166 0.0852031 0.63514 0 0 0 0 0 0 0 0 0 0 0 0 0 0 0 0.939062 0.550561 2 0 0 0 0.925 0.69382 2 0 0 0 0.970312 0.727528 2 0 0 0 0.939062 0.820224 2 0.99375 0.837078 2 0.94375 0.969101 2 0 0 0 0 0 0 0.946875 0.991573 1
0 0.149203 0.614185 0.119781 0.368652 0.146875 0.491573 2 0.15625 0.474719 2 0.135937 0.477528 2 0.179687 0.483146 2 0 0 0 0.195312 0.606741 2 0.115625 0.587078 2 0 0 0 0.070312 0.724719 1 0 0 0 0.10625 0.752808 2 0.185937 0.730337 2 0.146875 0.716292 2 0 0 0 0 0 0 0 0 0 0 0 0
0 0.788789 0.875983 0.179547 0.248034 0.754687 0.85955 2 0.76875 0.848314 2 0.748437 0.851123 2 0.80625 0.879213 2 0 0 0 0.84375 0.985955 2 0.734375 0.980337 2 0 0 0 0 0 0 0 0 0 0 0 0 0 0 0 0 0 0 0 0 0 0 0 0 0 0 0 0 0 0
0 0.183891 0.195871 0.108625 0.30118 0.195312 0.098314 2 0.2 0.087078 2 0.189062 0.087078 2 0 0 0 0.16875 0.098314 2 0.20625 0.140449 2 0.15625 0.134831 2 0.234375 0.188202 1 0.135937 0.185393 2 0.2 0.207865 2 0.171875 0.213483 2 0.198437 0.314606 1 0.159375 0.308988 2 0.21875 0.235955 1 0.15 0.216292 2 0 0 0 0.178125 0.314606 2
0 0.421602 0.167725 0.118516 0.203315 0.432812 0.117977 2 0.44375 0.10955 2 0.429687 0.106741 2 0.454687 0.123595 2 0 0 0 0.4625 0.168539 2 0.401562 0.16573 2 0 0 0 0.371875 0.25 1 0 0 0 0 0 0 0.448437 0.323033 1 0.404687 0.323033 1 0 0 0 0 0 0 0 0 0 0 0 0
0 0.363828 0.318469 0.227562 0.226433 0.296875 0.264044 2 0 0 0 0.290625 0.258426 2 0 0 0 0.275 0.27528 1 0.323437 0.308988 2 0.278125 0.339887 1 0 0 0 0 0 0 0.351562 0.30337 1 0 0 0 0.401562 0.398876 2 0.373437 0.401685 2 0.435937 0.230337 2 0.385937 0.233146 2 0.445312 0.396067 2 0.390625 0.407303 2
0 0.2175 0.287317 0.0700313 0.221152 0.245312 0.230337 2 0 0 0 0.242187 0.227528 2 0 0 0 0.228125 0.235955 2 0 0 0 0.207812 0.289325 2 0 0 0 0.189062 0.384831 2 0 0 0 0.239062 0.384831 1 0 0 0 0 0 0 0 0 0 0 0 0 0 0 0 0 0 0
0 0.472469 0.829621 0.159312 0.316039 0.507812 0.820224 2 0.517187 0.797752 2 0.49375 0.800561 2 0 0 0 0.465625 0.797752 2 0.526562 0.890449 2 0.41875 0.898876 2 0 0 0 0 0 0 0.526562 0.929775 2 0.479687 0.946629 2 0 0 0 0 0 0 0 0 0 0 0 0 0 0 0 0 0 0
0 0.0650156 0.655843 0.127156 0.522079 0 0 0 0 0 0 0 0 0 0 0 0 0.1 0.438202 1 0 0 0 0.064062 0.519662 2 0 0 0 0.060937 0.696629 2 0 0 0 0 0 0 0 0 0 0 0 0 0 0 0 0 0 0 0 0 0 0 0 0
0 0.0939922 0.483118 0.117359 0.269719 0.146875 0.488764 1 0.15625 0.474719 1 0.1375 0.480337 1 0 0 0 0.13125 0.502808 1 0 0 0 0.123437 0.578651 1 0 0 0 0.092187 0.702247 1 0 0 0 0 0 0 0 0 0 0 0 0 0 0 0 0 0 0 0 0 0 0 0 0
0 0.451562 0.498596 0.9 0.997191 0 0 0 0 0 0 0 0 0 0 0 0 0 0 0 0 0 0 0 0 0 0 0 0 0 0 0 0 0 0 0 0 0 0 0 0 0 0 0 0 0 0 0 0 0 0 0 0 0 0 0
