0 0.482922 0.333326 0.0727187 0.205761 0.484375 0.295081 2 0.492187 0.283372 2 0.475 0.283372 2 0 0 0 0.446875 0.288056 1 0.512499 0.365339 2 0.440625 0.374707 1 0 0 0 0 0 0 0 0 0 0 0 0 0 0 0 0 0 0 0 0 0 0 0 0 0 0 0 0 0 0
0 0.432477 0.398794 0.0583281 0.281101 0.451562 0.302107 2 0 0 0 0.440625 0.288056 2 0 0 0 0.40625 0.306791 2 0 0 0 0.401562 0.398126 1 0 0 0 0 0 0 0 0 0 0 0 0 0 0 0 0 0 0 0 0 0 0 0 0 0 0 0 0 0 0
0 0.397313 0.495504 0.263875 0.986511 0.454687 0.126463 2 0 0 0 0.440625 0.100702 2 0 0 0 0.39375 0.11007 2 0.309375 0.316159 2 0.370312 0.351288 2 0 0 0 0.389062 0.64637 2 0 0 0 0.479687 0.52459 2 0.345312 0.91569 2 0.360937 0.918032 2 0 0 0 0 0 0 0 0 0 0 0 0
0 0.21168 0.317272 0.163766 0.34822 0.264062 0.248243 2 0 0 0 0.240625 0.229508 2 0 0 0 0.1875 0.243559 2 0.245312 0.372365 2 0.139062 0.444964 1 0 0 0 0 0 0 0 0 0 0 0 0 0 0 0 0 0 0 0 0 0 0 0 0 0 0 0 0 0 0
0 0.11975 0.431944 0.231781 0.618267 0.142187 0.302107 2 0.1375 0.257611 2 0.10625 0.259953 2 0 0 0 0.028125 0.271662 2 0.146875 0.468384 2 0 0 0 0.223437 0.711943 1 0 0 0 0 0 0 0 0 0 0 0 0 0 0 0 0 0 0 0 0 0 0 0 0 0 0 0
0 0.142922 0.250351 0.072125 0.302857 0 0 0 0 0 0 0.167187 0.168618 2 0 0 0 0.13125 0.173302 1 0.170312 0.271662 1 0 0 0 0 0 0 0 0 0 0 0 0 0 0 0 0 0 0 0 0 0 0 0 0 0 0 0 0 0 0 0 0 0
0 0.611883 0.293431 0.0570469 0.222319 0 0 0 0 0 0 0 0 0 0.598437 0.229508 1 0 0 0 0.609375 0.285714 2 0.621875 0.271662 2 0 0 0 0 0 0 0 0 0 0 0 0 0 0 0 0 0 0 0 0 0 0 0 0 0 0 0 0 0 0
0 0.848102 0.458829 0.0684219 0.552412 0.832812 0.229508 2 0.8375 0.22014 2 0 0 0 0.853125 0.234192 2 0 0 0 0.864062 0.28103 2 0 0 0 0.865625 0.370023 2 0 0 0 0.851562 0.449648 2 0 0 0 0 0 0 0 0 0 0 0 0 0 0 0 0 0 0 0 0 0
0 0.790391 0.436534 0.0689375 0.406792 0 0 0 0.764062 0.26932 2 0 0 0 0.779687 0.271662 2 0 0 0 0.785937 0.318501 2 0 0 0 0.792187 0.384074 2 0 0 0 0.760937 0.416861 1 0 0 0 0.782812 0.449648 2 0 0 0 0.785937 0.543325 1 0 0 0 0.810937 0.637002 2 0 0 0
0 0.585477 0.574157 0.142422 0.770796 0.59375 0.264637 2 0.598437 0.248243 2 0.58125 0.255269 2 0 0 0 0.554687 0.266978 2 0.617187 0.362997 2 0.529687 0.367681 2 0.635937 0.454332 1 0.55 0.498829 1 0.609375 0.466042 2 0.635937 0.503512 2 0.615625 0.58548 1 0.557812 0.592505 2 0.590625 0.754098 2 0.585937 0.784543 2 0.573437 0.925058 2 0.603125 0.882903 2
0 0.739 0.426499 0.122 0.536651 0 0 0 0 0 0 0.764062 0.189695 2 0 0 0 0.753125 0.192037 2 0.73125 0.255269 2 0.74375 0.259953 2 0 0 0 0.75 0.351288 2 0 0 0 0.760937 0.433255 2 0.73125 0.435597 2 0.74375 0.437939 2 0.729687 0.540983 2 0.748437 0.552693 2 0.729687 0.655737 1 0.75 0.669789 1
0 0.428125 0.244098 0.0593437 0.140937 0.454687 0.250585 1 0 0 0 0.4375 0.222482 2 0 0 0 0 0 0 0 0 0 0 0 0 0 0 0 0 0 0 0 0 0 0 0 0 0 0 0 0 0 0 0 0 0 0 0 0 0 0 0 0 0 0
0 0.497961 0.233677 0.0335156 0.058829 0 0 0 0 0 0 0 0 0 0 0 0 0 0 0 0 0 0 0 0 0 0 0 0 0 0 0 0 0 0 0 0 0 0 0 0 0 0 0 0 0 0 0 0 0 0 0 0 0 0 0
0 0.658594 0.319672 0.376563 0.348946 0 0 0 0 0 0 0 0 0 0 0 0 0 0 0 0 0 0 0 0 0 0 0 0 0 0 0 0 0 0 0 0 0 0 0 0 0 0 0 0 0 0 0 0 0 0 0 0 0 0 0
