0 0.209 0.574169 0.112906 0.311429 0 0 0 0 0 0 0 0 0 0.1875 0.442622 1 0.209375 0.447306 1 0.175 0.475409 2 0.217187 0.468384 2 0.154687 0.522248 2 0.2375 0.522248 2 0.167187 0.557377 2 0.248437 0.555035 2 0.185937 0.552693 2 0.210937 0.550351 2 0.201562 0.644028 2 0.232812 0.637002 2 0.207812 0.702576 2 0.24375 0.69555 2
0 0.362242 0.625316 0.0885781 0.400703 0 0 0 0 0 0 0 0 0 0 0 0 0.359375 0.459016 2 0.326562 0.498829 2 0.379687 0.487119 1 0.332812 0.57377 2 0.39375 0.557377 2 0.332812 0.625292 2 0.39375 0.604215 2 0.35625 0.599531 2 0.379687 0.594847 2 0.35625 0.716627 1 0.379687 0.714285 2 0.354687 0.793911 2 0.378125 0.789227 2
0 0.454781 0.619321 0.0574687 0.356862 0 0 0 0 0 0 0 0 0 0.4375 0.477751 2 0 0 0 0.440625 0.517564 2 0.467187 0.505854 1 0.434375 0.557377 2 0 0 0 0.432812 0.613583 2 0 0 0 0.453125 0.62295 2 0.475 0.620608 2 0.457812 0.704918 2 0.471875 0.69555 2 0.464062 0.775175 2 0.46875 0.763466 2
0 0.551922 0.599356 0.0472187 0.351499 0 0 0 0 0 0 0 0 0 0.535937 0.454332 2 0 0 0 0.5375 0.489461 2 0.560937 0.482435 2 0 0 0 0 0 0 0 0 0 0 0 0 0.545312 0.576112 1 0.5625 0.566744 2 0.551562 0.655737 1 0.553125 0.637002 2 0.5625 0.74473 2 0.55 0.718969 2
0 0.62657 0.583618 0.0669844 0.333607 0 0 0 0 0 0 0 0 0 0.615625 0.447306 2 0.634375 0.442622 2 0.615625 0.487119 2 0.645312 0.473067 2 0.60625 0.548009 2 0 0 0 0.6 0.587822 2 0 0 0 0.617187 0.580796 2 0.64375 0.569086 2 0.621875 0.653395 2 0.639062 0.651053 2 0.625 0.723653 2 0.6375 0.718969 2
0 0.709836 0.580843 0.0761719 0.355831 0.703125 0.444964 2 0.70625 0.437939 2 0.698437 0.437939 2 0 0 0 0 0 0 0.725 0.473067 2 0.695312 0.475409 2 0.726562 0.531615 2 0 0 0 0.717187 0.58548 2 0 0 0 0.70625 0.578454 2 0.6875 0.571428 2 0.70625 0.651053 2 0.701562 0.64637 2 0.7 0.733021 2 0.726562 0.704918 2
0 0.819641 0.564239 0.0523125 0.284262 0.834375 0.4637 2 0.835937 0.459016 2 0.832812 0.456674 2 0 0 0 0 0 0 0.823437 0.475409 2 0.807812 0.480093 2 0.829687 0.519906 2 0.823437 0.505854 2 0.8375 0.557377 2 0.828125 0.470725 2 0.81875 0.548009 2 0.807812 0.548009 1 0.826562 0.625292 2 0.807812 0.618266 2 0.807812 0.655737 2 0.803125 0.676814 2
0 0.769305 0.581194 0.0546094 0.285948 0.75625 0.461358 2 0.757812 0.459016 2 0 0 0 0.767187 0.456674 2 0 0 0 0.76875 0.482435 2 0.789062 0.482435 2 0.739062 0.494145 1 0 0 0 0.745312 0.466042 1 0 0 0 0.76875 0.550351 2 0.78125 0.548009 1 0.775 0.632318 2 0.779687 0.62295 2 0.784375 0.697892 2 0.773437 0.688524 2
0 0.948031 0.570539 0.084375 0.29096 0.940625 0.456674 2 0.945312 0.45199 2 0.939062 0.449648 2 0.95625 0.454332 2 0 0 0 0.96875 0.487119 2 0.93125 0.473067 2 0.982812 0.536299 2 0.917187 0.505854 2 0.982812 0.566744 1 0.914062 0.531615 2 0.95 0.566744 2 0.928125 0.56206 2 0.945312 0.627634 2 0.923437 0.62295 2 0.942187 0.686182 2 0.923437 0.679156 2
0 0.506023 0.639555 0.110047 0.395972 0 0 0 0 0 0 0 0 0 0 0 0 0 0 0 0.485937 0.517564 2 0.534375 0.508196 2 0.454687 0.510538 2 0.55 0.484777 2 0.476562 0.491803 2 0.529687 0.470725 2 0.498437 0.637002 2 0.532812 0.63466 2 0.507812 0.723653 2 0.529687 0.721311 2 0.514062 0.80562 2 0.528125 0.798594 2
0 0.844484 0.579672 0.0501875 0.2363 0.834375 0.482435 1 0.8375 0.475409 2 0.834375 0.477751 1 0.85 0.477751 2 0 0 0 0.857812 0.508196 2 0.832812 0.503512 1 0.865625 0.557377 2 0 0 0 0.85625 0.587822 2 0 0 0 0.846875 0.576112 2 0.828125 0.571428 1 0.845312 0.627634 2 0.826562 0.620608 1 0.845312 0.681498 2 0.825 0.669789 2
0 0.668359 0.576815 0.0408437 0.282248 0.653125 0.459016 1 0 0 0 0 0 0 0.664062 0.456674 2 0 0 0 0.675 0.487119 2 0.659375 0.489461 1 0.676562 0.531615 2 0 0 0 0.676562 0.57377 2 0 0 0 0.667187 0.571428 2 0.659375 0.569086 2 0.675 0.63466 2 0.664062 0.632318 2 0.679687 0.686182 2 0.667187 0.672131 2
