0 0.38957 0.494375 0.192141 0.55405 0.375 0.275 2 0.384375 0.261666 2 0.367187 0.263333 2 0.409375 0.266666 2 0 0 0 0.429687 0.328333 2 0.353125 0.32 2 0.451562 0.42 2 0.329687 0.401666 2 0.459375 0.486666 2 0.307812 0.476666 2 0.410937 0.468333 2 0.353125 0.461666 2 0.417187 0.62 2 0.364062 0.595 2 0.40625 0.721666 2 0.382812 0.698333 2
0 0.530492 0.223242 0.0294219 0.0313833 0 0 0 0 0 0 0 0 0 0 0 0 0 0 0 0 0 0 0 0 0 0 0 0 0 0 0 0 0 0 0 0 0 0 0 0 0 0 0 0 0 0 0 0 0 0 0 0 0 0 0
0 0.9225 0.427342 0.155 0.36405 0 0 0 0 0 0 0 0 0 0 0 0 0.928125 0.31 2 0.882812 0.361666 2 0.907812 0.368333 2 0 0 0 0.946875 0.501666 2 0 0 0 0 0 0 0.884375 0.536666 2 0.90625 0.548333 2 0 0 0 0 0 0 0 0 0 0 0 0
0 0.782656 0.367417 0.217 0.3483 0 0 0 0 0 0 0 0 0 0 0 0 0.740625 0.238333 2 0 0 0 0.715625 0.28 2 0 0 0 0.754687 0.33 2 0 0 0 0.83125 0.365 2 0 0 0 0.7 0.405 2 0 0 0 0.8 0.446666 2 0 0 0 0.795312 0.566666 1
0 0.564531 0.225108 0.03425 0.0323833 0 0 0 0 0 0 0 0 0 0 0 0 0 0 0 0 0 0 0 0 0 0 0 0 0 0 0 0 0 0 0 0 0 0 0 0 0 0 0 0 0 0 0 0 0 0 0 0 0 0 0
0 0.465016 0.218592 0.0349062 0.0457833 0 0 0 0 0 0 0 0 0 0 0 0 0 0 0 0 0 0 0 0 0 0 0 0 0 0 0 0 0 0 0 0 0 0 0 0 0 0 0 0 0 0 0 0 0 0 0 0 0 0 0
0 0.574992 0.219133 0.0150781 0.0307 0 0 0 0 0 0 0 0 0 0 0 0 0 0 0 0 0 0 0 0 0 0 0 0 0 0 0 0 0 0 0 0 0 0 0 0 0 0 0 0 0 0 0 0 0 0 0 0 0 0 0
0 0.249648 0.435392 0.174859 0.501117 0.25 0.25 2 0.251562 0.24 2 0.235937 0.241666 2 0 0 0 0.215625 0.255 2 0.242187 0.29 2 0.203125 0.305 2 0.284375 0.341666 2 0.260937 0.388333 2 0 0 0 0 0 0 0.242187 0.403333 2 0.203125 0.42 2 0.339062 0.443333 1 0.315625 0.481666 2 0 0 0 0.28125 0.598333 2
0 0.107336 0.352208 0.109078 0.168583 0.121875 0.3 2 0 0 0 0.117187 0.295 2 0 0 0 0.1 0.301666 2 0.107812 0.333333 2 0.092187 0.33 2 0 0 0 0.101562 0.383333 2 0 0 0 0.135937 0.413333 2 0.1125 0.408333 2 0.09375 0.42 2 0 0 0 0 0 0 0 0 0 0 0 0
0 0.43525 0.219333 0.0195 0.0571333 0 0 0 0 0 0 0 0 0 0 0 0 0 0 0 0 0 0 0 0 0 0 0 0 0 0 0 0 0 0 0 0 0 0 0 0 0 0 0 0 0 0 0 0 0 0 0 0 0 0 0
0 0.347187 0.2236 0.0208438 0.0491 0 0 0 0 0 0 0 0 0 0 0 0 0 0 0 0 0 0 0 0 0 0 0 0 0 0 0 0 0 0 0 0 0 0 0 0 0 0 0 0 0 0 0 0 0 0 0 0 0 0 0
0 0.968758 0.2392 0.0379531 0.0672667 0 0 0 0 0 0 0 0 0 0 0 0 0 0 0 0 0 0 0 0 0 0 0 0 0 0 0 0 0 0 0 0 0 0 0 0 0 0 0 0 0 0 0 0 0 0 0 0 0 0 0
0 0.49207 0.225733 0.0232031 0.0291333 0 0 0 0 0 0 0 0 0 0 0 0 0 0 0 0 0 0 0 0 0 0 0 0 0 0 0 0 0 0 0 0 0 0 0 0 0 0 0 0 0 0 0 0 0 0 0 0 0 0 0
0 0.478906 0.284167 0.957812 0.258333 0 0 0 0 0 0 0 0 0 0 0 0 0 0 0 0 0 0 0 0 0 0 0 0 0 0 0 0 0 0 0 0 0 0 0 0 0 0 0 0 0 0 0 0 0 0 0 0 0 0 0
