0 0.344089 0.614781 0.0611215 0.0634375 0 0 0 0 0 0 0 0 0 0 0 0 0 0 0 0 0 0 0 0 0 0 0 0 0 0 0 0 0 0 0 0 0 0 0 0 0 0 0 0 0 0 0 0 0 0 0 0 0 0 0
0 0.666612 0.738555 0.238738 0.234641 0.717289 0.65625 2 0.726635 0.65 2 0 0 0 0.75 0.648437 2 0 0 0 0.773364 0.68125 2 0.717289 0.673437 2 0.691588 0.709375 2 0.686915 0.70625 2 0.668224 0.709375 2 0 0 0 0.71028 0.74375 1 0.684579 0.740625 1 0.593457 0.757812 2 0.607476 0.732812 2 0.607476 0.834375 2 0.591121 0.810937 2
0 0.0827453 0.633969 0.0840421 0.257437 0 0 0 0 0 0 0 0 0 0.081775 0.523437 2 0.112149 0.534375 2 0.070093 0.55 2 0.081775 0.55 2 0 0 0 0.077102 0.6 2 0 0 0 0.100467 0.635937 2 0.079439 0.632812 2 0.072429 0.634375 2 0.091121 0.682812 2 0.074766 0.68125 2 0.091121 0.745312 2 0.067757 0.748437 2
0 0.342079 0.695047 0.188178 0.173594 0.406542 0.629687 2 0.411214 0.628125 2 0 0 0 0.429906 0.63125 2 0 0 0 0.436915 0.651562 1 0.406542 0.646875 2 0.418224 0.678125 2 0 0 0 0.380841 0.659375 1 0 0 0 0.378504 0.69375 2 0.359813 0.685937 2 0.308411 0.703125 2 0.264018 0.695312 2 0.313084 0.7625 2 0.294392 0.748437 2
0 0.358984 0.643867 0.132593 0.0880156 0.380841 0.621875 2 0.385514 0.621875 2 0 0 0 0.404205 0.626562 2 0 0 0 0.418224 0.6375 1 0 0 0 0.376168 0.651562 2 0.369158 0.648437 2 0.373831 0.623437 2 0.329439 0.654687 1 0 0 0 0 0 0 0 0 0 0 0 0 0 0 0 0 0 0
0 0.254439 0.683023 0.202477 0.173422 0 0 0 0 0 0 0 0 0 0.259345 0.620312 2 0 0 0 0.303738 0.6375 2 0.2757 0.634375 2 0.296728 0.671875 2 0.273364 0.665625 2 0.254672 0.684375 2 0.247663 0.679687 2 0.35514 0.676562 1 0.322429 0.671875 1 0.280373 0.709375 1 0.259345 0.7 1 0.214953 0.754687 2 0.198598 0.74375 2
0 0.818014 0.759102 0.301495 0.113172 0.721962 0.728125 2 0 0 0 0.71028 0.729687 2 0 0 0 0.700934 0.739062 2 0.778037 0.745312 2 0.728971 0.754687 2 0.810747 0.715625 2 0.721962 0.710937 2 0.752336 0.725 2 0.707943 0.721875 2 0.859813 0.770312 2 0.822429 0.776562 2 0.934579 0.714062 2 0.904205 0.715625 2 0.925233 0.789062 2 0.866822 0.785937 2
0 0.567617 0.732203 0.168084 0.226906 0.584112 0.648437 2 0.591121 0.64375 2 0.574766 0.645312 2 0.602803 0.64375 2 0.560747 0.648437 2 0.623831 0.671875 2 0.558411 0.678125 2 0.563084 0.709375 2 0.549065 0.701562 2 0.563084 0.66875 2 0.591121 0.7 2 0.607476 0.735937 1 0.558411 0.732812 2 0.544392 0.75 2 0.511682 0.746875 2 0.551401 0.823437 1 0.516355 0.817187 2
0 0.593843 0.561773 0.0346495 0.0632344 0 0 0 0 0 0 0 0 0 0 0 0 0 0 0 0 0 0 0 0 0 0 0 0 0 0 0 0 0 0 0 0 0 0 0 0 0 0 0 0 0 0 0 0 0 0 0 0 0 0 0
0 0.671227 0.561742 0.0332009 0.0577031 0 0 0 0 0 0 0 0 0 0 0 0 0 0 0 0 0 0 0 0 0 0 0 0 0 0 0 0 0 0 0 0 0 0 0 0 0 0 0 0 0 0 0 0 0 0 0 0 0 0 0
0 0.740105 0.549305 0.0395561 0.0393594 0 0 0 0 0 0 0 0 0 0 0 0 0 0 0 0 0 0 0 0 0 0 0 0 0 0 0 0 0 0 0 0 0 0 0 0 0 0 0 0 0 0 0 0 0 0 0 0 0 0 0
