0 0.395477 0.752812 0.0937969 0.260693 0 0 0 0 0 0 0 0 0 0 0 0 0 0 0 0 0 0 0.35 0.631578 1 0 0 0 0.370312 0.68144 2 0 0 0 0.385937 0.650969 2 0.390625 0.717451 2 0.378125 0.739612 2 0.4125 0.772853 2 0.403125 0.797783 2 0.392187 0.833795 2 0.420312 0.867036 2
0 0.270414 0.449515 0.0952344 0.275208 0.254687 0.34072 2 0.254687 0.33518 2 0.251562 0.33795 2 0 0 0 0.239062 0.34072 2 0.259375 0.34903 2 0.232812 0.376731 2 0.275 0.390581 2 0.232812 0.429362 2 0.290625 0.415512 2 0.234375 0.473684 2 0.275 0.434903 2 0.256249 0.451523 2 0.279687 0.498614 2 0.279687 0.504155 2 0.282812 0.545706 1 0.304687 0.559556 2
0 0.325766 0.30169 0.101406 0.188753 0 0 0 0 0 0 0 0 0 0 0 0 0 0 0 0.303125 0.204986 1 0.2875 0.224376 2 0 0 0 0.2875 0.265927 2 0 0 0 0.30625 0.249307 2 0.320312 0.263157 2 0.309375 0.285318 2 0.345312 0.310249 2 0.31875 0.329639 2 0.364062 0.35457 2 0.325 0.371191 2
0 0.493734 0.408186 0.102844 0.259363 0 0 0 0 0 0 0 0 0 0 0 0 0 0 0 0.470312 0.299168 2 0.45 0.318559 2 0.4875 0.33518 2 0.454687 0.373961 2 0 0 0 0.473437 0.34903 2 0.484375 0.385041 2 0.471875 0.398891 2 0.492187 0.462603 2 0.507812 0.454293 2 0.473437 0.506925 1 0.523437 0.520775 2
0 0.436453 0.0797368 0.067875 0.159474 0 0 0 0 0 0 0 0 0 0 0 0 0 0 0 0 0 0 0 0 0 0 0 0 0 0 0 0 0 0 0 0 0 0 0 0 0 0 0 0 0 0 0 0 0 0 0 0 0 0 0
0 0.276328 0.111704 0.059625 0.102133 0 0 0 0 0 0 0 0 0 0 0 0 0 0 0 0 0 0 0 0 0 0 0 0 0 0 0 0 0 0 0 0 0 0 0 0 0 0 0 0 0 0 0 0 0 0 0 0 0 0 0
0 0.818008 0.186731 0.0937969 0.30892 0 0 0 0 0 0 0 0 0 0.778125 0.077562 2 0 0 0 0.790625 0.113573 2 0.80625 0.088642 2 0.7875 0.157894 1 0 0 0 0 0 0 0 0 0 0.810937 0.207756 2 0.821875 0.188365 2 0.83125 0.265927 2 0.80625 0.252077 2 0.85625 0.321329 2 0.820312 0.324099 2
0 0.202906 0.381648 0.060125 0.18856 0 0 0 0 0 0 0 0 0 0.182812 0.307479 2 0 0 0 0.190625 0.329639 2 0.210937 0.296398 2 0.196875 0.36565 2 0 0 0 0.192187 0.382271 2 0 0 0 0.217187 0.393351 2 0.232812 0.368421 1 0.21875 0.426592 2 0 0 0 0.234375 0.468144 1 0 0 0
0 0.479133 0.660679 0.116609 0.233712 0 0 0 0 0 0 0 0 0 0 0 0 0 0 0 0 0 0 0.421875 0.537396 1 0 0 0 0.421875 0.595567 1 0.45625 0.545706 2 0.44375 0.587257 2 0.457812 0.606648 1 0.442187 0.628808 2 0.490625 0.664819 2 0.448437 0.68698 2 0.510937 0.709141 2 0.44375 0.745152 2
0 0.689328 0.734363 0.0686875 0.273657 0 0 0 0 0 0 0 0 0 0 0 0 0 0 0 0.678125 0.576177 1 0.657812 0.609418 2 0 0 0 0.68125 0.650969 2 0 0 0 0.69375 0.620498 2 0.7 0.67036 1 0.684375 0.69806 2 0.714062 0.725761 1 0.690625 0.764542 2 0 0 0 0.695312 0.850415 2
0 0.58507 0.261233 0.108703 0.287729 0.535937 0.157894 1 0.5375 0.152354 2 0 0 0 0 0 0 0 0 0 0.553125 0.182825 2 0.560937 0.157894 2 0.55 0.229916 2 0 0 0 0.5375 0.218836 2 0 0 0 0.571875 0.263157 2 0.58125 0.252077 2 0.56875 0.318559 2 0.584375 0.301939 2 0.5875 0.376731 2 0.623437 0.315789 2
0 0.267383 0.806496 0.115734 0.251939 0 0 0 0 0 0 0 0 0 0 0 0 0 0 0 0.232812 0.67867 1 0.215625 0.69252 1 0.253125 0.709141 2 0.217187 0.747922 2 0.270312 0.756232 2 0.235937 0.722991 2 0.24375 0.775623 1 0.245312 0.778393 2 0.251562 0.839335 2 0.28125 0.833795 2 0.239062 0.903047 2 0.307812 0.897506 1
0 0.38475 0.543657 0.0984063 0.23097 0.370312 0.459833 2 0.367187 0.448753 2 0.365625 0.454293 2 0 0 0 0 0 0 0.370312 0.445983 2 0.34375 0.501385 2 0.382812 0.470914 2 0 0 0 0.390625 0.481994 2 0 0 0 0.398437 0.540166 1 0.38125 0.567867 1 0.417187 0.581717 2 0 0 0 0.429687 0.639889 2 0 0 0
0 0.499219 0.498615 0.998437 0.99723 0 0 0 0 0 0 0 0 0 0 0 0 0 0 0 0 0 0 0 0 0 0 0 0 0 0 0 0 0 0 0 0 0 0 0 0 0 0 0 0 0 0 0 0 0 0 0 0 0 0 0
