0 0.698688 0.652235 0.0269375 0.133271 0 0 0 0 0 0 0 0 0 0 0 0 0 0 0 0 0 0 0 0 0 0 0 0 0 0 0 0 0 0 0 0 0 0 0 0 0 0 0 0 0 0 0 0 0 0 0 0 0 0 0
0 0.666922 0.662047 0.0424687 0.140376 0 0 0 0 0 0 0 0 0 0 0 0 0 0 0 0 0 0 0 0 0 0 0 0 0 0 0 0 0 0 0 0 0 0 0 0 0 0 0 0 0 0 0 0 0 0 0 0 0 0 0
0 0.589812 0.642906 0.0420625 0.143224 0 0 0 0 0 0 0 0 0 0 0 0 0 0 0 0 0 0 0 0 0 0 0 0 0 0 0 0 0 0 0 0 0 0 0 0 0 0 0 0 0 0 0 0 0 0 0 0 0 0 0
0 0.562875 0.613047 0.028 0.128259 0 0 0 0 0 0 0 0 0 0 0 0 0 0 0 0 0 0 0 0 0 0 0 0 0 0 0 0 0 0 0 0 0 0 0 0 0 0 0 0 0 0 0 0 0 0 0 0 0 0 0
0 0.536062 0.575918 0.021375 0.0578118 0 0 0 0 0 0 0 0 0 0 0 0 0 0 0 0 0 0 0 0 0 0 0 0 0 0 0 0 0 0 0 0 0 0 0 0 0 0 0 0 0 0 0 0 0 0 0 0 0 0 0
0 0.519789 0.569635 0.0184219 0.0441647 0 0 0 0 0 0 0 0 0 0 0 0 0 0 0 0 0 0 0 0 0 0 0 0 0 0 0 0 0 0 0 0 0 0 0 0 0 0 0 0 0 0 0 0 0 0 0 0 0 0 0
0 0.0893359 0.876235 0.148891 0.247529 0.079687 0.887058 2 0.079687 0.85647 2 0.059375 0.861176 2 0 0 0 0.040625 0.861176 2 0.048437 0.884705 2 0.06875 0.992941 2 0.121875 0.967058 2 0 0 0 0 0 0 0 0 0 0 0 0 0 0 0 0 0 0 0 0 0 0 0 0 0 0 0
0 0.904992 0.672882 0.0428594 0.163271 0 0 0 0 0 0 0 0 0 0 0 0 0 0 0 0 0 0 0 0 0 0 0 0 0 0 0 0 0 0 0 0 0 0 0 0 0 0 0 0 0 0 0 0 0 0 0 0 0 0 0
0 0.0898359 0.706776 0.0822656 0.385224 0 0 0 0 0 0 0.096875 0.548235 2 0 0 0 0.090625 0.555294 2 0.0625 0.590588 2 0.1 0.592941 2 0.059375 0.630588 2 0.107812 0.651764 2 0.060937 0.691764 2 0.114062 0.694117 2 0.076562 0.698823 2 0.101562 0.698823 2 0.089062 0.792941 2 0.109375 0.797647 2 0.103125 0.870588 2 0.121875 0.877647 2
0 0.16868 0.739482 0.0861094 0.345035 0 0 0 0 0 0 0 0 0 0.142187 0.597647 2 0.160937 0.597647 2 0.132812 0.630588 2 0.170312 0.625882 2 0.132812 0.703529 2 0.185937 0.687058 2 0.135937 0.745882 2 0.203125 0.729411 2 0.146875 0.738823 2 0.173437 0.734117 2 0.1625 0.830588 2 0.18125 0.81647 2 0.173437 0.894117 2 0.1875 0.882352 2
0 0.0638438 0.562388 0.0220938 0.0555529 0 0 0 0 0 0 0 0 0 0 0 0 0 0 0 0 0 0 0 0 0 0 0 0 0 0 0 0 0 0 0 0 0 0 0 0 0 0 0 0 0 0 0 0 0 0 0 0 0 0 0
0 0.0274609 0.651353 0.0484219 0.261435 0 0 0 0 0 0 0 0 0 0 0 0 0 0 0 0.010937 0.578823 2 0.035937 0.578823 2 0.004687 0.635294 2 0.045312 0.632941 2 0.007812 0.689411 2 0 0 0 0.017187 0.675294 2 0.035937 0.675294 2 0.028125 0.755294 2 0.042187 0.748235 2 0 0 0 0 0 0
0 0.376766 0.569741 0.0190937 0.0775059 0 0 0 0 0 0 0 0 0 0 0 0 0 0 0 0 0 0 0 0 0 0 0 0 0 0 0 0 0 0 0 0 0 0 0 0 0 0 0 0 0 0 0 0 0 0 0 0 0 0 0
0 0.46875 0.732941 0.928125 0.529412 0 0 0 0 0 0 0 0 0 0 0 0 0 0 0 0 0 0 0 0 0 0 0 0 0 0 0 0 0 0 0 0 0 0 0 0 0 0 0 0 0 0 0 0 0 0 0 0 0 0 0
