0 0.428625 0.561475 0.154719 0.259532 0.432812 0.491803 2 0 0 0 0.429687 0.477751 2 0 0 0 0.414062 0.484777 2 0.385937 0.510538 2 0.392187 0.538641 2 0.445312 0.543325 2 0.451562 0.552693 2 0.490625 0.580796 2 0.451562 0.482435 2 0.389062 0.637002 2 0.379687 0.64637 2 0.454687 0.57377 2 0.45625 0.576112 2 0.435937 0.669789 2 0.429687 0.690866 1
0 0.229391 0.349438 0.0719687 0.43822 0.257812 0.185011 2 0 0 0 0.254687 0.175644 2 0 0 0 0.239062 0.173302 2 0.24375 0.222482 2 0.215625 0.224824 2 0 0 0 0.210937 0.302107 2 0 0 0 0.214062 0.374707 2 0.242187 0.337236 2 0.223437 0.344262 2 0.240625 0.468384 2 0.221875 0.461358 2 0.24375 0.548009 1 0.223437 0.552693 2
0 0.283656 0.265433 0.0500938 0.233349 0 0 0 0 0 0 0 0 0 0 0 0 0.289062 0.180327 2 0.26875 0.203747 2 0.285937 0.203747 2 0.264062 0.234192 2 0.292187 0.248243 2 0 0 0 0.301562 0.271662 2 0.273437 0.26932 2 0.285937 0.26932 2 0.276562 0.323185 2 0.285937 0.320843 2 0.271875 0.374707 2 0.284375 0.374707 2
0 0.525664 0.310281 0.0595781 0.0846838 0 0 0 0 0 0 0 0 0 0 0 0 0 0 0 0 0 0 0 0 0 0 0 0 0 0 0 0 0 0 0 0 0 0 0 0 0 0 0 0 0 0 0 0 0 0 0 0 0 0 0
0 0.313289 0.269075 0.0364219 0.207002 0.315625 0.182669 2 0.31875 0.177985 2 0.3125 0.177985 2 0 0 0 0 0 0 0.31875 0.206088 2 0.3 0.206088 2 0 0 0 0 0 0 0 0 0 0 0 0 0.323437 0.259953 2 0.304687 0.255269 2 0.323437 0.318501 2 0.30625 0.313817 1 0.326562 0.358313 2 0.303125 0.365339 1
0 0.338906 0.275293 0.0369063 0.220141 0 0 0 0 0 0 0 0 0 0.340625 0.189695 2 0 0 0 0.3375 0.20843 2 0.353125 0.210772 2 0.325 0.236533 2 0 0 0 0 0 0 0 0 0 0.3375 0.264637 2 0.348437 0.266978 2 0.329687 0.316159 2 0.34375 0.311475 2 0.334375 0.372365 2 0.348437 0.367681 2
0 0.552172 0.371756 0.0977813 0.152178 0 0 0 0 0 0 0 0 0 0 0 0 0.55 0.318501 2 0 0 0 0.53125 0.325526 2 0 0 0 0.535937 0.377049 2 0 0 0 0.554687 0.374707 2 0.510937 0.386416 2 0.510937 0.393442 2 0.564062 0.372365 2 0.554687 0.386416 2 0.578125 0.419203 2 0.575 0.428571 2
0 0.525273 0.297927 0.0339844 0.069719 0 0 0 0 0 0 0 0 0 0 0 0 0 0 0 0 0 0 0 0 0 0 0 0 0 0 0 0 0 0 0 0 0 0 0 0 0 0 0 0 0 0 0 0 0 0 0 0 0 0 0
0 0.757367 0.326066 0.0960469 0.0959719 0 0 0 0 0 0 0 0 0 0 0 0 0 0 0 0 0 0 0 0 0 0 0 0 0 0 0 0 0 0 0 0 0 0 0 0 0 0 0 0 0 0 0 0 0 0 0 0 0 0 0
0 0.152063 0.306101 0.0793438 0.112998 0.128124 0.299765 2 0 0 0 0.125 0.297423 2 0 0 0 0.120312 0.297423 2 0.11875 0.311475 2 0.115625 0.313817 1 0 0 0 0.132812 0.316159 2 0 0 0 0.134375 0.299765 2 0 0 0 0.13125 0.355971 2 0 0 0 0.154687 0.325526 2 0 0 0 0.173437 0.353629 2
0 0.436391 0.293407 0.0400625 0.0841452 0 0 0 0 0 0 0 0 0 0 0 0 0 0 0 0 0 0 0 0 0 0 0 0 0 0 0 0 0 0 0 0 0 0 0 0 0 0 0 0 0 0 0 0 0 0 0 0 0 0 0
0 0.58568 0.273244 0.0597344 0.0699532 0 0 0 0 0 0 0 0 0 0 0 0 0 0 0 0 0 0 0 0 0 0 0 0 0 0 0 0 0 0 0 0 0 0 0 0 0 0 0 0 0 0 0 0 0 0 0 0 0 0 0
0 0.56168 0.516311 0.139484 0.227752 0.551562 0.430913 2 0.55625 0.428571 2 0.546875 0.423887 2 0 0 0 0.535937 0.419203 2 0.5375 0.444964 2 0.53125 0.447306 2 0 0 0 0.53125 0.508196 2 0 0 0 0.528125 0.56206 2 0.51875 0.531615 2 0.509375 0.531615 2 0.564062 0.503512 2 0.573437 0.496487 2 0.579687 0.590163 2 0.585937 0.592505 2
0 0.349219 0.454333 0.695312 0.674473 0 0 0 0 0 0 0 0 0 0 0 0 0 0 0 0 0 0 0 0 0 0 0 0 0 0 0 0 0 0 0 0 0 0 0 0 0 0 0 0 0 0 0 0 0 0 0 0 0 0 0
