0 0.101164 0.406583 0.0607031 0.303708 0.115625 0.279166 2 0.114062 0.270833 2 0.107812 0.272916 2 0 0 0 0.098437 0.28125 2 0.120312 0.308333 2 0.0875 0.30625 2 0.121875 0.358333 2 0.076562 0.360416 2 0.126562 0.397916 2 0.085937 0.4 2 0.117187 0.3875 2 0.092187 0.3875 2 0.126562 0.460416 2 0.092187 0.464583 2 0.110937 0.53125 2 0.085937 0.54375 2
0 0.963648 0.479031 0.0727031 0.454437 0.96875 0.285416 2 0.973437 0.279166 2 0.9625 0.28125 2 0.984375 0.285416 2 0.953125 0.289583 2 0 0 0 0.945312 0.352083 2 0 0 0 0.935937 0.416666 2 0 0 0 0.935937 0.491666 1 0.998437 0.489583 2 0.959375 0.485416 2 0 0 0 0.964062 0.575 2 0 0 0 0.971875 0.675 2
0 0.439945 0.320146 0.0347031 0.109417 0 0 0 0 0 0 0 0 0 0 0 0 0 0 0 0 0 0 0 0 0 0 0 0 0 0 0 0 0 0 0 0 0 0 0 0 0 0 0 0 0 0 0 0 0 0 0 0 0 0 0
0 0.564242 0.272896 0.0136719 0.0295417 0 0 0 0 0 0 0 0 0 0 0 0 0 0 0 0 0 0 0 0 0 0 0 0 0 0 0 0 0 0 0 0 0 0 0 0 0 0 0 0 0 0 0 0 0 0 0 0 0 0 0
0 0.584359 0.276969 0.0091875 0.0223125 0 0 0 0 0 0 0 0 0 0 0 0 0 0 0 0 0 0 0 0 0 0 0 0 0 0 0 0 0 0 0 0 0 0 0 0 0 0 0 0 0 0 0 0 0 0 0 0 0 0 0
0 0.608625 0.282302 0.01375 0.0199792 0 0 0 0 0 0 0 0 0 0 0 0 0 0 0 0 0 0 0 0 0 0 0 0 0 0 0 0 0 0 0 0 0 0 0 0 0 0 0 0 0 0 0 0 0 0 0 0 0 0 0
0 0.632906 0.276573 0.0144375 0.0180208 0 0 0 0 0 0 0 0 0 0 0 0 0 0 0 0 0 0 0 0 0 0 0 0 0 0 0 0 0 0 0 0 0 0 0 0 0 0 0 0 0 0 0 0 0 0 0 0 0 0 0
0 0.548781 0.276146 0.0108438 0.0195417 0 0 0 0 0 0 0 0 0 0 0 0 0 0 0 0 0 0 0 0 0 0 0 0 0 0 0 0 0 0 0 0 0 0 0 0 0 0 0 0 0 0 0 0 0 0 0 0 0 0 0
0 0.691188 0.544646 0.20975 0.502792 0 0 0 0 0 0 0 0 0 0.7125 0.354166 2 0 0 0 0.734375 0.391666 2 0.770312 0.391666 2 0.6625 0.445833 2 0 0 0 0.614062 0.46875 2 0 0 0 0.770312 0.54375 1 0.801562 0.5375 1 0.664062 0.61875 2 0 0 0 0.657812 0.752083 2 0 0 0
0 0.0337187 0.400427 0.0674375 0.334813 0.03125 0.272916 2 0.029687 0.264583 2 0.025 0.264583 2 0 0 0 0.00625 0.26875 2 0.029687 0.30625 2 0 0.3 1 0.0375 0.345833 2 0 0 0 0.05 0.39375 2 0 0 0 0.021875 0.389583 2 0.001562 0.389583 1 0.0125 0.464583 2 0.01875 0.466666 2 0 0 0 0.032812 0.5375 2
