0 0.317398 0.519809 0.298984 0.60017 0.284375 0.289361 2 0.292187 0.27234 2 0.271875 0.270212 2 0 0 0 0.242187 0.280851 2 0.282812 0.357446 2 0.190625 0.357446 2 0 0 0 0.232812 0.468085 2 0 0 0 0.3125 0.461702 2 0.273437 0.534042 2 0.196875 0.542553 2 0.407812 0.519148 2 0.2875 0.523404 2 0 0 0 0 0 0
0 0.37193 0.363266 0.148703 0.275851 0.38125 0.287234 2 0.390625 0.274468 2 0.365625 0.274468 2 0 0 0 0 0 0 0.415625 0.357446 2 0.31875 0.346808 2 0 0 0 0.29375 0.453191 1 0 0 0 0.328125 0.446808 2 0.407812 0.514893 1 0.348437 0.50851 1 0 0 0 0 0 0 0 0 0 0 0 0
0 0.621422 0.487596 0.368781 0.610468 0.50625 0.274468 2 0.51875 0.259574 2 0.498437 0.261702 2 0.532812 0.274468 2 0.48125 0.274468 2 0.5375 0.338297 2 0.451562 0.329787 2 0.554687 0.476595 2 0.460937 0.468085 2 0.551562 0.423404 1 0.539062 0.455319 2 0.539062 0.497872 2 0.4875 0.491489 2 0 0 0 0 0 0 0 0 0 0 0 0
0 0.0624766 0.247979 0.124953 0.495957 0.071875 0.048936 2 0.073437 0.029787 2 0.05625 0.031914 2 0 0 0 0.029687 0.040425 2 0.0875 0.095744 2 0 0 0 0.11875 0.153191 2 0 0 0 0.109375 0.229787 2 0.004687 0.240425 2 0.070312 0.251063 2 0.021875 0.251063 2 0.104687 0.331914 2 0.004687 0.325531 2 0.071875 0.465957 2 0.021875 0.465957 2
0 0.634641 0.0571383 0.0570312 0.114277 0 0 0 0 0 0 0 0 0 0 0 0 0 0 0 0 0 0 0 0 0 0 0 0 0 0 0 0 0 0 0 0 0 0.65 0.029787 2 0.60625 0.031914 1 0.654687 0.121276 1 0.604687 0.121276 1 0 0 0 0 0 0
0 0.637836 0.416851 0.209578 0.478638 0.607812 0.263829 2 0.617187 0.246808 2 0.59375 0.248936 2 0.632812 0.253191 2 0.576562 0.259574 2 0.676562 0.348936 2 0.557812 0.348936 2 0.671875 0.474468 2 0.545312 0.438297 1 0.582812 0.44468 2 0 0 0 0.660937 0.538297 2 0.579687 0.534042 1 0 0 0 0 0 0 0 0 0 0 0 0
0 0.88643 0.25 0.214266 0.498809 0.88125 0.076595 2 0.890625 0.063829 2 0.875 0.063829 2 0.910937 0.068085 2 0.865625 0.070212 2 0.920312 0.146808 2 0.834375 0.13617 2 0.93125 0.229787 2 0.792187 0.221276 2 0.920312 0.261702 2 0.84375 0.276595 2 0.898437 0.274468 2 0.85625 0.27234 2 0.957812 0.33617 2 0.892187 0.334042 2 0.960937 0.470212 2 0.879687 0.465957 2
0 0.193078 0.170787 0.171625 0.341574 0.228125 0.042553 2 0.232812 0.029787 2 0.220312 0.029787 2 0 0 0 0.189062 0.034042 2 0.2625 0.10851 2 0.148437 0.114893 1 0.26875 0.214893 1 0.120312 0.223404 2 0 0 0 0.167187 0.242553 2 0.239062 0.27234 1 0.170312 0.27234 2 0 0 0 0.159375 0.270212 2 0 0 0 0.159375 0.448936 1
0 0.323789 0.0724362 0.128891 0.144872 0 0 0 0 0 0 0 0 0 0 0 0 0 0 0 0 0 0 0 0 0 0 0 0 0 0 0 0 0 0 0 0 0 0.353125 0.021276 2 0.307812 0.021276 2 0.359375 0.125531 2 0.340625 0.085106 2 0 0 0 0.296875 0.138297 2
0 0.104813 0.0654894 0.0572812 0.130468 0 0 0 0 0 0 0 0 0 0 0 0 0 0 0 0 0 0 0 0 0 0.13125 0.03617 1 0 0 0 0.1125 0.034042 2 0.085937 0.027659 2 0.123437 0.061702 2 0.085937 0.051063 2 0.1125 0.051063 2 0 0 0 0.1125 0.110638 1 0 0 0
