0 0.294211 0.65417 0.191828 0.654365 0.248437 0.422131 2 0.254687 0.405737 2 0.240625 0.411885 2 0.276562 0.379098 2 0 0 0 0.321875 0.446721 2 0.242187 0.446721 2 0.35 0.534836 2 0.229687 0.536885 2 0.378125 0.608606 2 0.217187 0.610655 2 0.323437 0.618852 2 0.26875 0.625 2 0.320312 0.776639 2 0.278125 0.782786 2 0.3625 0.817622 2 0.290625 0.920081 2
0 0.801047 0.653924 0.193625 0.647193 0.75625 0.422131 2 0.757812 0.405737 2 0.745312 0.415983 2 0.7875 0.385245 2 0 0 0 0.832812 0.446721 2 0.751562 0.452868 2 0.860937 0.534836 2 0.742187 0.545081 2 0.8875 0.616803 2 0.729687 0.614754 2 0.832812 0.629098 2 0.78125 0.635245 2 0.832812 0.782786 2 0.785937 0.795081 2 0.873437 0.825819 2 0.801562 0.938524 2
0 0.131398 0.628637 0.0802656 0.366209 0.125 0.481557 2 0.132812 0.475409 2 0.120312 0.47336 2 0.14375 0.481557 2 0.1125 0.483606 2 0.157812 0.534836 2 0.10625 0.534836 2 0.154687 0.584016 2 0.1 0.581967 2 0.128124 0.612704 2 0.096875 0.629098 2 0.139062 0.620901 2 0.109375 0.618852 2 0.134375 0.717213 2 0.110937 0.713114 2 0.13125 0.795081 2 0.103125 0.786885 1
0 0.561164 0.560277 0.0491094 0.0918238 0 0 0 0 0 0 0 0 0 0 0 0 0 0 0 0 0 0 0 0 0 0 0 0 0 0 0 0 0 0 0 0 0 0 0 0 0 0 0 0 0 0 0 0 0 0 0 0 0 0 0
0 0.0242422 0.557213 0.0484844 0.0961475 0 0 0 0 0 0 0 0 0 0 0 0 0 0 0 0 0 0 0 0 0 0 0 0 0 0 0 0 0 0 0 0 0 0 0 0 0 0 0 0 0 0 0 0 0 0 0 0 0 0 0
0 0.651789 0.633811 0.0946406 0.372336 0.64375 0.481557 2 0.651562 0.477459 2 0.639062 0.477459 2 0.6625 0.489754 2 0 0 0 0.671875 0.532786 2 0.628125 0.526639 2 0.676562 0.590163 2 0.623437 0.577868 2 0.64375 0.620901 2 0.617187 0.639344 2 0.657812 0.637295 2 0.629687 0.635245 2 0.654687 0.719262 2 0.63125 0.719262 2 0.65 0.793032 2 0.626562 0.786885 2
0 0.587305 0.531752 0.0157344 0.0248156 0 0 0 0 0 0 0 0 0 0 0 0 0 0 0 0 0 0 0 0 0 0 0 0 0 0 0 0 0 0 0 0 0 0 0 0 0 0 0 0 0 0 0 0 0 0 0 0 0 0 0
0 0.571727 0.51666 0.0155469 0.0244672 0 0 0 0 0 0 0 0 0 0 0 0 0 0 0 0 0 0 0 0 0 0 0 0 0 0 0 0 0 0 0 0 0 0 0 0 0 0 0 0 0 0 0 0 0 0 0 0 0 0 0
0 0.0343281 0.515656 0.014375 0.0253279 0 0 0 0 0 0 0 0 0 0 0 0 0 0 0 0 0 0 0 0 0 0 0 0 0 0 0 0 0 0 0 0 0 0 0 0 0 0 0 0 0 0 0 0 0 0 0 0 0 0 0
0 0.0509687 0.531537 0.0164375 0.0243443 0 0 0 0 0 0 0 0 0 0 0 0 0 0 0 0 0 0 0 0 0 0 0 0 0 0 0 0 0 0 0 0 0 0 0 0 0 0 0 0 0 0 0 0 0 0 0 0 0 0 0
0 0.521602 0.525625 0.0166719 0.0158402 0 0 0 0 0 0 0 0 0 0 0 0 0 0 0 0 0 0 0 0 0 0 0 0 0 0 0 0 0 0 0 0 0 0 0 0 0 0 0 0 0 0 0 0 0 0 0 0 0 0 0
