0 0.242023 0.685393 0.207453 0.377511 0.275 0.530567 2 0.278125 0.5262 2 0.26875 0.524017 2 0 0 0 0.254687 0.5262 2 0.275 0.572052 2 0.235937 0.561135 1 0.29375 0.617903 2 0.214062 0.593886 2 0.317187 0.60262 2 0.195312 0.613537 2 0.248437 0.672489 2 0.215625 0.665938 2 0.185937 0.735807 2 0.20625 0.755458 2 0.178125 0.834061 2 0.204687 0.847161 2
0 0.137758 0.75905 0.130266 0.252336 0 0 0 0 0 0 0 0 0 0.139062 0.663755 2 0.165625 0.672489 2 0.125 0.696506 2 0.165625 0.703056 2 0.1 0.71834 2 0.178125 0.731441 2 0.078125 0.733624 2 0.192187 0.70524 2 0.126562 0.777292 2 0.15 0.779475 2 0.115625 0.816593 2 0.135937 0.816593 2 0.115625 0.871179 2 0.134375 0.853711 2
0 0.0440625 0.536648 0.0509375 0.114345 0 0 0 0 0 0 0 0 0 0 0 0 0 0 0 0 0 0 0 0 0 0 0 0 0 0 0 0 0 0 0 0 0 0 0 0 0 0 0 0 0 0 0 0 0 0 0 0 0 0 0
0 0.0727734 0.492456 0.0144531 0.0359607 0 0 0 0 0 0 0 0 0 0 0 0 0 0 0 0 0 0 0 0 0 0 0 0 0 0 0 0 0 0 0 0 0 0 0 0 0 0 0 0 0 0 0 0 0 0 0 0 0 0 0
0 0.59582 0.768231 0.0107344 0.0284279 0 0 0 0 0 0 0 0 0 0 0 0 0 0 0 0 0 0 0 0 0 0 0 0 0 0 0 0 0 0 0 0 0 0 0 0 0 0 0 0 0 0 0 0 0 0 0 0 0 0 0
0 0.384992 0.662795 0.0161094 0.0280349 0 0 0 0 0 0 0 0 0 0 0 0 0 0 0 0 0 0 0 0 0 0 0 0 0 0 0 0 0 0 0 0 0 0 0 0 0 0 0 0 0 0 0 0 0 0 0 0 0 0 0
0 0.0648906 0.485022 0.0108125 0.0296507 0 0 0 0 0 0 0 0 0 0 0 0 0 0 0 0 0 0 0 0 0 0 0 0 0 0 0 0 0 0 0 0 0 0 0 0 0 0 0 0 0 0 0 0 0 0 0 0 0 0 0
0 0.329148 0.631354 0.00657812 0.019345 0 0 0 0 0 0 0 0 0 0 0 0 0 0 0 0 0 0 0 0 0 0 0 0 0 0 0 0 0 0 0 0 0 0 0 0 0 0 0 0 0 0 0 0 0 0 0 0 0 0 0
0 0.337453 0.635153 0.0095 0.0228821 0 0 0 0 0 0 0 0 0 0 0 0 0 0 0 0 0 0 0 0 0 0 0 0 0 0 0 0 0 0 0 0 0 0 0 0 0 0 0 0 0 0 0 0 0 0 0 0 0 0 0
0 0.344187 0.642118 0.0090625 0.0178166 0 0 0 0 0 0 0 0 0 0 0 0 0 0 0 0 0 0 0 0 0 0 0 0 0 0 0 0 0 0 0 0 0 0 0 0 0 0 0 0 0 0 0 0 0 0 0 0 0 0 0
