0 0.139509 0.208836 0.0548101 0.113453 0 0 0 0 0 0 0 0 0 0.148734 0.165625 2 0.131329 0.165625 2 0.155063 0.184375 2 0.11867 0.1875 2 0 0 0 0.117088 0.198437 2 0 0 0 0.128164 0.2125 2 0.147151 0.221875 1 0.126582 0.221875 2 0 0 0 0 0 0 0 0 0 0 0 0
0 0.150063 0.227422 0.0408228 0.078625 0 0 0 0 0 0 0 0 0 0 0 0 0 0 0 0 0 0 0 0 0 0 0 0 0 0 0 0 0 0 0 0 0 0 0 0 0 0 0 0 0 0 0 0 0 0 0 0 0 0 0
0 0.0911472 0.337797 0.0790665 0.105187 0.090189 0.303125 2 0.094936 0.301562 2 0.087025 0.301562 2 0.099683 0.303125 2 0.077531 0.303125 1 0.109177 0.325 2 0.066455 0.323437 2 0.125 0.353125 2 0.060126 0.353125 2 0.125 0.36875 2 0.056962 0.375 2 0.101265 0.379687 2 0.074367 0.378125 2 0 0 0 0 0 0 0 0 0 0 0 0
0 0.213647 0.340398 0.0769778 0.0819531 0.221518 0.320312 2 0.226265 0.315625 2 0.218354 0.315625 2 0.234177 0.3125 2 0.212025 0.314062 2 0 0 0 0 0 0 0 0 0 0 0 0 0 0 0 0 0 0 0 0 0 0 0 0 0 0 0 0 0 0 0 0 0 0 0 0
0 0.509747 0.435305 0.0762658 0.123234 0.504746 0.395312 2 0.507911 0.390625 2 0.5 0.390625 2 0.520569 0.395312 2 0 0 0 0.528481 0.421875 2 0.485759 0.420312 2 0.536392 0.453125 2 0.476265 0.451562 2 0.539556 0.45625 2 0.484177 0.439062 2 0.518987 0.473437 2 0.495253 0.473437 2 0.53481 0.476562 2 0.488924 0.489062 2 0 0 0 0 0 0
0 0.416013 0.382 0.0687342 0.091 0 0 0 0.422468 0.354687 2 0.416139 0.354687 2 0.430379 0.357812 2 0.40981 0.357812 1 0.435126 0.376562 2 0.398734 0.378125 2 0.446202 0.403125 1 0.387658 0.40625 2 0.425632 0.417187 2 0.40981 0.417187 2 0.430379 0.420312 2 0.401898 0.421875 2 0 0 0 0 0 0 0 0 0 0 0 0
0 0.398877 0.351352 0.0639557 0.0996406 0.401898 0.314062 2 0.406645 0.309375 2 0.398734 0.310937 2 0 0 0 0 0 0 0.417721 0.335937 2 0.384493 0.3375 2 0 0 0 0.378164 0.357812 2 0 0 0 0.378164 0.379687 2 0 0 0 0.390822 0.375 2 0 0 0 0 0 0 0 0 0 0 0 0
0 0.376891 0.306945 0.0719462 0.107172 0.375 0.271875 2 0.379746 0.267187 2 0.373417 0.26875 2 0.386075 0.270312 2 0 0 0 0.395569 0.290625 2 0.365506 0.290625 2 0.406645 0.314062 1 0.35443 0.3125 2 0.379746 0.307812 2 0.36867 0.307812 2 0.38924 0.332812 1 0.370253 0.332812 2 0 0 0 0.373417 0.345312 1 0 0 0 0.360759 0.389062 1
0 0.366179 0.263523 0.0649842 0.0879844 0 0 0 0 0 0 0 0 0 0 0 0 0 0 0 0 0 0 0 0 0 0 0 0 0 0 0 0 0 0 0 0 0 0 0 0 0 0 0 0 0 0 0 0 0 0 0 0 0 0 0
0 0.430206 0.541289 0.0824051 0.0931406 0.430379 0.523437 2 0.435126 0.51875 2 0.427215 0.51875 2 0.446202 0.520312 2 0 0 0 0.457278 0.553125 2 0.40981 0.548437 2 0.469936 0.578125 2 0.395569 0.56875 2 0 0 0 0.401898 0.579687 2 0 0 0 0 0 0 0 0 0 0 0 0 0 0 0 0 0 0
0 0.447255 0.447187 0.0665032 0.132906 0.449367 0.398437 2 0.454113 0.395312 2 0.44462 0.395312 2 0.45886 0.4 2 0.439873 0.401562 2 0.468354 0.423437 2 0.431962 0.425 2 0 0 0 0.428797 0.453125 2 0 0 0 0.450949 0.460937 2 0.463607 0.467187 2 0.431962 0.465625 2 0.468354 0.484375 2 0.430379 0.484375 2 0 0 0 0 0 0
0 0.167611 0.429992 0.0802532 0.0778906 0.177215 0.40625 2 0.180379 0.403125 2 0.17405 0.401562 2 0 0 0 0.164556 0.40625 2 0.186708 0.43125 2 0.150316 0.425 2 0.200949 0.460937 2 0.136075 0.451562 2 0.181962 0.451562 2 0.156645 0.45 2 0 0 0 0 0 0 0 0 0 0 0 0 0 0 0 0 0 0
0 0.55288 0.551719 0.439525 0.752375 0.642405 0.23125 2 0.661392 0.232812 2 0 0 0 0.689873 0.256249 2 0 0 0 0.734177 0.360937 2 0.606012 0.304687 2 0.745253 0.465625 2 0.477848 0.256249 2 0.683544 0.484375 2 0.393987 0.209375 2 0.677215 0.553125 2 0.60443 0.553125 2 0.707278 0.710937 2 0.577531 0.714062 2 0.721518 0.871875 2 0.572784 0.86875 2
0 0.499209 0.296875 0.998418 0.59375 0 0 0 0 0 0 0 0 0 0 0 0 0 0 0 0 0 0 0 0 0 0 0 0 0 0 0 0 0 0 0 0 0 0 0 0 0 0 0 0 0 0 0 0 0 0 0 0 0 0 0
