0 0.600352 0.816764 0.116328 0.366472 0 0 0 0 0 0 0 0 0 0.56875 0.677777 1 0.595312 0.675 2 0.560937 0.747222 2 0.603125 0.727777 2 0.551562 0.816666 2 0.628125 0.802777 2 0.5625 0.852777 2 0.646875 0.888888 2 0.592187 0.897222 2 0.617187 0.886111 2 0.609375 0.980555 2 0 0 0 0 0 0 0 0 0
0 0.503727 0.847639 0.0579844 0.293389 0 0 0 0 0 0 0 0 0 0 0 0 0 0 0 0.48125 0.769444 2 0.49375 0.75 2 0.484375 0.827777 2 0 0 0 0.484375 0.866666 2 0 0 0 0.496875 0.861111 2 0.507812 0.841666 2 0.498437 0.933333 2 0.514062 0.922222 2 0 0 0 0.525 0.991666 2
0 0.420937 0.863111 0.0648125 0.2675 0.401562 0.761111 2 0.4 0.758333 2 0 0 0 0.404687 0.752777 2 0 0 0 0.409375 0.772222 2 0.423437 0.755555 2 0.40625 0.816666 2 0 0 0 0.398437 0.844444 2 0 0 0 0.415625 0.877777 2 0.43125 0.866666 2 0.425 0.927777 2 0.435937 0.919444 2 0.4375 0.991666 2 0.442187 0.986111 2
0 0.680258 0.704236 0.0606406 0.166917 0.65625 0.65 2 0.65625 0.641666 2 0 0 0 0.660937 0.638888 2 0.664062 0.636111 2 0.667187 0.666666 2 0.678125 0.65 2 0.675 0.713888 2 0.678125 0.675 2 0.679687 0.758333 2 0.659375 0.672222 2 0.684375 0.752777 2 0.695312 0.744444 2 0.689062 0.8 1 0.703125 0.794444 1 0 0 0 0 0 0
0 0.530078 0.773875 0.037375 0.207972 0 0 0 0 0 0 0 0 0 0 0 0 0 0 0 0 0 0 0 0 0 0 0 0 0 0 0 0 0 0 0 0 0 0 0 0 0 0 0 0 0 0 0 0 0 0 0 0 0 0 0
0 0.959648 0.673681 0.0807031 0.371194 0 0 0 0 0 0 0 0 0 0.929687 0.533333 1 0.957812 0.525 2 0.921875 0.588888 2 0.96875 0.569444 2 0 0 0 0 0 0 0 0 0 0.985937 0.541666 2 0.959375 0.688888 2 0.98125 0.675 2 0.989062 0.797222 2 0 0 0 0 0 0 0 0 0
0 0.773672 0.687417 0.0500625 0.208667 0 0 0 0 0 0 0 0 0 0 0 0 0 0 0 0 0 0 0 0 0 0 0 0 0 0 0 0 0 0 0 0 0 0 0 0 0 0 0 0 0 0 0 0 0 0 0 0 0 0 0
0 0.841156 0.716931 0.106438 0.359361 0.801562 0.577777 2 0.804687 0.572222 2 0.798437 0.575 2 0.815625 0.569444 2 0 0 0 0.832812 0.605555 2 0.814062 0.605555 2 0.8375 0.661111 2 0 0 0 0.817187 0.661111 2 0 0 0 0.839062 0.697222 2 0.840625 0.691666 2 0.853125 0.788888 2 0.8625 0.777777 2 0.864062 0.863888 2 0.876562 0.827777 2
0 0.626312 0.682764 0.0322188 0.117861 0 0 0 0 0 0 0 0 0 0 0 0 0 0 0 0 0 0 0 0 0 0 0 0 0 0 0 0 0 0 0 0 0 0 0 0 0 0 0 0 0 0 0 0 0 0 0 0 0 0 0
0 0.605016 0.677972 0.0308125 0.112 0 0 0 0 0 0 0 0 0 0 0 0 0 0 0 0 0 0 0 0 0 0 0 0 0 0 0 0 0 0 0 0 0 0 0 0 0 0 0 0 0 0 0 0 0 0 0 0 0 0 0
0 0.733305 0.6545 0.0469219 0.181278 0 0 0 0 0 0 0 0 0 0 0 0 0 0 0 0 0 0 0 0 0 0 0 0 0 0 0 0 0 0 0 0 0 0 0 0 0 0 0 0 0 0 0 0 0 0 0 0 0 0 0
