0 0.0393828 0.485998 0.0787656 0.491009 0 0 0 0 0 0 0 0 0 0 0 0 0.051562 0.234741 1 0.029687 0.265258 1 0.053125 0.265258 1 0 0 0 0 0 0 0 0 0 0 0 0 0.03125 0.330985 2 0.054687 0.330985 1 0 0 0 0.0625 0.384976 1 0 0 0 0.065625 0.453051 1
0 0.128883 0.317641 0.198141 0.511291 0 0 0 0 0 0 0 0 0 0.082812 0.12676 2 0.128124 0.119718 2 0.076562 0.178403 2 0.164062 0.176056 2 0.057812 0.286384 2 0 0 0 0.065625 0.394366 2 0 0 0 0.114062 0.396713 2 0.175 0.387323 2 0.140625 0.556338 1 0.176562 0.539906 1 0 0 0 0 0 0
0 0.22368 0.304789 0.0643281 0.356056 0.195312 0.164319 2 0.203125 0.152582 2 0.195312 0.152582 2 0.220312 0.164319 2 0 0 0 0.226562 0.220657 2 0.20625 0.225352 2 0.228125 0.302816 2 0 0 0 0.225 0.352112 2 0 0 0 0.223437 0.370892 2 0.210937 0.356807 1 0 0 0 0 0 0 0 0 0 0 0 0
0 0.287687 0.304073 0.0522813 0.199836 0 0 0 0 0 0 0 0 0 0.275 0.215962 1 0.2875 0.218309 2 0.265625 0.248826 2 0.292187 0.246478 2 0 0 0 0.296875 0.295774 2 0 0 0 0.307812 0.35446 2 0.273437 0.309859 2 0.290625 0.305164 2 0.28125 0.361502 2 0.292187 0.363849 2 0 0 0 0 0 0
0 0.350461 0.309683 0.0851094 0.158474 0 0 0 0 0 0 0 0 0 0 0 0 0.3375 0.265258 2 0.36875 0.276995 2 0.323437 0.286384 2 0.378125 0.314553 2 0.314062 0.326291 2 0.382812 0.349765 2 0.320312 0.356807 2 0.367187 0.366197 2 0.335937 0.373239 2 0 0 0 0 0 0 0 0 0 0 0 0
0 0.437477 0.287817 0.0710469 0.197183 0.428125 0.230046 2 0.43125 0.223004 2 0 0 0 0.442187 0.220657 2 0 0 0 0.451562 0.253521 2 0.442187 0.251173 2 0.446875 0.291079 2 0 0 0 0.420312 0.291079 2 0 0 0 0.451562 0.330985 2 0.439062 0.321596 2 0 0 0 0 0 0 0 0 0 0 0 0
0 0.503562 0.30757 0.055125 0.1673 0.492187 0.265258 2 0.496875 0.258215 2 0.490625 0.260563 2 0.504687 0.258215 2 0 0 0 0.51875 0.288732 2 0.489062 0.288732 2 0.528125 0.333333 2 0.485937 0.333333 2 0.501562 0.342723 2 0.48125 0.33568 2 0.512499 0.377934 2 0.49375 0.380281 1 0 0 0 0 0 0 0 0 0 0 0 0
0 0.708625 0.314026 0.08575 0.280634 0 0 0 0 0 0 0 0 0 0 0 0 0 0 0 0.685937 0.255868 2 0.729687 0.241784 2 0.670312 0.307511 2 0.74375 0.293427 2 0 0 0 0 0 0 0.685937 0.349765 2 0.721875 0.347417 2 0.689062 0.431924 1 0.714062 0.434272 2 0 0 0 0 0 0
0 0.768633 0.330153 0.0699219 0.32608 0.789062 0.204225 2 0 0 0 0.789062 0.194835 2 0 0 0 0.779687 0.192488 2 0.759375 0.232394 2 0.770312 0.232394 2 0 0 0 0.760937 0.279342 2 0 0 0 0.795312 0.295774 2 0.75 0.321596 2 0.770312 0.326291 2 0.748437 0.401408 2 0.764062 0.406103 2 0.74375 0.462441 2 0.759375 0.478873 2
0 0.856266 0.397981 0.08025 0.431549 0 0 0 0 0 0 0 0 0 0 0 0 0.884375 0.223004 2 0.835937 0.2723 1 0.884375 0.274647 2 0 0 0 0.884375 0.338028 2 0 0 0 0 0 0 0.83125 0.387323 2 0.867187 0.394366 2 0.83125 0.497652 2 0.864062 0.497652 2 0.828125 0.582159 2 0.85625 0.589201 2
0 0.937828 0.451831 0.118281 0.388404 0 0 0 0 0 0 0 0 0 0.93125 0.305164 2 0.965625 0.307511 2 0.925 0.349765 2 0.971875 0.347417 2 0.910937 0.399061 2 0.996875 0.352112 1 0.890625 0.443661 2 0.9875 0.330985 2 0.921875 0.457746 2 0.959375 0.462441 2 0.917187 0.532863 2 0.946875 0.539906 2 0.90625 0.619718 2 0.939062 0.622065 2
0 0.921719 0.257864 0.0525625 0.147934 0.907812 0.220657 2 0.910937 0.213615 2 0.90625 0.213615 2 0.925 0.20892 2 0 0 0 0.93125 0.244131 2 0.93125 0.241784 2 0 0 0 0 0 0 0 0 0 0 0 0 0 0 0 0 0 0 0 0 0 0 0 0 0 0 0 0 0 0
0 0.885219 0.196174 0.0810625 0.121784 0 0 0 0 0 0 0 0 0 0 0 0 0 0 0 0 0 0 0 0 0 0 0 0 0 0 0 0 0 0 0 0 0 0 0 0 0 0 0 0 0 0 0 0 0 0 0 0 0 0 0
0 0.528906 0.353286 0.764062 0.443662 0 0 0 0 0 0 0 0 0 0 0 0 0 0 0 0 0 0 0 0 0 0 0 0 0 0 0 0 0 0 0 0 0 0 0 0 0 0 0 0 0 0 0 0 0 0 0 0 0 0 0
