0 0.586734 0.677389 0.210062 0.643396 0.56875 0.426229 2 0 0 0 0.564062 0.414519 2 0 0 0 0.53125 0.440281 2 0.575 0.489461 2 0.509375 0.50117 2 0.623437 0.487119 2 0.5 0.58548 2 0.665625 0.414519 2 0.523437 0.475409 2 0.559375 0.718969 2 0.534375 0.718969 2 0.571875 0.885245 2 0.548437 0.911007 2 0 0 0 0 0 0
0 0.232391 0.559543 0.173906 0.755059 0.210937 0.274004 2 0.21875 0.259953 2 0 0 0 0.245312 0.271662 2 0 0 0 0.279687 0.339578 2 0.220312 0.355971 2 0.30625 0.444964 2 0.1875 0.45199 2 0.234375 0.437939 2 0.185937 0.377049 2 0.254687 0.555035 2 0.20625 0.56206 2 0.235937 0.681498 2 0.2125 0.711943 2 0.28125 0.831381 2 0.235937 0.871194 2
0 0.158992 0.402857 0.0670469 0.345386 0.189062 0.26932 2 0 0 0 0.185937 0.259953 2 0 0 0 0.179687 0.274004 2 0.154687 0.316159 2 0.178125 0.325526 2 0 0 0 0.220312 0.351288 1 0 0 0 0 0 0 0.164062 0.461358 2 0.175 0.459016 2 0.176562 0.57377 1 0.18125 0.57377 1 0.18125 0.686182 1 0.15625 0.686182 1
0 0.0458281 0.700445 0.0916562 0.578829 0 0 0 0 0 0 0 0 0 0.004687 0.498829 2 0 0 0 0.051562 0.590163 2 0 0 0 0.057812 0.728337 2 0 0 0 0.00625 0.791569 2 0 0 0 0.00625 0.932084 2 0 0 0 0 0 0 0 0 0 0 0 0 0 0 0
0 0.0780078 0.55548 0.156016 0.722763 0.060937 0.259953 2 0.067187 0.252927 2 0.051562 0.255269 2 0 0 0 0.028125 0.266978 2 0.1 0.339578 2 0.003125 0.351288 2 0.140625 0.430913 2 0 0 0 0.101562 0.419203 2 0.040625 0.459016 1 0.09375 0.555035 2 0.039062 0.559718 1 0.08125 0.733021 1 0 0 0 0.067187 0.885245 1 0 0 0
0 0.456594 0.365199 0.05475 0.136066 0.435937 0.323185 2 0.439062 0.318501 2 0.435937 0.318501 2 0.45 0.320843 1 0 0 0 0.440625 0.34192 2 0.4625 0.34192 2 0.439062 0.381733 2 0.476562 0.372365 2 0 0 0 0 0 0 0.448437 0.407494 2 0.464062 0.409836 2 0 0 0 0 0 0 0 0 0 0 0 0
0 0.519258 0.342026 0.0417656 0.0723888 0 0 0 0 0 0 0 0 0 0 0 0 0 0 0 0 0 0 0 0 0 0 0 0 0 0 0 0 0 0 0 0 0 0 0 0 0 0 0 0 0 0 0 0 0 0 0 0 0 0 0
0 0.624031 0.386991 0.0695313 0.162178 0.620312 0.334894 2 0.61875 0.33021 2 0.615625 0.332552 2 0 0 0 0.603125 0.332552 2 0.609375 0.348946 2 0.60625 0.353629 2 0.625 0.348946 2 0.617187 0.365339 2 0.63125 0.346604 2 0.635937 0.367681 2 0.610937 0.40281 2 0.601562 0.405152 2 0.6125 0.440281 2 0.607812 0.444964 2 0 0 0 0 0 0
0 0.972289 0.362646 0.0397344 0.0935831 0 0 0 0 0 0 0 0 0 0 0 0 0 0 0 0 0 0 0 0 0 0 0 0 0 0 0 0 0 0 0 0 0 0 0 0 0 0 0 0 0 0 0 0 0 0 0 0 0 0 0
0 0.759734 0.418888 0.0745625 0.0722014 0 0 0 0 0 0 0 0 0 0 0 0 0 0 0 0 0 0 0 0 0 0 0 0 0 0 0 0 0 0 0 0 0 0 0 0 0 0 0 0 0 0 0 0 0 0 0 0 0 0 0
0 0.658578 0.371206 0.0208125 0.0623653 0 0 0 0 0 0 0 0 0 0 0 0 0 0 0 0 0 0 0 0 0 0 0 0 0 0 0 0 0 0 0 0 0 0 0 0 0 0 0 0 0 0 0 0 0 0 0 0 0 0 0
0 0.317312 0.557365 0.114312 0.569204 0 0 0 0 0 0 0 0 0 0 0 0 0.304687 0.318501 2 0.260937 0.3911 1 0.314062 0.395784 1 0 0 0 0.334375 0.480093 2 0 0 0 0 0 0 0.264062 0.58548 1 0.3 0.590163 2 0.26875 0.693208 2 0.329687 0.697892 2 0.270312 0.819672 1 0.35625 0.812646 2
0 0.81275 0.371101 0.0548125 0.167822 0 0 0 0 0 0 0 0 0 0.803125 0.306791 2 0.81875 0.309133 2 0.790625 0.332552 1 0.83125 0.34192 2 0 0 0 0.834375 0.379391 2 0 0 0 0 0 0 0.795312 0.416861 2 0.820312 0.419203 2 0 0 0 0 0 0 0 0 0 0 0 0
0 0.540625 0.337237 0.859375 0.28103 0 0 0 0 0 0 0 0 0 0 0 0 0 0 0 0 0 0 0 0 0 0 0 0 0 0 0 0 0 0 0 0 0 0 0 0 0 0 0 0 0 0 0 0 0 0 0 0 0 0 0
