0 0.132133 0.770991 0.160016 0.264229 0.159375 0.689427 2 0.167187 0.682819 2 0.15625 0.682819 2 0.18125 0.676211 2 0 0 0 0.195312 0.707048 2 0.148437 0.709251 2 0.2125 0.753303 1 0.117187 0.726872 2 0.176562 0.74229 2 0.075 0.755506 2 0.190625 0.795154 2 0.153125 0.795154 2 0.2 0.77533 2 0.114062 0.78414 2 0.164062 0.854625 2 0.110937 0.854625 2
0 0.273547 0.769515 0.136781 0.25837 0.276562 0.691629 2 0.282812 0.687224 2 0.275 0.685022 2 0.3 0.680616 2 0 0 0 0.304687 0.704845 2 0.265625 0.704845 2 0.317187 0.751101 2 0.240625 0.735682 2 0.315625 0.806167 2 0.214062 0.762114 2 0.301562 0.773127 2 0.271875 0.773127 1 0.332812 0.788546 2 0.21875 0.781938 2 0 0 0 0.239062 0.856828 2
0 0.746672 0.723667 0.0863437 0.209626 0.74375 0.65859 2 0.748437 0.654185 2 0.739062 0.654185 2 0 0 0 0.729687 0.65859 2 0.754687 0.689427 2 0.723437 0.687224 2 0.784375 0.713656 2 0.707812 0.698237 2 0.759375 0.715859 2 0.735937 0.718061 2 0.754687 0.77533 2 0.726562 0.77533 2 0.771875 0.713656 2 0.721875 0.709251 2 0.754687 0.797356 2 0.742187 0.797356 2
0 0.372328 0.561377 0.104125 0.330639 0.378125 0.429515 2 0.384375 0.42511 2 0.373437 0.42511 2 0.390625 0.429515 2 0.365625 0.429515 2 0.396875 0.469162 2 0.359375 0.462555 2 0.409375 0.515418 2 0.3375 0.50881 2 0.414062 0.548458 2 0.329687 0.548458 2 0.389062 0.559471 2 0.357812 0.555066 2 0.385937 0.634361 2 0.354687 0.629955 2 0.378125 0.689427 1 0.354687 0.689427 2
0 0.451203 0.546432 0.088875 0.345595 0.457812 0.405286 2 0.4625 0.403083 2 0.453125 0.400881 2 0.467187 0.407488 2 0.446875 0.403083 2 0.48125 0.447136 2 0.428125 0.436123 2 0.484375 0.5 2 0.417187 0.484581 2 0.489062 0.548458 2 0.428125 0.497797 2 0.464062 0.552863 2 0.434375 0.55066 2 0.467187 0.618942 2 0.425 0.618942 2 0.465625 0.689427 2 0.41875 0.689427 2
0 0.523141 0.55902 0.0779062 0.288921 0.525 0.440528 2 0.529687 0.436123 2 0.521875 0.436123 2 0.539062 0.436123 2 0.515625 0.438325 2 0.551562 0.46696 2 0.5 0.464757 2 0 0 0 0.484375 0.488986 1 0 0 0 0.459375 0.488986 1 0.532812 0.561674 2 0.503125 0.559471 2 0.535937 0.62555 1 0.498437 0.62555 2 0.540625 0.685022 1 0.495312 0.687224 2
0 0.833109 0.584185 0.0689687 0.233128 0.84375 0.493392 2 0.845312 0.488986 2 0.840625 0.486784 2 0 0 0 0.832812 0.484581 2 0.84375 0.511013 2 0.823437 0.506607 2 0.851562 0.546255 2 0.825 0.539647 2 0.846875 0.522026 2 0.839062 0.515418 2 0.839062 0.574889 2 0.823437 0.574889 2 0.81875 0.634361 2 0.842187 0.629955 2 0.804687 0.674008 2 0.848437 0.685022 2
0 0.570758 0.71587 0.0786719 0.234515 0.58125 0.636563 2 0.584375 0.627753 2 0.576562 0.629955 2 0.590625 0.632158 2 0.567187 0.636563 2 0.601562 0.6674 2 0.557812 0.660792 2 0.604687 0.724669 2 0.545312 0.715859 2 0.6 0.759911 2 0.535937 0.764317 2 0.589062 0.751101 2 0.557812 0.746696 2 0.589062 0.81718 2 0.55625 0.810572 2 0 0 0 0.55 0.762114 1
0 0.561992 0.66304 0.112422 0.225507 0.546875 0.581497 2 0.551562 0.574889 2 0.542187 0.577092 2 0.557812 0.577092 2 0.53125 0.579295 2 0.5625 0.607929 2 0.520312 0.623348 2 0.60625 0.649779 2 0.517187 0.662995 2 0 0 0 0.525 0.676211 2 0.564062 0.676211 1 0.535937 0.676211 2 0 0 0 0.515625 0.711453 2 0 0 0 0.526562 0.729074 2
0 0.281594 0.538866 0.0814062 0.309141 0.296875 0.420704 2 0.298437 0.414096 2 0.290625 0.414096 2 0 0 0 0.276562 0.414096 2 0.304687 0.436123 2 0.264062 0.451541 2 0.307812 0.480176 2 0.259375 0.50881 2 0.310937 0.539647 2 0.290625 0.530837 2 0.296875 0.563876 2 0.271875 0.566079 2 0.295312 0.627753 2 0.260937 0.627753 2 0.301562 0.704845 1 0.265625 0.704845 1
0 0.580961 0.519053 0.0568281 0.199824 0.5625 0.451541 2 0.567187 0.444933 2 0.560937 0.444933 2 0.576562 0.444933 2 0 0 0 0.5875 0.47577 2 0.55625 0.47577 2 0.601562 0.513215 2 0 0 0 0.576562 0.517621 2 0 0 0 0.585937 0.557268 2 0.5625 0.559471 2 0.585937 0.621145 1 0.5625 0.61674 1 0 0 0 0 0 0
0 0.729805 0.569504 0.0895156 0.325705 0.729687 0.440528 2 0.734375 0.431718 2 0.725 0.43392 2 0.740625 0.43392 2 0.720312 0.436123 2 0.75625 0.469162 2 0.704687 0.469162 2 0.76875 0.517621 2 0.696875 0.515418 2 0.746875 0.544052 2 0.720312 0.535242 2 0.74375 0.557268 2 0.715625 0.559471 2 0.751562 0.632158 1 0.704687 0.638766 2 0.754687 0.702643 1 0.703125 0.704845 1
0 0.0407969 0.538293 0.0580625 0.207819 0.034375 0.458149 2 0.0375 0.453744 2 0.029687 0.453744 2 0.042187 0.451541 2 0.023437 0.455947 1 0.048437 0.473568 2 0.021875 0.47577 1 0.0625 0.502202 2 0 0 0 0.053125 0.530837 2 0 0 0 0.040625 0.548458 2 0.025 0.548458 2 0.039062 0.581497 2 0.015625 0.579295 2 0.039062 0.62555 2 0.029687 0.610132 2
