0 0.421348 0.661797 0.204493 0.631471 0.415032 0.41013 2 0.429738 0.397058 2 0.405228 0.398692 2 0.447712 0.403594 1 0.388888 0.406862 2 0.46732 0.468954 2 0.366013 0.472222 2 0.48366 0.576797 2 0.346405 0.571895 2 0.482026 0.65196 2 0.334967 0.653594 2 0.4183 0.663398 2 0.37745 0.661764 2 0.444444 0.785947 2 0.370915 0.784313 2 0.457516 0.908496 2 0.379084 0.895424 2
0 0.113913 0.548317 0.112598 0.335098 0 0 0 0 0 0 0 0 0 0.083333 0.406862 2 0.114379 0.408496 2 0.073529 0.437908 2 0.137254 0.444444 2 0.075163 0.486928 2 0.138888 0.495098 2 0 0 0 0 0 0 0.088235 0.540849 2 0.122549 0.540849 2 0.093137 0.622549 2 0.14379 0.629084 2 0.106209 0.696078 2 0.156862 0.691176 2
0 0.316479 0.462745 0.038219 0.135556 0 0 0 0 0 0 0 0 0 0 0 0 0 0 0 0.305555 0.42647 2 0.321895 0.424836 2 0 0 0 0.323529 0.444444 2 0 0 0 0 0 0 0.307189 0.462418 2 0.320261 0.462418 2 0.312091 0.498366 2 0.328431 0.490196 2 0.315359 0.524509 2 0.315359 0.517973 2
0 0.660948 0.455147 0.0305229 0.099183 0 0 0 0 0 0 0 0 0 0 0 0 0 0 0 0 0 0 0 0 0 0 0 0 0 0 0 0 0 0 0 0 0 0 0 0 0 0 0 0 0 0 0 0 0 0 0 0 0 0 0
0 0.726691 0.444583 0.0235131 0.086683 0 0 0 0 0 0 0 0 0 0 0 0 0 0 0 0 0 0 0 0 0 0 0 0 0 0 0 0 0 0 0 0 0 0 0 0 0 0 0 0 0 0 0 0 0 0 0 0 0 0 0
0 0.752443 0.464003 0.0511275 0.140033 0.759803 0.406862 2 0 0 0 0.758169 0.403594 2 0 0 0 0.754901 0.405228 2 0.736928 0.4183 2 0.759803 0.4183 2 0.728758 0.437908 1 0 0 0 0 0 0 0 0 0 0.738562 0.45915 2 0.758169 0.45915 2 0.738562 0.493464 2 0.753267 0.495098 2 0.730392 0.519607 2 0.75 0.524509 2
0 0.784183 0.463848 0.0331046 0.137402 0 0 0 0 0 0 0 0 0 0 0 0 0 0 0 0 0 0 0 0 0 0 0 0 0 0 0 0 0 0 0 0 0 0 0 0 0 0 0 0 0 0 0 0 0 0 0 0 0 0 0
0 0.486634 0.425678 0.0360458 0.0948203 0 0 0 0 0 0 0 0 0 0 0 0 0 0 0 0 0 0 0 0 0 0 0 0 0 0 0 0 0 0 0 0 0 0 0 0 0 0 0 0 0 0 0 0 0 0 0 0 0 0 0
0 0.511511 0.429518 0.0290033 0.0763889 0 0 0 0 0 0 0 0 0 0 0 0 0 0 0 0 0 0 0 0 0 0 0 0 0 0 0 0 0 0 0 0 0 0 0 0 0 0 0 0 0 0 0 0 0 0 0 0 0 0 0
0 0.149371 0.429526 0.0197876 0.0681373 0 0 0 0 0 0 0 0 0 0 0 0 0 0 0 0 0 0 0 0 0 0 0 0 0 0 0 0 0 0 0 0 0 0 0 0 0 0 0 0 0 0 0 0 0 0 0 0 0 0 0
0 0.537582 0.439747 0.0226471 0.0706373 0 0 0 0 0 0 0 0 0 0 0 0 0 0 0 0 0 0 0 0 0 0 0 0 0 0 0 0 0 0 0 0 0 0 0 0 0 0 0 0 0 0 0 0 0 0 0 0 0 0 0
0 0.626716 0.444771 0.0410131 0.104379 0 0 0 0 0 0 0 0 0 0 0 0 0 0 0 0 0 0 0 0 0 0 0 0 0 0 0 0 0 0 0 0 0 0 0 0 0 0 0 0 0 0 0 0 0 0 0 0 0 0 0
0 0.491013 0.551471 0.978758 0.361111 0 0 0 0 0 0 0 0 0 0 0 0 0 0 0 0 0 0 0 0 0 0 0 0 0 0 0 0 0 0 0 0 0 0 0 0 0 0 0 0 0 0 0 0 0 0 0 0 0 0 0
