0 0.145531 0.754844 0.184594 0.397021 0 0 0 0 0 0 0 0 0 0.128124 0.5875 2 0.15 0.591666 2 0.101562 0.633333 2 0.157812 0.641666 2 0.090625 0.704166 2 0.173437 0.716666 2 0 0 0 0.184375 0.775 2 0.114062 0.75625 2 0.146875 0.758333 2 0.09375 0.84375 2 0.175 0.845833 2 0.064062 0.927083 2 0.20625 0.933333 2
0 0.285195 0.489833 0.116078 0.198042 0 0 0 0 0 0 0 0 0 0 0 0 0 0 0 0.3125 0.433333 2 0.2875 0.433333 2 0.30625 0.460416 2 0.26875 0.460416 2 0.307812 0.491666 2 0.256249 0.491666 2 0.278125 0.483333 2 0.256249 0.472916 2 0.314062 0.514583 2 0.251562 0.510416 2 0.323437 0.566666 2 0.234375 0.56875 2
0 0.361109 0.503 0.06575 0.1655 0.378125 0.445833 2 0.38125 0.441666 2 0.373437 0.441666 2 0 0 0 0.365625 0.441666 2 0.384375 0.4625 1 0.345312 0.460416 2 0 0 0 0.339062 0.479166 2 0 0 0 0.36875 0.491666 2 0.376562 0.508333 2 0.353125 0.504166 2 0.390625 0.533333 2 0.345312 0.508333 2 0.3625 0.564583 2 0.335937 0.560416 2
0 0.420016 0.479635 0.0829063 0.245521 0 0 0 0 0 0 0 0 0 0 0 0 0 0 0 0.401562 0.3875 2 0.439062 0.404166 2 0.401562 0.372916 1 0.4625 0.410416 1 0.429687 0.372916 2 0.4375 0.379166 2 0.395312 0.46875 2 0.4125 0.475 2 0.401562 0.529166 2 0.432812 0.533333 2 0.3875 0.577083 2 0.440625 0.58125 2
0 0.0843594 0.349271 0.0623437 0.122917 0.082812 0.310416 2 0.084375 0.304166 2 0.079687 0.304166 2 0.090625 0.30625 2 0.073437 0.304166 1 0.096875 0.327083 2 0.060937 0.327083 2 0.104687 0.35 2 0.059375 0.354166 2 0.096875 0.366666 2 0.076562 0.36875 2 0.096875 0.377083 1 0.06875 0.379166 1 0.107812 0.383333 2 0.064062 0.38125 2 0.101562 0.41875 1 0.070312 0.414583 1
0 0.169906 0.32449 0.0575312 0.0772708 0 0 0 0 0 0 0 0 0 0 0 0 0 0 0 0 0 0 0 0 0 0 0 0 0 0 0 0 0 0 0 0 0 0 0 0 0 0 0 0 0 0 0 0 0 0 0 0 0 0 0
0 0.454531 0.311604 0.0490625 0.103542 0 0 0 0 0 0 0 0 0 0 0 0 0 0 0 0 0 0 0 0 0 0 0 0 0 0 0 0 0 0 0 0 0 0 0 0 0 0 0 0 0 0 0 0 0 0 0 0 0 0 0
0 0.796984 0.35526 0.04725 0.109354 0.795312 0.316666 2 0.796875 0.3125 2 0.790625 0.314583 2 0.801562 0.314583 2 0.789062 0.316666 2 0.809375 0.3375 2 0.778125 0.339583 2 0.8125 0.3625 2 0.776562 0.3625 2 0.801562 0.377083 2 0.790625 0.379166 2 0.801562 0.36875 2 0.782812 0.36875 2 0.80625 0.383333 2 0.78125 0.383333 2 0 0 0 0 0 0
0 0.698422 0.335667 0.0434688 0.0710833 0 0 0 0 0 0 0 0 0 0 0 0 0 0 0 0 0 0 0 0 0 0 0 0 0 0 0 0 0 0 0 0 0 0 0 0 0 0 0 0 0 0 0 0 0 0 0 0 0 0 0
0 0.0594766 0.145885 0.0289219 0.0562292 0 0 0 0 0 0 0 0 0 0 0 0 0 0 0 0 0 0 0 0 0 0 0 0 0 0 0 0 0 0 0 0 0 0 0 0 0 0 0 0 0 0 0 0 0 0 0 0 0 0 0
0 0.710766 0.297313 0.0426875 0.0773333 0 0 0 0 0 0 0 0 0 0 0 0 0 0 0 0 0 0 0 0 0 0 0 0 0 0 0 0 0 0 0 0 0 0 0 0 0 0 0 0 0 0 0 0 0 0 0 0 0 0 0
0 0.628867 0.257344 0.0439531 0.0783542 0 0 0 0 0 0 0 0 0 0 0 0 0 0 0 0 0 0 0 0 0 0 0 0 0 0 0 0 0 0 0 0 0 0 0 0 0 0 0 0 0 0 0 0 0 0 0 0 0 0 0
0 0.496859 0.232969 0.0515938 0.0846875 0 0 0 0 0 0 0 0 0 0 0 0 0 0 0 0 0 0 0 0 0 0 0 0 0 0 0 0 0 0 0 0 0 0 0 0 0 0 0 0 0 0 0 0 0 0 0 0 0 0 0
0 0.547656 0.339583 0.745313 0.170833 0 0 0 0 0 0 0 0 0 0 0 0 0 0 0 0 0 0 0 0 0 0 0 0 0 0 0 0 0 0 0 0 0 0 0 0 0 0 0 0 0 0 0 0 0 0 0 0 0 0 0
