0 0.179422 0.613785 0.0229687 0.170794 0 0 0 0 0 0 0 0 0 0 0 0 0 0 0 0 0 0 0 0 0 0 0 0 0 0 0 0 0 0 0 0 0 0 0 0 0 0 0 0 0 0 0 0 0 0 0 0 0 0 0
0 0.0344844 0.632687 0.0388437 0.0845327 0 0 0 0 0 0 0 0 0 0 0 0 0 0 0 0 0 0 0 0 0 0 0 0 0 0 0 0 0 0 0 0 0 0 0 0 0 0 0 0 0 0 0 0 0 0 0 0 0 0 0
0 0.961992 0.431402 0.0365156 0.122056 0 0 0 0 0 0 0 0 0 0 0 0 0 0 0 0 0 0 0 0 0 0 0 0 0 0 0 0 0 0 0 0 0 0 0 0 0 0 0 0 0 0 0 0 0 0 0 0 0 0 0
0 0.76643 0.407593 0.0226406 0.192991 0 0 0 0 0 0 0 0 0 0 0 0 0 0 0 0 0 0 0 0 0 0 0 0 0 0 0 0 0 0 0 0 0 0 0 0 0 0 0 0 0 0 0 0 0 0 0 0 0 0 0
0 0.403492 0.47264 0.00670312 0.0264486 0 0 0 0 0 0 0 0 0 0 0 0 0 0 0 0 0 0 0 0 0 0 0 0 0 0 0 0 0 0 0 0 0 0 0 0 0 0 0 0 0 0 0 0 0 0 0 0 0 0 0
0 0.144281 0.599871 0.0708125 0.36979 0 0 0 0.142187 0.483644 2 0.135937 0.488317 2 0 0 0 0.126562 0.49299 2 0.1375 0.509345 2 0.123437 0.5257 2 0.15 0.474299 2 0.123437 0.584112 2 0.164062 0.441588 2 0.135937 0.626168 2 0.142187 0.607476 2 0.128124 0.623831 2 0.135937 0.682242 2 0.132812 0.684579 2 0.123437 0.754672 2 0.125 0.759345 2
0 0.339203 0.465362 0.0197188 0.0528738 0 0 0 0 0 0 0 0 0 0 0 0 0 0 0 0 0 0 0 0 0 0 0 0 0 0 0 0 0 0 0 0 0 0 0 0 0 0 0 0 0 0 0 0 0 0 0 0 0 0 0
0 0.540484 0.584825 0.0166875 0.153014 0 0 0 0 0 0 0 0 0 0 0 0 0 0 0 0 0 0 0 0 0 0 0 0 0 0 0 0 0 0 0 0 0 0 0 0 0 0 0 0 0 0 0 0 0 0 0 0 0 0 0
0 0.643734 0.425748 0.0460313 0.177056 0 0 0 0 0 0 0 0 0 0 0 0 0.6625 0.378504 2 0 0 0 0.629687 0.434579 2 0 0 0 0 0 0 0 0 0 0 0 0 0 0 0 0 0 0 0 0 0 0 0 0 0 0 0 0 0 0
0 0.383133 0.515012 0.00482812 0.041986 0 0 0 0 0 0 0 0 0 0 0 0 0 0 0 0 0 0 0 0 0 0 0 0 0 0 0 0 0 0 0 0 0 0 0 0 0 0 0 0 0 0 0 0 0 0 0 0 0 0 0
0 0.934562 0.290935 0.0809688 0.0585514 0 0 0 0 0 0 0 0 0 0 0 0 0 0 0 0 0 0 0 0 0 0 0 0 0 0 0 0 0 0 0 0 0 0 0 0 0 0 0 0 0 0 0 0 0 0 0 0 0 0 0
