0 0.492781 0.528789 0.402063 0.824484 0.475 0.321875 2 0.495833 0.323437 2 0.464583 0.31875 2 0 0 0 0 0 0 0.51875 0.360937 2 0.4125 0.440625 2 0.579166 0.271875 2 0.3625 0.432812 2 0.622916 0.170312 2 0.325 0.354687 2 0.520833 0.595312 2 0.435416 0.6 2 0.433333 0.75 2 0.333333 0.725 2 0.441666 0.892187 2 0.35 0.870312 2
0 0.714375 0.467789 0.140833 0.177391 0.695833 0.4125 2 0.702083 0.40625 2 0.6875 0.407812 2 0.7125 0.407812 1 0.672916 0.410937 2 0.739583 0.442187 2 0.65625 0.453125 2 0.758333 0.484375 2 0.664583 0.49375 2 0.720833 0.50625 2 0.68125 0.50625 2 0.747916 0.515625 2 0.683333 0.523437 2 0.708333 0.542187 2 0.66875 0.542187 2 0 0 0 0 0 0
0 0.851646 0.457148 0.139542 0.189766 0.84375 0.390625 2 0.85 0.384375 2 0.835416 0.385937 2 0.866666 0.3875 2 0.822916 0.392187 2 0.902083 0.425 2 0.797916 0.435937 2 0.883333 0.473437 2 0.791666 0.4875 2 0.816666 0.476562 2 0.858333 0.464062 2 0.879166 0.504687 2 0.8125 0.504687 2 0.841666 0.55625 1 0.810416 0.565625 1 0 0 0 0 0 0
0 0.920406 0.358875 0.108729 0.137187 0.920833 0.31875 2 0.927083 0.314062 2 0.908333 0.3125 2 0.935416 0.325 2 0.89375 0.320312 2 0.960416 0.359375 2 0.875 0.365625 2 0 0 0 0 0 0 0 0 0 0 0 0 0.947916 0.432812 1 0.889583 0.435937 1 0 0 0 0 0 0 0 0 0 0 0 0
0 0.768042 0.331828 0.107083 0.154938 0.777083 0.278125 2 0.78125 0.275 2 0.76875 0.275 2 0 0 0 0.745833 0.279687 2 0.8125 0.310937 2 0.729166 0.315625 1 0.810416 0.346875 1 0.7375 0.360937 1 0.747916 0.354687 1 0 0 0 0 0 0 0 0 0 0 0 0 0 0 0 0 0 0 0 0 0
0 0.819 0.259602 0.071 0.0898594 0.8125 0.234375 2 0.81875 0.228125 2 0.80625 0.228125 2 0.83125 0.23125 2 0.79375 0.232812 1 0.85 0.265625 1 0.775 0.267187 1 0.845833 0.301562 1 0.772916 0.303125 1 0.7875 0.309375 1 0.822916 0.307812 1 0.833333 0.335937 1 0.789583 0.334375 1 0 0 0 0 0 0 0 0 0 0 0 0
0 0.607229 0.474578 0.0945417 0.175406 0.589583 0.421875 2 0.595833 0.415625 2 0.583333 0.417187 2 0.610416 0.41875 2 0.564583 0.41875 1 0.629166 0.45 2 0.547916 0.451562 1 0.63125 0.495312 2 0.55 0.484375 1 0.6125 0.520312 2 0.577083 0.523437 2 0.620833 0.510937 2 0.566666 0.512499 1 0 0 0 0 0 0 0 0 0 0 0 0
0 0.785615 0.378156 0.105687 0.117375 0.79375 0.346875 2 0.8 0.342187 2 0.783333 0.34375 2 0.814583 0.34375 2 0.770833 0.35 2 0.833333 0.364062 1 0.752083 0.371875 2 0.84375 0.409375 1 0.75625 0.421875 2 0 0 0 0 0 0 0 0 0 0 0 0 0 0 0 0 0 0 0 0 0 0 0 0
0 0.64151 0.333813 0.127812 0.106625 0.64375 0.301562 2 0.652083 0.296875 2 0.633333 0.295312 2 0.660416 0.304687 2 0.620833 0.304687 2 0.677083 0.329687 2 0.591666 0.332812 2 0.6875 0.375 2 0.591666 0.38125 1 0 0 0 0.641666 0.370312 1 0 0 0 0 0 0 0 0 0 0 0 0 0 0 0 0 0 0
0 0.749375 0.218586 0.11925 0.117422 0.772916 0.185937 2 0.78125 0.179687 2 0.7625 0.18125 2 0.7875 0.182812 2 0.752083 0.184375 2 0.802083 0.207812 1 0.741666 0.204687 2 0 0 0 0.697916 0.2125 2 0 0 0 0.74375 0.225 2 0.8 0.279687 1 0.754166 0.279687 1 0 0 0 0 0 0 0 0 0 0 0 0
0 0.968677 0.316398 0.0626458 0.155484 0.991666 0.265625 2 0.995833 0.260937 2 0.983333 0.2625 2 0 0 0 0 0 0 0 0 0 0.947916 0.30625 2 0 0 0 0.964583 0.353125 2 0 0 0 0 0 0 0 0 0 0 0 0 0 0 0 0 0 0 0 0 0 0 0 0
0 0.853781 0.217813 0.0561458 0.0765312 0 0 0 0 0 0 0 0 0 0 0 0 0 0 0 0 0 0 0 0 0 0 0 0 0 0 0 0 0 0 0 0 0 0 0 0 0 0 0 0 0 0 0 0 0 0 0 0 0 0 0
0 0.638938 0.393039 0.0809167 0.114109 0.654166 0.3625 2 0.658333 0.357812 2 0.64375 0.357812 2 0 0 0 0.627083 0.367187 2 0.677083 0.392187 1 0.608333 0.395312 2 0 0 0 0 0 0 0 0 0 0 0 0 0 0 0 0 0 0 0 0 0 0 0 0 0 0 0 0 0 0
0 0.721875 0.28125 0.552083 0.5625 0 0 0 0 0 0 0 0 0 0 0 0 0 0 0 0 0 0 0 0 0 0 0 0 0 0 0 0 0 0 0 0 0 0 0 0 0 0 0 0 0 0 0 0 0 0 0 0 0 0 0
