0 0.652977 0.558422 0.507453 0.883157 0.726562 0.311059 2 0.754687 0.278801 2 0.725 0.264976 2 0.828125 0.281105 2 0 0 0 0.875 0.488479 2 0.707812 0.387096 2 0.846875 0.682027 2 0.628125 0.458525 2 0.845312 0.746543 2 0.507812 0.532258 2 0.764062 0.873271 2 0.651562 0.811059 2 0 0 0 0 0 0 0 0 0 0 0 0
0 0.54457 0.565565 0.163859 0.65265 0.575 0.311059 2 0.584375 0.299539 2 0.56875 0.29493 2 0.604687 0.308755 2 0 0 0 0.621875 0.400921 2 0.528125 0.354838 2 0 0 0 0 0 0 0 0 0 0 0 0 0.56875 0.571428 1 0.525 0.559907 1 0.55 0.725806 2 0.5 0.707373 2 0.5375 0.85023 2 0.482812 0.831797 2
0 0.540703 0.280991 0.0408125 0.111475 0 0 0 0 0 0 0 0 0 0 0 0 0 0 0 0 0 0 0 0 0 0 0 0 0 0 0 0 0 0 0 0 0 0 0 0 0 0 0 0 0 0 0 0 0 0 0 0 0 0 0
0 0.435828 0.498502 0.158469 0.835945 0.45625 0.191244 2 0.46875 0.172811 2 0.446875 0.168202 2 0.485937 0.175115 2 0.426562 0.165898 2 0.49375 0.276497 2 0.409375 0.244239 2 0.507812 0.410138 2 0.396875 0.394009 2 0.489062 0.467741 2 0.46875 0.493087 2 0.479687 0.493087 2 0.41875 0.481566 2 0.445312 0.679723 2 0.410937 0.698156 2 0.432812 0.792626 2 0.40625 0.857142 2
0 0.903656 0.461797 0.128 0.352811 0 0 0 0 0 0 0 0 0 0 0 0 0 0 0 0.904687 0.343317 2 0 0 0 0.921875 0.474654 2 0 0 0 0.934375 0.582949 2 0 0 0 0 0 0 0 0 0 0 0 0 0 0 0 0 0 0 0 0 0
0 0.587078 0.229793 0.0355938 0.0409217 0 0 0 0 0 0 0 0 0 0 0 0 0 0 0 0 0 0 0 0 0 0 0 0 0 0 0 0 0 0 0 0 0 0 0 0 0 0 0 0 0 0 0 0 0 0 0 0 0 0 0
0 0.636297 0.294747 0.0758438 0.143871 0.639062 0.262672 2 0.646875 0.253456 2 0.639062 0.253456 2 0.664062 0.262672 1 0.634375 0.253456 2 0.664062 0.329493 1 0.620312 0.301843 2 0 0 0 0 0 0 0 0 0 0 0 0 0 0 0 0 0 0 0 0 0 0 0 0 0 0 0 0 0 0
0 0.36768 0.305507 0.0488281 0.227834 0 0 0 0 0 0 0 0 0 0 0 0 0 0 0 0 0 0 0 0 0 0 0 0 0 0 0 0 0 0 0 0 0 0 0 0 0 0 0 0 0 0 0 0 0 0 0 0 0 0 0
0 0.505617 0.258618 0.0530469 0.193502 0 0 0 0 0 0 0 0 0 0 0 0 0 0 0 0 0 0 0 0 0 0 0 0 0 0 0 0 0 0 0 0 0 0 0 0 0 0 0 0 0 0 0 0 0 0 0 0 0 0 0
0 0.671086 0.427385 0.207797 0.693065 0.714062 0.179723 2 0.73125 0.158986 2 0.7 0.158986 2 0 0 0 0 0 0 0.809375 0.304147 1 0.675 0.290322 2 0 0 0 0.626562 0.412442 1 0 0 0 0 0 0 0 0 0 0 0 0 0 0 0 0 0 0 0 0 0 0 0 0
