0 0.71266 0.669428 0.29148 0.418253 0.67 0.533132 2 0 0 0 0 0 0 0 0 0 0 0 0 0.72 0.584337 2 0.738 0.554216 2 0.678 0.731927 2 0 0 0 0.614 0.707831 2 0 0 0 0.816 0.710843 2 0.824 0.671686 2 0.712 0.67771 2 0 0 0 0.774 0.834337 2 0.796 0.816265 2
0 0.30813 0.575286 0.29694 0.737078 0 0 0 0 0 0 0 0 0 0 0 0 0 0 0 0.244 0.337349 2 0.338 0.31024 2 0 0 0 0.418 0.271084 2 0 0 0 0.356 0.256024 2 0.272 0.56024 2 0.324 0.548192 2 0.222 0.737951 2 0.38 0.713855 2 0.18 0.900602 2 0.424 0.88253 2
0 0.53338 0.126205 0.11712 0.25241 0.504 0.012048 2 0.508 0.009036 2 0.5 0.006024 2 0 0 0 0 0 0 0.532 0.021084 2 0.496 0.027108 2 0.528 0.069277 2 0.478 0.087349 2 0.512 0.138554 2 0.484 0.14759 2 0.574 0.099397 2 0.548 0.108433 2 0.574 0.183734 2 0.52 0.159638 2 0.572 0.271084 1 0.554 0.237951 2
0 0.89392 0.596627 0.21216 0.62247 0.802 0.361445 2 0.808 0.352409 2 0 0 0 0.832 0.352409 2 0 0 0 0.846 0.385542 2 0.892 0.367469 2 0.88 0.493975 2 0 0 0 0.884 0.611445 2 0 0 0 0.976 0.542168 2 0 0 0 0.888 0.680722 2 0.952 0.668674 2 0.892 0.861445 2 0.976 0.816265 2
0 0.79778 0.140557 0.13584 0.281114 0 0 0 0 0 0 0 0 0 0 0 0 0 0 0 0.814 0.006024 2 0.772 0.018072 2 0.8 0.051204 2 0.75 0.04518 2 0.75 0.051204 2 0.738 0.051204 2 0.836 0.13253 2 0.802 0.13253 2 0.844 0.216867 2 0.776 0.171686 2 0.85 0.292168 1 0.798 0.271084 2
0 0.91854 0.158283 0.1212 0.314217 0 0 0 0 0 0 0 0 0 0 0 0 0 0 0 0.924 0.003012 2 0.888 0.003012 2 0.916 0.063253 2 0.864 0.057228 2 0.88 0.066265 2 0.878 0.057228 2 0.95 0.114457 2 0.922 0.114457 1 0.954 0.240963 2 0.882 0.186746 1 0.952 0.325301 1 0.898 0.283132 1
0 0.57506 0.0695181 0.07904 0.139036 0 0 0 0 0 0 0 0 0 0 0 0 0 0 0 0 0 0 0 0 0 0 0 0 0 0 0 0 0 0 0 0 0 0 0 0 0 0 0 0 0 0 0 0 0 0 0 0 0 0 0
0 0.67594 0.134834 0.13428 0.265151 0.622 0.012048 2 0.628 0.006024 1 0 0 0 0.642 0.006024 2 0 0 0 0.658 0.036144 2 0.628 0.039156 2 0.644 0.102409 2 0.622 0.099397 1 0.622 0.057228 2 0.654 0.069277 2 0.718 0.102409 2 0.694 0.111445 2 0.72 0.186746 2 0.698 0.186746 2 0.722 0.262048 2 0.698 0.259036 2
0 0.46927 0.120226 0.09102 0.240452 0 0 0 0 0 0 0 0 0 0 0 0 0 0 0 0.498 0.042168 1 0.458 0.042168 2 0.506 0.096385 2 0.444 0.084337 2 0.474 0.111445 2 0.45 0.105421 2 0.492 0.14759 2 0.464 0.14759 2 0.494 0.222891 2 0.466 0.219879 2 0 0 0 0 0 0
0 0.25085 0.116054 0.06886 0.20247 0 0 0 0 0 0 0 0 0 0 0 0 0 0 0 0 0 0 0 0 0 0 0 0 0 0 0 0 0 0 0 0 0 0.27 0.042168 2 0.23 0.039156 2 0.27 0.114457 1 0.232 0.117469 2 0.268 0.183734 1 0.232 0.186746 2
