0 0.477984 0.573653 0.196563 0.282436 0 0 0 0 0 0 0.44375 0.491803 2 0 0 0 0.43125 0.482435 2 0.421875 0.50117 2 0.404687 0.50117 2 0.434375 0.52459 2 0.404687 0.566744 2 0.44375 0.533957 2 0.44375 0.594847 2 0.435937 0.601873 2 0.421875 0.620608 2 0.490625 0.625292 2 0.484375 0.611241 2 0.5375 0.676814 2 0.512499 0.681498 2
0 0.565234 0.584262 0.188906 0.296628 0.521875 0.484777 2 0.526562 0.475409 2 0.520312 0.477751 2 0.542187 0.477751 2 0 0 0 0.548437 0.498829 2 0.5625 0.529274 2 0.535937 0.50117 2 0 0 0 0.504687 0.519906 2 0 0 0 0.610937 0.576112 2 0.614062 0.578454 2 0.546875 0.597189 2 0.576562 0.641686 2 0.565625 0.693208 1 0.63125 0.686182 2
0 0.563305 0.324953 0.0950156 0.322225 0.551562 0.199063 2 0.557812 0.189695 2 0.54375 0.192037 2 0 0 0 0 0 0 0.571875 0.23185 2 0.532812 0.23185 1 0.578125 0.288056 2 0.526562 0.285714 2 0.576562 0.337236 2 0.526562 0.327868 2 0.5625 0.327868 2 0.540625 0.327868 2 0.582812 0.398126 2 0.529687 0.386416 2 0.598437 0.459016 2 0.525 0.466042 1
0 0.473758 0.334098 0.0884219 0.345433 0.460937 0.196721 2 0.465625 0.189695 2 0.457812 0.192037 2 0.473437 0.192037 2 0 0 0 0.489062 0.227166 2 0.45 0.23185 2 0.503125 0.278688 2 0.445312 0.28103 2 0.510937 0.325526 2 0.435937 0.304449 2 0.490625 0.325526 2 0.459375 0.327868 2 0.49375 0.412177 2 0.45625 0.409836 2 0.501562 0.475409 2 0.451562 0.477751 1
0 0.30225 0.26877 0.04925 0.174496 0.3 0.210772 2 0.301562 0.201405 2 0.296875 0.206088 2 0 0 0 0 0 0 0.317187 0.229508 2 0.289062 0.229508 2 0.321875 0.264637 2 0.285937 0.266978 2 0.303125 0.274004 2 0.290625 0.236533 2 0 0 0 0 0 0 0 0 0 0 0 0 0 0 0 0 0 0
0 0.150391 0.366323 0.0829688 0.285948 0.142187 0.252927 2 0.145312 0.248243 2 0.1375 0.248243 2 0 0 0 0.13125 0.252927 2 0.157812 0.283372 2 0.126562 0.288056 2 0.160937 0.327868 2 0.115625 0.325526 2 0.164062 0.358313 2 0.115625 0.365339 2 0.15625 0.355971 2 0.135937 0.358313 2 0.167187 0.416861 2 0.132812 0.419203 2 0.171875 0.470725 2 0.125 0.480093 2
0 0.120172 0.212319 0.0566875 0.136253 0.114062 0.168618 2 0.11875 0.161592 2 0.109375 0.161592 2 0.123437 0.163934 2 0.10625 0.161592 2 0.132812 0.182669 2 0.1 0.182669 2 0.134375 0.203747 2 0.098437 0.206088 2 0.126562 0.206088 2 0.1125 0.206088 2 0.125 0.213114 2 0.104687 0.215456 2 0.134375 0.236533 1 0.104687 0.238875 2 0 0 0 0 0 0
0 0.224164 0.179297 0.0646094 0.23377 0.234375 0.09836 2 0.2375 0.093676 2 0.23125 0.093676 2 0.242187 0.09836 2 0.228125 0.096018 2 0.25 0.117096 2 0.217187 0.114754 1 0.245312 0.17096 2 0.210937 0.156908 2 0.223437 0.182669 2 0.209375 0.177985 2 0.24375 0.189695 2 0.226562 0.189695 2 0.242187 0.262295 2 0.203125 0.199063 2 0.24375 0.306791 1 0.204687 0.252927 2
0 0.0451953 0.267845 0.0496406 0.155878 0.045312 0.215456 2 0.046875 0.213114 2 0.040625 0.213114 2 0.051562 0.213114 2 0.035937 0.213114 2 0.060937 0.241217 2 0.032812 0.238875 2 0.0625 0.276346 2 0.023437 0.26932 2 0.048437 0.288056 2 0.029687 0.283372 2 0.05625 0.29274 2 0.032812 0.29274 2 0.035937 0.318501 2 0.048437 0.311475 2 0 0 0 0 0 0
0 0.00994531 0.270094 0.0186719 0.15185 0 0 0 0 0 0 0 0 0 0 0 0 0 0 0 0 0 0 0 0 0 0 0 0 0 0 0 0 0 0 0 0 0 0 0 0 0 0 0 0 0 0 0 0 0 0 0 0 0 0 0
