0 0.408141 0.528094 0.392469 0.826965 0.353125 0.228235 2 0.3625 0.214117 2 0.3375 0.214117 2 0 0 0 0 0 0 0.410937 0.324705 2 0.276562 0.348235 2 0.48125 0.41647 2 0.246875 0.501176 2 0.554687 0.432941 2 0.29375 0.510588 2 0.395312 0.621176 1 0.3375 0.625882 2 0 0 0 0.31875 0.672941 2 0 0 0 0.3625 0.910588 2
0 0.0679063 0.577518 0.132812 0.822471 0 0 0 0 0 0 0 0 0 0 0 0 0.048437 0.242352 2 0 0 0 0.040625 0.36 2 0 0 0 0.045312 0.510588 2 0 0 0 0.1 0.595294 2 0 0 0 0.015625 0.61647 2 0 0 0 0.06875 0.802352 2 0 0 0 0.123437 0.974117 2
0 0.266781 0.293153 0.041125 0.0750588 0 0 0 0 0 0 0 0 0 0 0 0 0 0 0 0 0 0 0 0 0 0 0 0 0 0 0 0 0 0 0 0 0 0 0 0 0 0 0 0 0 0 0 0 0 0 0 0 0 0 0
0 0.620281 0.197576 0.0447188 0.0490824 0 0 0 0 0 0 0 0 0 0 0 0 0 0 0 0 0 0 0 0 0 0 0 0 0 0 0 0 0 0 0 0 0 0 0 0 0 0 0 0 0 0 0 0 0 0 0 0 0 0 0
0 0.661188 0.243929 0.0595313 0.133647 0.642187 0.207058 2 0.645312 0.202352 2 0.640625 0.202352 2 0.654687 0.197647 2 0 0 0 0.670312 0.235294 2 0 0 0 0.68125 0.284705 2 0 0 0 0.68125 0.324705 1 0 0 0 0 0 0 0 0 0 0 0 0 0 0 0 0 0 0 0 0 0
0 0.739422 0.369094 0.0880313 0.359553 0.7375 0.232941 2 0.742187 0.223529 2 0.729687 0.225882 2 0.751562 0.230588 2 0.720312 0.237647 2 0.7625 0.282352 1 0.709375 0.29647 2 0 0 0 0.704687 0.362352 2 0 0 0 0.735937 0.381176 2 0.765625 0.388235 2 0.729687 0.397647 2 0 0 0 0.734375 0.392941 2 0 0 0 0.740625 0.508235 2
0 0.753859 0.178224 0.0312812 0.0555059 0 0 0 0 0 0 0 0 0 0 0 0 0 0 0 0 0 0 0 0 0 0 0 0 0 0 0 0 0 0 0 0 0 0 0 0 0 0 0 0 0 0 0 0 0 0 0 0 0 0 0
0 0.212039 0.448188 0.0842969 0.396376 0.221875 0.29647 2 0.226562 0.289411 2 0.2125 0.289411 2 0.234375 0.298823 2 0.204687 0.303529 2 0.246875 0.345882 1 0.2 0.341176 2 0 0 0 0.173437 0.411764 2 0 0 0 0.214062 0.425882 2 0.235937 0.44 1 0.189062 0.435294 2 0 0 0 0.209375 0.45647 2 0 0 0 0.214062 0.609411 2
0 0.555969 0.260294 0.0704375 0.103506 0 0 0 0 0 0 0 0 0 0 0 0 0 0 0 0 0 0 0 0 0 0 0 0 0 0 0 0 0 0 0 0 0 0 0 0 0 0 0 0 0 0 0 0 0 0 0 0 0 0 0
0 0.726453 0.204059 0.03675 0.121341 0 0 0 0 0 0 0 0 0 0 0 0 0 0 0 0 0 0 0 0 0 0 0 0 0 0 0 0 0 0 0 0 0 0 0 0 0 0 0 0 0 0 0 0 0 0 0 0 0 0 0
0 0.626617 0.264 0.0772656 0.0919529 0.623437 0.249411 2 0.628125 0.242352 2 0.621875 0.242352 2 0.6375 0.251764 2 0 0 0 0.654687 0.28 2 0.604687 0.282352 2 0 0 0 0 0 0 0 0 0 0 0 0 0 0 0 0 0 0 0 0 0 0 0 0 0 0 0 0 0 0
0 0.77757 0.244106 0.0370156 0.0691529 0 0 0 0 0 0 0 0 0 0 0 0 0 0 0 0 0 0 0 0 0 0 0 0 0 0 0 0 0 0 0 0 0 0 0 0 0 0 0 0 0 0 0 0 0 0 0 0 0 0 0
0 0.0651328 0.178824 0.0416719 0.115059 0 0 0 0 0 0 0 0 0 0 0 0 0 0 0 0 0 0 0 0 0 0 0 0 0 0 0 0 0 0 0 0 0 0 0 0 0 0 0 0 0 0 0 0 0 0 0 0 0 0 0
0 0.485938 0.209412 0.8875 0.334118 0 0 0 0 0 0 0 0 0 0 0 0 0 0 0 0 0 0 0 0 0 0 0 0 0 0 0 0 0 0 0 0 0 0 0 0 0 0 0 0 0 0 0 0 0 0 0 0 0 0 0
