0 0.529281 0.678642 0.04475 0.246932 0 0 0 0 0 0 0 0 0 0 0 0 0 0 0 0.532812 0.597189 2 0.517187 0.601873 2 0 0 0 0.520312 0.63466 2 0 0 0 0.540625 0.615925 2 0.535937 0.665105 2 0.523437 0.667447 2 0.528125 0.723653 2 0.520312 0.721311 2 0.525 0.765807 2 0.517187 0.768149 2
0 0.131828 0.657986 0.0411875 0.247447 0.146875 0.557377 2 0 0 0 0.14375 0.552693 2 0 0 0 0.135937 0.552693 2 0 0 0 0.126562 0.571428 2 0 0 0 0.139062 0.611241 2 0 0 0 0.153125 0.601873 1 0 0 0 0.126562 0.648711 2 0 0 0 0.126562 0.718969 2 0 0 0 0.126562 0.768149 2
0 0.160336 0.672002 0.0414219 0.241054 0.153125 0.57377 2 0.15625 0.566744 2 0 0 0 0.167187 0.571428 2 0 0 0 0.170312 0.590163 2 0.157812 0.590163 2 0.1625 0.632318 2 0 0 0 0.148437 0.669789 2 0 0 0 0.167187 0.660421 2 0.15625 0.660421 2 0.157812 0.728337 2 0.159375 0.721311 2 0.151562 0.779859 2 0.179687 0.772833 1
0 0.23093 0.682225 0.0487344 0.282061 0.242187 0.564402 2 0 0 0 0.240625 0.557377 2 0 0 0 0.226562 0.564402 2 0.232812 0.597189 2 0.220312 0.594847 2 0 0 0 0.215625 0.632318 2 0 0 0 0.239062 0.660421 2 0.239062 0.68384 2 0.228125 0.681498 2 0.239062 0.74473 2 0.228125 0.740046 2 0.226562 0.803278 2 0.221875 0.803278 2
0 0.317398 0.673056 0.0570469 0.247518 0.334375 0.578454 2 0 0 0 0.332812 0.57377 2 0 0 0 0.326562 0.569086 2 0.323437 0.590163 2 0.31875 0.590163 2 0 0 0 0.329687 0.629976 2 0 0 0 0.34375 0.618266 2 0.321875 0.669789 2 0.317187 0.667447 2 0.315625 0.728337 2 0.3125 0.725995 2 0.314062 0.777517 2 0.310937 0.779859 2
0 0.361562 0.669766 0.03325 0.237939 0 0 0 0 0 0 0 0 0 0 0 0 0 0 0 0.35 0.604215 2 0.3625 0.606557 2 0 0 0 0.376562 0.615925 1 0 0 0 0.371875 0.594847 1 0.357812 0.665105 2 0.360937 0.665105 2 0.365625 0.718969 2 0.357812 0.716627 2 0.36875 0.763466 1 0.354687 0.770491 2
0 0.397969 0.667061 0.0474062 0.254496 0.415625 0.57377 1 0 0 0 0.415625 0.569086 2 0 0 0 0.4125 0.571428 2 0.384375 0.587822 2 0.40625 0.594847 2 0 0 0 0.4125 0.644028 2 0 0 0 0 0 0 0.385937 0.660421 2 0.4 0.665105 2 0.38125 0.718969 2 0.395312 0.721311 2 0.378125 0.786885 2 0.392187 0.784543 2
0 0.787141 0.568911 0.0471562 0.0593677 0 0 0 0 0 0 0 0 0 0 0 0 0 0 0 0 0 0 0 0 0 0 0 0 0 0 0 0 0 0 0 0 0 0 0 0 0 0 0 0 0 0 0 0 0 0 0 0 0 0 0
0 0.488148 0.67719 0.0568906 0.252974 0 0 0 0 0 0 0 0 0 0.48125 0.571428 1 0.495312 0.57377 2 0.471875 0.599531 2 0.498437 0.597189 2 0.464062 0.63466 2 0.509375 0.639344 2 0 0 0 0 0 0 0.475 0.672131 2 0.498437 0.674473 2 0.475 0.733021 2 0.495312 0.735362 2 0.475 0.796252 2 0.490625 0.798594 2
0 0.502984 0.56767 0.021875 0.0753396 0 0 0 0 0 0 0 0 0 0 0 0 0 0 0 0 0 0 0 0 0 0 0 0 0 0 0 0 0 0 0 0 0 0 0 0 0 0 0 0 0 0 0 0 0 0 0 0 0 0 0
0 0.438695 0.671347 0.0393906 0.243536 0.442187 0.57377 2 0.446875 0.566744 2 0.439062 0.566744 1 0 0 0 0 0 0 0.457812 0.601873 1 0.429687 0.599531 2 0 0 0 0.426562 0.629976 2 0 0 0 0.445312 0.639344 2 0.454687 0.655737 1 0.439062 0.653395 2 0.453125 0.718969 1 0.4375 0.721311 2 0.454687 0.772833 1 0.4375 0.770491 2
0 0.566859 0.664415 0.0409062 0.259415 0.576562 0.564402 2 0.579687 0.557377 2 0.573437 0.559718 2 0 0 0 0.56875 0.559718 2 0.578125 0.587822 2 0.559375 0.590163 2 0.578125 0.613583 2 0.557812 0.629976 2 0.58125 0.644028 2 0.575 0.648711 2 0.570312 0.658079 2 0.55625 0.658079 2 0.567187 0.707259 2 0.557812 0.709601 2 0.559375 0.775175 2 0.551562 0.775175 2
0 0.384461 0.553677 0.0293906 0.0706323 0 0 0 0 0 0 0 0 0 0 0 0 0 0 0 0 0 0 0 0 0 0 0 0 0 0 0 0 0 0 0 0 0 0 0 0 0 0 0 0 0 0 0 0 0 0 0 0 0 0 0
0 0.445312 0.571429 0.21875 0.088993 0 0 0 0 0 0 0 0 0 0 0 0 0 0 0 0 0 0 0 0 0 0 0 0 0 0 0 0 0 0 0 0 0 0 0 0 0 0 0 0 0 0 0 0 0 0 0 0 0 0 0
