0 0.428547 0.580892 0.345531 0.815728 0.404687 0.248826 2 0.417187 0.239436 2 0.384375 0.237089 2 0.439062 0.288732 2 0.35625 0.286384 2 0.429687 0.467136 2 0.329687 0.429577 2 0 0 0 0.342187 0.661971 2 0 0 0 0.45625 0.795774 2 0.403125 0.847417 2 0.298437 0.802816 2 0 0 0 0.423437 0.819248 2 0 0 0 0.495312 0.92723 2
0 0.887273 0.535305 0.217109 0.92939 0 0 0 0 0 0 0 0 0 0.848437 0.166666 2 0.90625 0.166666 2 0.823437 0.279342 2 0.95 0.2723 2 0.8375 0.436619 2 0.945312 0.436619 2 0.859375 0.572769 2 0.921875 0.570422 2 0.839062 0.523474 2 0.945312 0.523474 2 0.81875 0.791079 2 0.965625 0.791079 2 0 0 0 0 0 0
0 0.747891 0.111232 0.113688 0.222465 0.751562 0.075117 2 0.760937 0.06338 2 0.742187 0.06338 2 0.78125 0.084507 2 0 0 0 0.790625 0.157276 2 0.714062 0.154929 2 0.803125 0.239436 1 0.70625 0.232394 1 0.775 0.194835 2 0.704687 0.166666 2 0 0 0 0 0 0 0 0 0 0 0 0 0 0 0 0 0 0
0 0.598437 0.125153 0.170125 0.224624 0.59375 0.086854 2 0.598437 0.065727 2 0.582812 0.068075 2 0.6125 0.070422 2 0.567187 0.075117 2 0.654687 0.13615 2 0.551562 0.145539 2 0.6625 0.267605 1 0.529687 0.255868 1 0.60625 0.166666 2 0.553125 0.13615 2 0.61875 0.298122 1 0.570312 0.302816 1 0 0 0 0 0 0 0 0 0 0 0 0
0 0.263695 0.158509 0.157891 0.290587 0.264062 0.100938 2 0.271875 0.084507 2 0.253125 0.089201 2 0.290625 0.075117 2 0.2375 0.091549 2 0.321875 0.157276 2 0.21875 0.164319 2 0.317187 0.286384 2 0.198437 0.288732 2 0.264062 0.194835 1 0.223437 0.192488 2 0 0 0 0 0 0 0 0 0 0 0 0 0 0 0 0 0 0
0 0.165023 0.144883 0.0694531 0.21615 0.15625 0.100938 2 0.167187 0.089201 2 0.146875 0.091549 2 0.179687 0.098591 2 0.129687 0.105633 1 0.196875 0.169014 2 0.120312 0.171361 1 0 0 0 0 0 0 0 0 0 0 0 0 0.1875 0.316901 1 0.134375 0.316901 1 0 0 0 0 0 0 0 0 0 0 0 0
0 0.426789 0.118826 0.151922 0.223521 0 0 0 0 0 0 0 0 0 0.440625 0.068075 2 0 0 0 0.471875 0.138497 2 0.390625 0.13615 2 0.482812 0.251173 1 0.346875 0.237089 1 0.425 0.152582 2 0.373437 0.12676 2 0.473437 0.326291 1 0.39375 0.323943 1 0 0 0 0 0 0 0 0 0 0 0 0
0 0.910531 0.131655 0.130344 0.25608 0 0 0 0 0 0 0 0 0 0.845312 0.164319 1 0.904687 0.164319 1 0 0 0 0.946875 0.255868 1 0 0 0 0 0 0 0 0 0 0 0 0 0 0 0 0 0 0 0 0 0 0 0 0 0 0 0 0 0 0
0 0.111383 0.173134 0.145516 0.26392 0.076562 0.143192 2 0.084375 0.115023 1 0.065625 0.115023 2 0 0 0 0 0 0 0.126562 0.173708 2 0.05 0.176056 1 0.16875 0.26291 2 0.048437 0.302816 1 0.139062 0.164319 2 0.084375 0.206572 2 0.125 0.347417 1 0.076562 0.347417 1 0 0 0 0 0 0 0 0 0 0 0 0
0 0.331086 0.101303 0.0812656 0.197394 0 0 0 0 0 0 0 0 0 0 0 0 0 0 0 0.375 0.028169 1 0.303125 0.014084 2 0.373437 0.143192 1 0.295312 0.082159 1 0.328125 0.084507 2 0.301562 0.093896 2 0.335937 0.171361 1 0.3 0.161971 1 0 0 0 0 0 0 0 0 0 0 0 0
0 0.102023 0.117383 0.0510781 0.0697418 0 0 0 0 0 0 0 0 0 0 0 0 0 0 0 0 0 0 0 0 0 0 0 0 0 0 0 0 0 0 0 0 0 0 0 0 0 0 0 0 0 0 0 0 0 0 0 0 0 0 0
