0 0.868922 0.528631 0.255812 0.918327 0.88125 0.258555 2 0.896875 0.224334 2 0.86875 0.228136 2 0.915625 0.224334 2 0.848437 0.235741 1 0.940625 0.353612 2 0.83125 0.361216 2 0.975 0.558935 2 0.798437 0.543726 2 0.903125 0.653992 2 0.842187 0.661596 2 0.91875 0.752851 2 0.84375 0.749049 2 0.96875 0.615969 2 0.7625 0.612167 2 0.8625 0.870722 2 0.878125 0.863117 2
0 0.893234 0.187776 0.213531 0.365285 0 0 0 0 0 0 0 0 0 0 0 0 0 0 0 0 0 0 0 0 0 0.935937 0.205323 2 0.801562 0.186311 2 0.885937 0.25095 1 0.873437 0.21673 1 0.917187 0.281368 1 0.857812 0.277566 1 0.939062 0.262357 1 0.829687 0.258555 2 0 0 0 0 0 0
0 0.445563 0.502909 0.263219 0.882319 0.470312 0.254752 2 0.48125 0.21673 2 0.454687 0.224334 2 0.503125 0.209125 2 0.43125 0.231939 2 0.540625 0.346007 2 0.414062 0.349809 2 0.560937 0.555133 2 0.409375 0.539923 2 0.5 0.589353 2 0.417187 0.615969 2 0.501562 0.703422 2 0.429687 0.695817 2 0.534375 0.60076 2 0.328125 0.699619 2 0.404687 0.882129 2 0.476562 0.847908 2
0 0.651031 0.504487 0.217937 0.968517 0.651562 0.186311 2 0.665625 0.155893 2 0.640625 0.155893 2 0.689062 0.171102 2 0.620312 0.182509 2 0.71875 0.349809 2 0.595312 0.342205 2 0.735937 0.543726 2 0.592187 0.547528 2 0.735937 0.60076 2 0.585937 0.589353 2 0.689062 0.669201 2 0.609375 0.669201 2 0.7125 0.741444 2 0.5625 0.657794 2 0.601562 0.878326 2 0.65625 0.885931 2
0 0.724633 0.290684 0.172297 0.578783 0.653125 0.186311 1 0.665625 0.152091 1 0.639062 0.159695 1 0.689062 0.171102 1 0.621875 0.190114 1 0.715625 0.346007 1 0.592187 0.330798 1 0.732812 0.547528 1 0.5875 0.536121 1 0.732812 0.596958 1 0.589062 0.596958 1 0.6875 0.680608 1 0.621875 0.68441 1 0 0 0 0 0 0 0 0 0 0 0 0
0 0.519227 0.181312 0.246203 0.355856 0 0 0 0 0 0 0 0 0 0 0 0 0 0 0 0 0 0 0 0 0 0.615625 0.197718 2 0.425 0.220532 2 0.559375 0.25095 2 0.525 0.243346 2 0.55 0.323193 1 0.48125 0.288973 1 0.575 0.296577 2 0.435937 0.304182 1 0 0 0 0 0 0
0 0.21282 0.158935 0.149484 0.31673 0 0 0 0 0 0 0 0 0 0 0 0 0 0 0 0 0 0 0 0 0 0.290625 0.193916 1 0.129687 0.1673 1 0.23125 0.235741 2 0.171875 0.228136 1 0.2375 0.269961 2 0.171875 0.266159 1 0 0 0 0 0 0 0 0 0 0 0 0
0 0.292977 0.513479 0.242172 0.894335 0.31875 0.235741 2 0.334375 0.20152 2 0.304687 0.20152 2 0.35625 0.205323 2 0.284375 0.20152 1 0.36875 0.330798 2 0.267187 0.311787 2 0.385937 0.479087 2 0.196875 0.429657 2 0.31875 0.585551 2 0.271875 0.547528 2 0.326562 0.63498 2 0.275 0.627376 2 0.395312 0.558935 2 0.201562 0.494296 2 0.254687 0.787072 1 0.276562 0.764258 2
0 0.121242 0.502262 0.231391 0.961711 0.140625 0.209125 2 0.15625 0.174904 2 0.125 0.178707 2 0.171875 0.1673 2 0.104687 0.174904 2 0.21875 0.30038 2 0.08125 0.315589 2 0 0 0 0.053125 0.524714 2 0 0 0 0.092187 0.615969 2 0.1625 0.661596 2 0.104687 0.653992 2 0.173437 0.536121 2 0 0 0 0.057812 0.878326 2 0.125 0.844106 2
0 0.384352 0.157452 0.113141 0.298707 0.317187 0.239543 1 0.33125 0.20152 1 0.304687 0.20152 1 0.354687 0.209125 1 0.282812 0.205323 1 0.376562 0.30038 1 0 0 0 0 0 0 0 0 0 0 0 0 0 0 0 0 0 0 0 0 0 0 0 0 0 0 0 0 0 0 0 0 0
