0 0.95966 0.548259 0.06124 0.159851 0 0 0 0 0 0 0 0 0 0 0 0 0 0 0 0 0 0 0 0 0 0 0 0 0 0 0 0 0 0 0 0 0 0 0 0 0 0 0 0 0 0 0 0 0 0 0 0 0 0 0
0 0.72295 0.755714 0.08846 0.383512 0.732 0.619047 2 0.738 0.607142 2 0.726 0.607142 2 0.75 0.619047 2 0.718 0.616071 2 0.744 0.66369 2 0.7 0.648809 1 0.744 0.696428 2 0.682 0.672619 1 0.712 0.684523 2 0.69 0.690476 2 0.732 0.785714 2 0.706 0.785714 2 0.74 0.848214 2 0.712 0.845238 2 0.748 0.916666 2 0.714 0.904761 2
0 0.43634 0.74747 0.05224 0.115952 0 0 0 0 0 0 0 0 0 0 0 0 0 0 0 0 0 0 0 0 0 0 0 0 0 0 0 0 0 0 0 0 0 0 0 0 0 0 0 0 0 0 0 0 0 0 0 0 0 0 0
0 0.3981 0.617039 0.14676 0.736161 0.45 0.333333 2 0 0 0 0.444 0.315476 2 0 0 0 0.414 0.3125 2 0.414 0.380952 2 0.384 0.380952 2 0 0 0 0.362 0.488095 2 0 0 0 0.422 0.511904 2 0.394 0.627976 2 0.378 0.630952 2 0.39 0.770833 2 0.374 0.761904 2 0.378 0.919642 2 0.368 0.9375 2
0 0.11443 0.711696 0.20282 0.547202 0.12 0.517857 2 0 0 0 0.11 0.505952 2 0 0 0 0 0 0 0.088 0.574404 2 0.052 0.592261 2 0 0 0 0.094 0.735119 2 0 0 0 0.168 0.735119 2 0.104 0.758928 2 0.058 0.800595 2 0.204 0.8125 2 0.174 0.82738 2 0.136 0.964285 2 0.084 0.979166 2
0 0.58352 0.719583 0.05664 0.271726 0.572 0.625 2 0.578 0.619047 2 0.566 0.619047 2 0.592 0.622023 2 0 0 0 0.598 0.681547 2 0.556 0.666666 1 0.592 0.735119 2 0.542 0.723214 1 0.564 0.755952 1 0 0 0 0.584 0.776785 2 0.554 0.767857 1 0 0 0 0 0 0 0 0 0 0 0 0
0 0.81302 0.561071 0.05288 0.0786905 0 0 0 0 0 0 0 0 0 0 0 0 0 0 0 0 0 0 0 0 0 0 0 0 0 0 0 0 0 0 0 0 0 0 0 0 0 0 0 0 0 0 0 0 0 0 0 0 0 0 0
0 0.67558 0.637619 0.04076 0.0828571 0 0 0 0 0 0 0 0 0 0 0 0 0 0 0 0 0 0 0 0 0 0 0 0 0 0 0 0 0 0 0 0 0 0 0 0 0 0 0 0 0 0 0 0 0 0 0 0 0 0 0
0 0.77934 0.601339 0.03148 0.07875 0 0 0 0 0 0 0 0 0 0 0 0 0 0 0 0 0 0 0 0 0 0 0 0 0 0 0 0 0 0 0 0 0 0 0 0 0 0 0 0 0 0 0 0 0 0 0 0 0 0 0
0 0.80307 0.494807 0.07786 0.170089 0.802 0.455357 2 0.808 0.449404 2 0.798 0.449404 2 0.814 0.446428 2 0.796 0.449404 2 0.826 0.482142 2 0.782 0.482142 1 0.834 0.520833 2 0.768 0.523809 2 0.798 0.523809 2 0.786 0.491071 2 0.818 0.589285 1 0.786 0.586309 1 0 0 0 0 0 0 0 0 0 0 0 0
0 0.80388 0.791771 0.08108 0.38372 0.786 0.63988 2 0.794 0.630952 2 0 0 0 0.814 0.642857 2 0 0 0 0.822 0.684523 2 0.786 0.681547 1 0.822 0.741071 2 0.778 0.744047 2 0.79 0.752976 2 0.776 0.794642 2 0.808 0.797619 2 0.786 0.803571 2 0.814 0.877976 2 0.8 0.877976 2 0.81 0.949404 2 0.798 0.943452 2
0 0.90775 0.931711 0.1845 0.113125 0 0 0 0 0 0 0 0 0 0.868 0.958333 2 0 0 0 0 0 0 0 0 0 0 0 0 0 0 0 0 0 0 0 0 0 0 0 0 0 0 0 0 0 0 0 0 0 0 0 0 0 0 0
0 0.86863 0.596607 0.02974 0.0639881 0 0 0 0 0 0 0 0 0 0 0 0 0 0 0 0 0 0 0 0 0 0 0 0 0 0 0 0 0 0 0 0 0 0 0 0 0 0 0 0 0 0 0 0 0 0 0 0 0 0 0
0 0.549 0.68006 0.898 0.491071 0 0 0 0 0 0 0 0 0 0 0 0 0 0 0 0 0 0 0 0 0 0 0 0 0 0 0 0 0 0 0 0 0 0 0 0 0 0 0 0 0 0 0 0 0 0 0 0 0 0 0
