0 0.526438 0.647385 0.130062 0.446888 0 0 0 0 0 0 0 0 0 0.479687 0.46593 2 0.521875 0.464088 2 0.470312 0.495395 2 0.525 0.489871 2 0 0 0 0.557812 0.570902 2 0 0 0 0 0 0 0.475 0.624309 1 0.523437 0.626151 1 0 0 0 0.54375 0.738489 2 0 0 0 0.54375 0.837937 2
0 0.427078 0.667983 0.129656 0.476409 0 0 0 0 0 0 0 0 0 0 0 0 0.51875 0.469613 1 0.467187 0.502762 1 0.535937 0.50092 1 0 0 0 0.55625 0.56906 1 0 0 0 0 0 0 0.479687 0.627992 1 0.529687 0.6372 1 0.5 0.670349 1 0.542187 0.738489 1 0.4875 0.742173 1 0.545312 0.83057 1
0 0.700242 0.518711 0.0391406 0.177716 0.698437 0.449355 2 0.701562 0.44383 2 0.696875 0.44383 2 0.707812 0.445672 2 0 0 0 0.7125 0.462246 2 0.689062 0.464088 2 0.70625 0.488029 2 0.68125 0.482504 2 0.689062 0.493554 2 0.698437 0.486187 2 0.707812 0.513812 2 0.6875 0.515653 2 0.70625 0.556169 2 0.692187 0.550644 2 0.704687 0.593001 2 0.69375 0.59116 2
0 0.624703 0.520009 0.0438125 0.178766 0.628125 0.447513 2 0.629687 0.44383 2 0.623437 0.441988 2 0 0 0 0.617187 0.445672 2 0.634375 0.46593 2 0.6125 0.469613 2 0.646875 0.482504 1 0.6125 0.499079 2 0.639062 0.469613 2 0.615625 0.519337 2 0.635937 0.521178 2 0.621875 0.52302 2 0.629687 0.563535 2 0.620312 0.561694 2 0.626562 0.594843 2 0.617187 0.593001 2
0 0.528828 0.423462 0.031375 0.052744 0 0 0 0 0 0 0 0 0 0 0 0 0 0 0 0 0 0 0 0 0 0 0 0 0 0 0 0 0 0 0 0 0 0 0 0 0 0 0 0 0 0 0 0 0 0 0 0 0 0 0
0 0.557664 0.438665 0.0332344 0.0681215 0 0 0 0 0 0 0 0 0 0 0 0 0 0 0 0 0 0 0 0 0 0 0 0 0 0 0 0 0 0 0 0 0 0 0 0 0 0 0 0 0 0 0 0 0 0 0 0 0 0 0
0 0.213008 0.436409 0.0238281 0.0889871 0 0 0 0 0 0 0 0 0 0 0 0 0 0 0 0 0 0 0 0 0 0 0 0 0 0 0 0 0 0 0 0 0 0 0 0 0 0 0 0 0 0 0 0 0 0 0 0 0 0 0
0 0.222469 0.374724 0.0223438 0.0322468 0 0 0 0 0 0 0 0 0 0 0 0 0 0 0 0 0 0 0 0 0 0 0 0 0 0 0 0 0 0 0 0 0 0 0 0 0 0 0 0 0 0 0 0 0 0 0 0 0 0 0
0 0.2 0.373996 0.021625 0.0335543 0 0 0 0 0 0 0 0 0 0 0 0 0 0 0 0 0 0 0 0 0 0 0 0 0 0 0 0 0 0 0 0 0 0 0 0 0 0 0 0 0 0 0 0 0 0 0 0 0 0 0
0 0.251953 0.430064 0.0290312 0.0987661 0 0 0 0 0 0 0 0 0 0 0 0 0 0 0 0 0 0 0 0 0 0 0 0 0 0 0 0 0 0 0 0 0 0 0 0 0 0 0 0 0 0 0 0 0 0 0 0 0 0 0
0 0.483617 0.419576 0.0348906 0.0457827 0 0 0 0 0 0 0 0 0 0 0 0 0 0 0 0 0 0 0 0 0 0 0 0 0 0 0 0 0 0 0 0 0 0 0 0 0 0 0 0 0 0 0 0 0 0 0 0 0 0 0
