0 0.204477 0.655981 0.0384219 0.153549 0 0 0 0 0 0 0 0 0 0 0 0 0 0 0 0.2 0.613778 2 0.21875 0.611691 2 0 0 0 0.221875 0.63883 1 0 0 0 0 0 0 0.201562 0.649269 2 0.210937 0.649269 2 0.198437 0.684759 2 0.2125 0.686847 2 0.19375 0.72025 2 0.21875 0.718162 2
0 0.250391 0.645835 0.05125 0.171211 0.235937 0.580375 2 0.2375 0.5762 2 0 0 0 0 0 0 0 0 0 0.24375 0.592901 2 0.254687 0.592901 2 0.240625 0.617954 2 0 0 0 0.228125 0.628392 1 0 0 0 0.239062 0.645093 2 0.251562 0.645093 2 0.240625 0.682672 2 0.25 0.678496 2 0.239062 0.713987 2 0.26875 0.711899 2
0 0.296086 0.634864 0.0148594 0.0626722 0 0 0 0 0 0 0 0 0 0 0 0 0 0 0 0 0 0 0 0 0 0 0 0 0 0 0 0 0 0 0 0 0 0 0 0 0 0 0 0 0 0 0 0 0 0 0 0 0 0 0
0 0.947086 0.640386 0.0346094 0.119896 0 0 0 0 0 0 0 0 0 0 0 0 0 0 0 0 0 0 0 0 0 0 0 0 0 0 0 0 0 0 0 0 0 0 0 0 0 0 0 0 0 0 0 0 0 0 0 0 0 0 0
0 0.753773 0.593507 0.0212031 0.0734029 0 0 0 0 0 0 0 0 0 0 0 0 0 0 0 0 0 0 0 0 0 0 0 0 0 0 0 0 0 0 0 0 0 0 0 0 0 0 0 0 0 0 0 0 0 0 0 0 0 0 0
0 0.716461 0.579624 0.0127969 0.0588309 0 0 0 0 0 0 0 0 0 0 0 0 0 0 0 0 0 0 0 0 0 0 0 0 0 0 0 0 0 0 0 0 0 0 0 0 0 0 0 0 0 0 0 0 0 0 0 0 0 0 0
0 0.897703 0.61763 0.0386875 0.0943006 0 0 0 0 0 0 0 0 0 0 0 0 0 0 0 0 0 0 0 0 0 0 0 0 0 0 0 0 0 0 0 0 0 0 0 0 0 0 0 0 0 0 0 0 0 0 0 0 0 0 0
0 0.179016 0.655031 0.0231562 0.0744468 0 0 0 0 0 0 0 0 0 0 0 0 0 0 0 0 0 0 0 0 0 0 0 0 0 0 0 0 0 0 0 0 0 0 0 0 0 0 0 0 0 0 0 0 0 0 0 0 0 0 0
0 0.853219 0.619916 0.0444063 0.0829645 0 0 0 0 0 0 0 0 0 0 0 0 0 0 0 0 0 0 0 0 0 0 0 0 0 0 0 0 0 0 0 0 0 0 0 0 0 0 0 0 0 0 0 0 0 0 0 0 0 0 0
0 0.701641 0.579812 0.00675 0.0331942 0 0 0 0 0 0 0 0 0 0 0 0 0 0 0 0 0 0 0 0 0 0 0 0 0 0 0 0 0 0 0 0 0 0 0 0 0 0 0 0 0 0 0 0 0 0 0 0 0 0 0
