0 0.0623594 0.244385 0.091 0.352812 0.090625 0.116666 2 0.095312 0.10625 2 0.076562 0.108333 2 0 0 0 0.060937 0.120833 2 0 0 0 0.040625 0.175 2 0 0 0 0.026562 0.266666 2 0 0 0 0.040625 0.3375 2 0 0 0 0.064062 0.3625 2 0 0 0 0 0 0 0 0 0 0 0 0
0 0.451687 0.766292 0.198875 0.467417 0.434375 0.622916 2 0.442187 0.610416 2 0 0 0 0.475 0.61875 2 0 0 0 0.509375 0.722916 2 0.435937 0.6625 2 0.514062 0.802083 1 0.404687 0.69375 2 0.46875 0.8375 2 0.370312 0.61875 2 0.4875 0.864583 2 0.44375 0.85 2 0.496875 0.958333 2 0.475 0.95 2 0 0 0 0 0 0
0 0.209219 0.754563 0.177031 0.490125 0.225 0.589583 2 0.228125 0.579166 2 0.210937 0.5875 2 0 0 0 0.173437 0.583333 2 0.2375 0.63125 2 0.18125 0.66875 2 0.254687 0.685416 2 0.167187 0.772916 1 0.273437 0.727083 2 0.132812 0.716666 2 0.2625 0.85 2 0.220312 0.879166 2 0 0 0 0.232812 0.98125 2 0 0 0 0 0 0
0 0.147805 0.593469 0.167234 0.788271 0.176562 0.3125 2 0.176562 0.283333 2 0.15625 0.297916 2 0 0 0 0.109375 0.29375 2 0.15 0.339583 2 0.1 0.391666 2 0 0 0 0 0 0 0 0 0 0 0 0 0.170312 0.597916 1 0.129687 0.620833 2 0 0 0 0.15625 0.85625 2 0 0 0 0 0 0
0 0.240406 0.365677 0.108219 0.392021 0.259375 0.25 2 0.265625 0.23125 2 0.24375 0.2375 2 0 0 0 0.23125 0.25 2 0.284375 0.289583 1 0.204687 0.302083 2 0 0 0 0.228125 0.402083 2 0 0 0 0.275 0.40625 2 0.28125 0.479166 2 0.251562 0.489583 2 0.276562 0.625 1 0.257812 0.61875 1 0 0 0 0 0 0
0 0.145547 0.209448 0.132312 0.174937 0.109375 0.177083 2 0.110937 0.160416 2 0.098437 0.172916 2 0.134375 0.141666 2 0 0 0 0.20625 0.2 2 0.109375 0.241666 1 0.242187 0.285416 1 0 0 0 0 0 0 0 0 0 0.2125 0.34375 1 0.164062 0.3625 1 0 0 0 0 0 0 0 0 0 0 0 0
0 0.330281 0.225625 0.125594 0.321833 0.323437 0.16875 2 0.328125 0.147916 2 0.30625 0.1625 2 0.345312 0.122916 2 0 0 0 0.371875 0.152083 2 0.298437 0.20625 2 0 0 0 0.275 0.327083 1 0 0 0 0 0 0 0 0 0 0 0 0 0 0 0 0 0 0 0 0 0 0 0 0
0 0.509719 0.195302 0.09125 0.181729 0.485937 0.15625 2 0.495312 0.145833 2 0.478125 0.14375 2 0.512499 0.164583 2 0 0 0 0.532812 0.229166 2 0 0 0 0 0 0 0 0 0 0 0 0 0 0 0 0 0 0 0 0 0 0 0 0 0 0 0 0 0 0 0 0 0
0 0.427008 0.38524 0.193234 0.402104 0.44375 0.295833 2 0.454687 0.279166 2 0.428125 0.279166 2 0.485937 0.260416 2 0 0 0 0.532812 0.339583 1 0.421875 0.347916 2 0.546875 0.50625 1 0.382812 0.422916 2 0.515625 0.616666 1 0.314062 0.495833 1 0.548437 0.560416 1 0.465625 0.577083 1 0.529687 0.739583 1 0 0 0 0 0 0 0 0 0
0 0.681742 0.585396 0.254484 0.78875 0.660937 0.320833 2 0.678125 0.308333 2 0.651562 0.304166 2 0.715625 0.2875 2 0 0 0 0.771875 0.377083 2 0.607812 0.375 2 0.796875 0.510416 2 0.610937 0.527083 2 0.765625 0.64375 2 0.675 0.65 2 0.726562 0.639583 2 0.617187 0.633333 2 0.679687 0.814583 2 0.634375 0.80625 1 0 0 0 0 0 0
0 0.734656 0.209938 0.110719 0.249333 0.7375 0.152083 2 0.751562 0.14375 2 0.734375 0.133333 2 0.7625 0.152083 1 0.721875 0.127083 1 0.773437 0.208333 2 0.69375 0.189583 2 0.764062 0.304166 2 0 0 0 0.740625 0.377083 1 0 0 0 0.723437 0.358333 1 0.675 0.345833 1 0 0 0 0 0 0 0 0 0 0 0 0
0 0.698594 0.121344 0.0690937 0.148312 0.7 0.11875 2 0.710937 0.104166 2 0.69375 0.110416 2 0.728125 0.1125 2 0 0 0 0 0 0 0.676562 0.183333 2 0 0 0 0 0 0 0 0 0 0 0 0 0 0 0 0 0 0 0 0 0 0 0 0 0 0 0 0 0 0
0 0.395023 0.282604 0.139672 0.309792 0.439062 0.297916 1 0.453125 0.277083 1 0.425 0.277083 1 0.4875 0.25 1 0 0 0 0.532812 0.308333 1 0.414062 0.30625 1 0 0 0 0.367187 0.445833 1 0 0 0 0 0 0 0.51875 0.560416 1 0.440625 0.566666 1 0 0 0 0 0 0 0 0 0 0 0 0
0 0.907813 0.354167 0.18125 0.6 0 0 0 0 0 0 0 0 0 0 0 0 0 0 0 0 0 0 0 0 0 0 0 0 0 0 0 0 0 0 0 0 0 0 0 0 0 0 0 0 0 0 0 0 0 0 0 0 0 0 0
