0 0.683422 0.656177 0.24775 0.377521 0 0 0 0 0 0 0.729687 0.570833 2 0 0 0 0.70625 0.566666 2 0.589062 0.627083 2 0.698437 0.641666 2 0 0 0 0.770312 0.833333 2 0 0 0 0.789062 0.810416 2 0.584375 0.88125 1 0.657812 0.9 1 0 0 0 0.765625 0.89375 1 0 0 0 0 0 0
0 0.49293 0.627969 0.156797 0.286146 0.5625 0.558333 2 0 0 0 0.55 0.539583 2 0 0 0 0.514062 0.54375 2 0.479687 0.577083 2 0.510937 0.6 2 0 0 0 0.5375 0.747916 1 0 0 0 0 0 0 0.44375 0.808333 1 0.476562 0.83125 1 0 0 0 0 0 0 0 0 0 0 0 0
0 0.64382 0.473042 0.185391 0.267417 0 0 0 0 0 0 0 0 0 0.625 0.370833 2 0.660937 0.370833 2 0.607812 0.425 2 0.670312 0.427083 2 0.557812 0.5 2 0.71875 0.48125 1 0.610937 0.535416 2 0 0 0 0.6125 0.60625 1 0.667187 0.608333 1 0 0 0 0 0 0 0 0 0 0 0 0
0 0.900102 0.572906 0.151859 0.224979 0.9125 0.50625 2 0.921875 0.49375 2 0.90625 0.49375 2 0.94375 0.502083 2 0 0 0 0.965625 0.55625 2 0.876562 0.55 2 0.98125 0.647916 1 0.85 0.608333 2 0.942187 0.65625 1 0.8375 0.635416 2 0.942187 0.691666 1 0.873437 0.68125 1 0 0 0 0 0 0 0 0 0 0 0 0
0 0.251234 0.594667 0.080125 0.189667 0 0 0 0 0 0 0 0 0 0.209375 0.5375 1 0 0 0 0.184375 0.610416 1 0.265625 0.610416 2 0 0 0 0.284375 0.672916 1 0 0 0 0.260937 0.589583 2 0 0 0 0 0 0 0 0 0 0 0 0 0 0 0 0 0 0
0 0.159102 0.689187 0.155109 0.409375 0.023437 0.627083 1 0.025 0.604166 1 0 0 0 0.067187 0.595833 1 0 0 0 0.078125 0.685416 1 0.157812 0.660416 1 0.00625 0.866666 1 0 0 0 0.010937 0.722916 1 0 0 0 0.051562 0.970833 1 0.140625 0.939583 1 0 0 0 0 0 0 0 0 0 0 0 0
0 0.314203 0.673573 0.0967812 0.313479 0.279687 0.547916 2 0.2875 0.539583 2 0.271875 0.541666 2 0.29375 0.54375 2 0 0 0 0.326562 0.579166 2 0.26875 0.589583 2 0.354687 0.60625 2 0 0 0 0.345312 0.633333 2 0 0 0 0.325 0.675 2 0.278125 0.675 1 0.321875 0.695833 2 0.279687 0.7 1 0.326562 0.789583 2 0.282812 0.770833 1
0 0.63757 0.376396 0.131547 0.146458 0.665625 0.35625 1 0.66875 0.345833 2 0.657812 0.347916 1 0 0 0 0 0 0 0.673437 0.391666 2 0.598437 0.4 2 0.701562 0.4625 1 0.570312 0.5 1 0.6875 0.4125 2 0 0 0 0 0 0 0 0 0 0 0 0 0 0 0 0 0 0 0 0 0
0 0.771641 0.569542 0.0704375 0.188167 0.778125 0.529166 2 0 0 0 0.767187 0.520833 2 0 0 0 0.74375 0.527083 2 0.771875 0.58125 2 0.714062 0.579166 1 0.792187 0.6375 1 0 0 0 0.782812 0.6875 1 0 0 0 0.771875 0.70625 1 0 0 0 0 0 0 0 0 0 0 0 0 0 0 0
0 0.0944609 0.757729 0.188922 0.484542 0.021875 0.625 1 0 0 0 0 0 0 0.067187 0.59375 2 0 0 0 0.082812 0.689583 2 0.164062 0.672916 2 0.003125 0.866666 2 0 0 0 0.007812 0.729166 2 0 0 0 0.065625 0.9625 2 0.140625 0.941666 1 0 0 0 0 0 0 0 0 0 0 0 0
0 0.199102 0.60076 0.0892969 0.220604 0.159375 0.552083 1 0.16875 0.539583 2 0.159375 0.539583 2 0.2 0.55 2 0 0 0 0.214062 0.60625 1 0 0 0 0 0 0 0 0 0 0 0 0 0 0 0 0 0 0 0 0 0 0 0 0 0 0 0 0 0 0 0 0 0
