0 0.848383 0.369422 0.0824018 0.146719 0.849884 0.309375 2 0.852193 0.307812 2 0.845265 0.307812 2 0 0 0 0.836027 0.307812 2 0.859122 0.328125 2 0.829099 0.325 2 0.86836 0.348437 2 0.810623 0.35 2 0.875288 0.370312 2 0.810623 0.371875 2 0.849884 0.371875 2 0.826789 0.370312 2 0.840646 0.404687 2 0.833718 0.401562 2 0.831408 0.434375 2 0.829099 0.434375 1
0 0.680797 0.376344 0.0448268 0.151656 0 0 0 0 0 0 0 0 0 0 0 0 0 0 0 0 0 0 0 0 0 0 0 0 0 0 0 0 0 0 0 0 0 0 0 0 0 0 0 0 0 0 0 0 0 0 0 0 0 0 0
0 0.524192 0.351086 0.042933 0.0864531 0 0 0 0 0 0 0 0 0 0 0 0 0 0 0 0 0 0 0 0 0 0 0 0 0 0 0 0 0 0 0 0 0 0 0 0 0 0 0 0 0 0 0 0 0 0 0 0 0 0 0
0 0.0499538 0.367648 0.0572286 0.131641 0.03926 0.310937 2 0.043879 0.307812 2 0.036951 0.307812 2 0.050808 0.309375 2 0 0 0 0.057736 0.325 2 0.027713 0.321875 1 0.071593 0.346875 2 0.025404 0.345312 2 0.064665 0.365625 2 0.023094 0.359375 1 0.050808 0.365625 2 0.027713 0.367187 1 0.055427 0.396875 2 0.032332 0.396875 2 0.055427 0.425 2 0.036951 0.421875 2
0 0.756836 0.376586 0.0589838 0.146047 0.759815 0.315625 2 0.762124 0.314062 2 0.757505 0.314062 2 0 0 0 0.743648 0.315625 2 0.771362 0.33125 2 0.732101 0.33125 2 0.7806 0.34375 2 0.722863 0.353125 1 0.7806 0.35 2 0.73903 0.357812 2 0.759815 0.375 2 0.741339 0.376562 2 0.748267 0.403125 2 0.752886 0.40625 2 0.725173 0.426562 1 0.759815 0.439062 2
0 0.397344 0.344273 0.0436028 0.0558906 0 0 0 0 0 0 0 0 0 0 0 0 0 0 0 0 0 0 0 0 0 0 0 0 0 0 0 0 0 0 0 0 0 0 0 0 0 0 0 0 0 0 0 0 0 0 0 0 0 0 0
0 0.318279 0.335313 0.0164665 0.0440313 0 0 0 0 0 0 0 0 0 0 0 0 0 0 0 0 0 0 0 0 0 0 0 0 0 0 0 0 0 0 0 0 0 0 0 0 0 0 0 0 0 0 0 0 0 0 0 0 0 0 0
0 0.491478 0.347281 0.0358891 0.081875 0 0 0 0 0 0 0 0 0 0 0 0 0 0 0 0 0 0 0 0 0 0 0 0 0 0 0 0 0 0 0 0 0 0 0 0 0 0 0 0 0 0 0 0 0 0 0 0 0 0 0
0 0.0172286 0.374547 0.0344573 0.140281 0 0 0 0 0 0 0 0 0 0 0 0 0 0 0 0 0 0 0 0 0 0 0 0 0 0 0 0 0 0 0 0 0 0 0 0 0 0 0 0 0 0 0 0 0 0 0 0 0 0 0
0 0.331212 0.336406 0.0200693 0.0481562 0 0 0 0 0 0 0 0 0 0 0 0 0 0 0 0 0 0 0 0 0 0 0 0 0 0 0 0 0 0 0 0 0 0 0 0 0 0 0 0 0 0 0 0 0 0 0 0 0 0 0
