0 0.407258 0.402529 0.0646094 0.119625 0 0 0 0 0 0 0 0 0 0 0 0 0.423437 0.370023 2 0.392187 0.388758 2 0.417187 0.395784 2 0 0 0 0.425 0.444964 2 0 0 0 0 0 0 0.379687 0.477751 1 0.396875 0.477751 1 0 0 0 0 0 0 0 0 0 0 0 0
0 0.434344 0.562857 0.185094 0.53466 0 0 0 0 0 0 0 0 0 0.490625 0.346604 2 0 0 0 0.485937 0.393442 2 0.529687 0.395784 1 0.440625 0.484777 2 0 0 0 0.398437 0.484777 2 0 0 0 0.503125 0.557377 1 0.55 0.552693 1 0.421875 0.629976 2 0 0 0 0.382812 0.775175 2 0 0 0
0 0.0694844 0.460632 0.0488438 0.255738 0.06875 0.355971 2 0.073437 0.351288 2 0.065625 0.351288 2 0.079687 0.353629 2 0.060937 0.353629 1 0.084375 0.386416 2 0.054687 0.384074 2 0.0875 0.421545 2 0.04375 0.416861 1 0.065625 0.40281 2 0.060937 0.428571 2 0.082812 0.468384 2 0.059375 0.466042 2 0.079687 0.522248 2 0.057812 0.519906 2 0.078125 0.569086 2 0.057812 0.571428 2
0 0.522687 0.51993 0.181875 0.460328 0 0 0 0 0 0 0 0 0 0.5375 0.353629 2 0 0 0 0.542187 0.40281 2 0.595312 0.398126 2 0.525 0.508196 2 0.590625 0.491803 2 0.485937 0.531615 2 0.54375 0.517564 2 0.554687 0.555035 2 0.595312 0.548009 2 0.459375 0.578454 2 0.489062 0.550351 2 0.4875 0.676814 2 0.528125 0.655737 1
0 0.3275 0.453923 0.0226875 0.0924824 0 0 0 0 0 0 0 0 0 0 0 0 0 0 0 0 0 0 0 0 0 0 0 0 0 0 0 0 0 0 0 0 0 0 0 0 0 0 0 0 0 0 0 0 0 0 0 0 0 0 0
0 0.640383 0.438162 0.0641406 0.0948712 0 0 0 0 0 0 0 0 0 0 0 0 0 0 0 0 0 0 0 0 0 0 0 0 0 0 0 0 0 0 0 0 0 0 0 0 0 0 0 0 0 0 0 0 0 0 0 0 0 0 0
0 0.927727 0.46411 0.0767656 0.156604 0 0 0 0 0 0 0 0 0 0 0 0 0 0 0 0.9 0.416861 2 0.915625 0.40281 2 0.909375 0.459016 2 0 0 0 0.9125 0.477751 2 0 0 0 0.95 0.416861 2 0.957812 0.405152 2 0.925 0.473067 2 0.94375 0.466042 2 0.923437 0.538641 2 0.940625 0.529274 2
0 0.174398 0.488806 0.0241406 0.0483372 0 0 0 0 0 0 0 0 0 0 0 0 0 0 0 0 0 0 0 0 0 0 0 0 0 0 0 0 0 0 0 0 0 0 0 0 0 0 0 0 0 0 0 0 0 0 0 0 0 0 0
0 0.291016 0.460749 0.0236875 0.0819672 0 0 0 0 0 0 0 0 0 0 0 0 0 0 0 0 0 0 0 0 0 0 0 0 0 0 0 0 0 0 0 0 0 0 0 0 0 0 0 0 0 0 0 0 0 0 0 0 0 0 0
0 0.140219 0.476663 0.0932187 0.227845 0.15625 0.3911 2 0 0 0 0.153125 0.386416 2 0 0 0 0.146875 0.384074 2 0.1375 0.400468 2 0.126562 0.40281 2 0.148437 0.437939 2 0.134375 0.449648 2 0.16875 0.442622 2 0.159375 0.470725 2 0.120312 0.456674 2 0.10625 0.456674 2 0.121875 0.510538 2 0.13125 0.491803 2 0.120312 0.57377 2 0.132812 0.503512 2
0 0.83075 0.391218 0.0721875 0.122763 0 0 0 0 0 0 0 0 0 0 0 0 0 0 0 0.801562 0.367681 2 0.832812 0.365339 2 0 0 0 0.85 0.409836 2 0 0 0 0 0 0 0.80625 0.437939 2 0.825 0.437939 2 0 0 0 0.842187 0.400468 2 0 0 0 0.851562 0.435597 2
