0 0.531953 0.528162 0.351625 0.617119 0.510937 0.327868 2 0.51875 0.318501 2 0.503125 0.316159 2 0 0 0 0.489062 0.29274 2 0.551562 0.323185 2 0.465625 0.365339 1 0.598437 0.306791 2 0.423437 0.442622 2 0.65 0.28103 2 0.376562 0.515222 2 0.525 0.548009 2 0.457812 0.538641 2 0.559375 0.648711 2 0.403125 0.632318 2 0.551562 0.777517 2 0.425 0.519906 2
0 0.943789 0.46966 0.112422 0.651686 0.915625 0.20843 2 0.920312 0.199063 2 0 0 0 0.946875 0.192037 2 0 0 0 0 0 0 0.926562 0.278688 2 0 0 0 0.9375 0.316159 2 0.967187 0.309133 2 0.904687 0.334894 2 0.99375 0.484777 2 0.93125 0.482435 2 0.96875 0.648711 2 0.907812 0.601873 2 0.951562 0.742388 2 0.940625 0.662763 2
0 0.776938 0.491265 0.0465 0.243934 0.778125 0.388758 2 0.779687 0.386416 2 0.775 0.386416 2 0 0 0 0.770312 0.3911 1 0.790625 0.414519 2 0.760937 0.414519 2 0.79375 0.45199 2 0.757812 0.45199 2 0.790625 0.468384 2 0.760937 0.475409 2 0.782812 0.475409 2 0.767187 0.475409 2 0.784375 0.538641 2 0.767187 0.536299 2 0.78125 0.597189 2 0.767187 0.594847 2
0 0.0585547 0.505164 0.0395156 0.120351 0 0 0 0 0 0 0 0 0 0 0 0 0 0 0 0 0 0 0 0 0 0 0 0 0 0 0 0 0 0 0 0 0 0 0 0 0 0 0 0 0 0 0 0 0 0 0 0 0 0 0
0 0.166305 0.559075 0.0784531 0.212014 0.179687 0.491803 1 0.179687 0.484777 1 0.175 0.484777 1 0 0 0 0 0 0 0.184375 0.503512 1 0.151562 0.505854 2 0 0 0 0 0 0 0 0 0 0 0 0 0.179687 0.515222 1 0.171875 0.538641 2 0 0 0 0 0 0 0 0 0 0 0 0
0 0.226336 0.557061 0.0701094 0.205831 0.209375 0.487119 2 0.214062 0.484777 2 0.20625 0.482435 2 0 0 0 0.196875 0.482435 1 0.203125 0.50117 2 0.192187 0.505854 2 0 0 0 0.203125 0.545667 2 0.240625 0.552693 2 0.2375 0.555035 2 0.2375 0.555035 2 0.178125 0.557377 1 0.221875 0.56206 2 0.210937 0.564402 2 0.2375 0.63466 2 0.226562 0.641686 2
0 0.342516 0.542482 0.0950938 0.202061 0.35625 0.480093 2 0.357812 0.475409 2 0.353125 0.475409 2 0 0 0 0.345312 0.468384 2 0.3375 0.484777 2 0.334375 0.482435 2 0 0 0 0.334375 0.538641 2 0 0 0 0.3625 0.552693 1 0.317187 0.548009 2 0.304687 0.550351 2 0.35625 0.56206 2 0.3375 0.557377 2 0.360937 0.625292 2 0.339062 0.625292 2
0 0.153188 0.558009 0.0550625 0.224965 0 0 0 0 0 0 0 0 0 0 0 0 0 0 0 0.146875 0.510538 1 0.121875 0.515222 1 0.154687 0.545667 2 0 0 0 0.176562 0.564402 1 0 0 0 0.15625 0.56206 2 0.132812 0.56206 1 0.179687 0.578454 1 0.153125 0.576112 2 0.179687 0.644028 2 0.15625 0.653395 2
0 0.276227 0.547377 0.114203 0.19466 0.239062 0.482435 2 0.240625 0.480093 2 0.235937 0.475409 2 0 0 0 0.225 0.475409 2 0 0 0 0.223437 0.503512 2 0 0 0 0.226562 0.548009 1 0 0 0 0.242187 0.505854 2 0.225 0.548009 1 0.21875 0.552693 1 0.253125 0.557377 1 0.242187 0.559718 1 0.246875 0.639344 1 0.2375 0.637002 1
0 0.188977 0.482799 0.0191719 0.0486417 0 0 0 0 0 0 0 0 0 0 0 0 0 0 0 0 0 0 0 0 0 0 0 0 0 0 0 0 0 0 0 0 0 0 0 0 0 0 0 0 0 0 0 0 0 0 0 0 0 0 0
0 0.328766 0.44089 0.0294063 0.0677283 0 0 0 0 0 0 0 0 0 0 0 0 0 0 0 0 0 0 0 0 0 0 0 0 0 0 0 0 0 0 0 0 0 0 0 0 0 0 0 0 0 0 0 0 0 0 0 0 0 0 0
0 0.0847266 0.470304 0.0305156 0.0750351 0 0 0 0 0 0 0 0 0 0 0 0 0 0 0 0 0 0 0 0 0 0 0 0 0 0 0 0 0 0 0 0 0 0 0 0 0 0 0 0 0 0 0 0 0 0 0 0 0 0 0
0 0.178125 0.483267 0.018625 0.0472834 0 0 0 0 0 0 0 0 0 0 0 0 0 0 0 0 0 0 0 0 0 0 0 0 0 0 0 0 0 0 0 0 0 0 0 0 0 0 0 0 0 0 0 0 0 0 0 0 0 0 0
0 0.446094 0.408665 0.889062 0.559719 0 0 0 0 0 0 0 0 0 0 0 0 0 0 0 0 0 0 0 0 0 0 0 0 0 0 0 0 0 0 0 0 0 0 0 0 0 0 0 0 0 0 0 0 0 0 0 0 0 0 0
