0 0.766125 0.797756 0.240469 0.404488 0.753125 0.70318 2 0.7625 0.685512 2 0.735937 0.687279 2 0.776562 0.694346 2 0.707812 0.694346 2 0.78125 0.734982 2 0.69375 0.750883 2 0.79375 0.840989 2 0.721875 0.85689 2 0.807812 0.915194 2 0.76875 0.934628 2 0.785937 0.895759 2 0.725 0.908127 2 0.859375 0.915194 2 0.715625 0.954063 2 0.770312 0.982332 2 0.8125 0.962897 2
0 0.580016 0.245565 0.084375 0.159435 0.573437 0.247349 2 0.589062 0.227915 2 0.560937 0.229681 2 0 0 0 0 0 0 0 0 0 0 0 0 0 0 0 0 0 0 0 0 0 0 0 0 0 0 0 0 0 0 0 0 0 0 0 0 0 0 0 0 0 0
0 0.443445 0.181758 0.126984 0.228958 0.440625 0.137809 2 0.454687 0.125441 2 0.429687 0.127208 2 0.464062 0.127208 2 0.407812 0.132508 2 0.4875 0.199646 2 0.389062 0.197879 2 0.48125 0.261484 2 0.390625 0.25795 1 0.404687 0.231448 1 0.459375 0.249116 1 0 0 0 0 0 0 0 0 0 0 0 0 0 0 0 0 0 0
0 0.573359 0.818419 0.260344 0.330336 0.529687 0.750883 2 0.54375 0.731448 2 0.509375 0.740282 2 0.565625 0.740282 2 0.492187 0.747349 2 0.59375 0.805653 2 0.476562 0.830388 2 0.635937 0.91166 2 0.498437 0.938162 2 0.61875 0.971731 2 0.557812 0.989399 1 0.5875 0.925795 2 0.51875 0.938162 2 0.653125 0.957597 2 0.525 0.992932 1 0 0 0 0 0 0
0 0.345805 0.835954 0.234516 0.305618 0.339062 0.759717 2 0.353125 0.745583 2 0.31875 0.745583 2 0.371875 0.754416 2 0.295312 0.754416 2 0.379687 0.814487 2 0.267187 0.818021 2 0.401562 0.915194 2 0.256249 0.938162 2 0.36875 0.962897 2 0.33125 0.980565 2 0 0 0 0 0 0 0 0 0 0 0 0 0 0 0 0 0 0
0 0.250445 0.323189 0.142453 0.209488 0.271875 0.289752 2 0.282812 0.273851 2 0.260937 0.275618 2 0.29375 0.280918 2 0.226562 0.289752 2 0.307812 0.367491 2 0.19375 0.369257 2 0 0 0 0 0 0 0 0 0 0 0 0 0 0 0 0 0 0 0 0 0 0 0 0 0 0 0 0 0 0
0 0.379961 0.338163 0.144922 0.222473 0.378125 0.30212 2 0.390625 0.287985 2 0.367187 0.287985 2 0.409375 0.30212 2 0.348437 0.298586 2 0.43125 0.379858 2 0.329687 0.371024 2 0 0 0 0 0 0 0 0 0 0 0 0 0 0 0 0 0 0 0 0 0 0 0 0 0 0 0 0 0 0
0 0.429586 0.285274 0.0770781 0.158958 0.442187 0.277385 2 0.453125 0.266784 2 0.426562 0.26325 2 0 0 0 0 0 0 0.45625 0.337455 2 0.385937 0.340989 1 0 0 0 0 0 0 0 0 0 0 0 0 0 0 0 0 0 0 0 0 0 0 0 0 0 0 0 0 0 0
0 0.53493 0.260751 0.0788281 0.0938339 0.540625 0.277385 2 0.551562 0.268551 2 0.523437 0.266784 2 0 0 0 0.5 0.279151 2 0 0 0 0 0 0 0 0 0 0 0 0 0 0 0 0 0 0 0 0 0 0 0 0 0 0 0 0 0 0 0 0 0 0 0 0
0 0.261445 0.68038 0.150703 0.576625 0.276562 0.475265 2 0.290625 0.462897 2 0.259375 0.464664 2 0.304687 0.469964 2 0.235937 0.477031 2 0.307812 0.528268 2 0.209375 0.537102 1 0 0 0 0.189062 0.641342 1 0 0 0 0.220312 0.706713 2 0.296875 0.683745 1 0.235937 0.683745 2 0.295312 0.803886 1 0.229687 0.80212 2 0 0 0 0.223437 0.916961 2
0 0.115266 0.675283 0.206687 0.626961 0.126562 0.471731 2 0.14375 0.452296 2 0.110937 0.448763 2 0.16875 0.457597 2 0.084375 0.46113 2 0.19375 0.535335 2 0.064062 0.526501 2 0.185937 0.662544 2 0.053125 0.650176 2 0.120312 0.738515 2 0.084375 0.736749 2 0.164062 0.71378 2 0.06875 0.70848 2 0.121875 0.805653 2 0.08125 0.805653 2 0.1375 0.969964 2 0.082812 0.984098 1
0 0.545594 0.589611 0.186656 0.414064 0.540625 0.468197 2 0.554687 0.45583 2 0.525 0.452296 2 0.575 0.466431 2 0.512499 0.466431 2 0.590625 0.547703 2 0.484375 0.538869 2 0.603125 0.621908 1 0.478125 0.630742 1 0.596875 0.70848 2 0.495312 0.710247 1 0.578125 0.680212 2 0.517187 0.683745 1 0 0 0 0 0 0 0 0 0 0 0 0
0 0.91575 0.824143 0.1685 0.330866 0.896875 0.715547 2 0.910937 0.712014 2 0.901562 0.701413 2 0.945312 0.736749 2 0 0 0 0.967187 0.780918 2 0.878125 0.770318 2 0.971875 0.85689 2 0.8625 0.85159 2 0.959375 0.90106 2 0.929687 0.892226 2 0.929687 0.929328 2 0.885937 0.927561 2 0 0 0 0.892187 0.846289 2 0.9125 0.95053 2 0.945312 0.952296 1
0 0.499219 0.474382 0.939063 0.931095 0 0 0 0 0 0 0 0 0 0 0 0 0 0 0 0 0 0 0 0 0 0 0 0 0 0 0 0 0 0 0 0 0 0 0 0 0 0 0 0 0 0 0 0 0 0 0 0 0 0 0
