0 0.100687 0.720654 0.201375 0.525841 0 0 0 0 0 0 0 0 0 0 0 0 0.117187 0.724299 2 0 0 0 0.01875 0.971962 2 0 0 0 0 0 0 0 0 0 0.165625 0.941588 2 0 0 0 0 0 0 0 0 0 0 0 0 0 0 0 0 0 0
0 0.266594 0.668925 0.189781 0.558551 0 0 0 0 0 0 0 0 0 0 0 0 0 0 0 0.229687 0.518691 2 0.225 0.563084 2 0.309375 0.651869 2 0.279687 0.698598 2 0.320312 0.579439 2 0.31875 0.560747 2 0 0 0 0.19375 0.871495 2 0 0 0 0 0 0 0 0 0 0 0 0
0 0.379453 0.366297 0.13375 0.238201 0.371875 0.31542 2 0.376562 0.303738 2 0.359375 0.303738 2 0 0 0 0.335937 0.306074 2 0.38125 0.350467 2 0.320312 0.392523 2 0.404687 0.464953 1 0.371875 0.478971 2 0.415625 0.392523 2 0.404687 0.392523 2 0 0 0 0 0 0 0 0 0 0 0 0 0 0 0 0 0 0
0 0.711 0.548201 0.172281 0.445888 0.660937 0.446261 2 0.6625 0.42757 2 0 0 0 0.690625 0.441588 2 0 0 0 0.75 0.53271 2 0.753125 0.432242 2 0.667187 0.761682 1 0.675 0.579439 2 0.664062 0.656542 2 0.665625 0.700934 2 0 0 0 0 0 0 0 0 0 0 0 0 0 0 0 0 0 0
0 0.86443 0.520175 0.217422 0.215257 0.765625 0.609813 1 0.78125 0.588785 2 0 0 0 0.842187 0.586448 1 0 0 0 0 0 0 0 0 0 0 0 0 0 0 0 0 0 0 0 0 0 0 0 0 0 0 0 0 0 0 0 0 0 0 0 0 0 0 0
0 0.73068 0.779778 0.538641 0.413481 0.78125 0.820093 2 0.7875 0.799065 2 0 0 0 0.873437 0.85514 2 0 0 0 0 0 0 0.851562 0.862149 2 0 0 0 0.69375 0.838785 2 0 0 0 0.529687 0.869158 2 0 0 0 0 0 0 0 0 0 0 0 0 0 0 0 0 0 0
0 0.628289 0.411811 0.117391 0.272453 0.60625 0.34813 2 0.617187 0.336448 2 0 0 0 0.648437 0.35514 2 0 0 0 0.653125 0.422897 2 0.632812 0.404205 2 0.626562 0.530373 1 0.603125 0.488317 2 0.598437 0.439252 2 0.598437 0.432242 2 0 0 0 0 0 0 0 0 0 0 0 0 0 0 0 0 0 0
0 0.250219 0.381659 0.145781 0.22472 0.282812 0.352803 2 0 0 0 0.276562 0.341121 2 0 0 0 0.25 0.378504 2 0 0 0 0.229687 0.464953 1 0 0 0 0 0 0 0 0 0 0 0 0 0 0 0 0 0 0 0 0 0 0 0 0 0 0 0 0 0 0
0 0.0242813 0.395794 0.048125 0.187757 0 0 0 0 0 0 0 0 0 0 0 0 0 0 0 0.010937 0.324766 2 0 0 0 0.034375 0.408878 2 0 0 0 0.014062 0.485981 2 0 0 0 0 0 0 0 0 0 0 0 0 0 0 0 0 0 0 0 0 0
0 0.737023 0.35875 0.138672 0.176005 0 0 0 0 0 0 0 0 0 0 0 0 0 0 0 0.795312 0.462616 1 0.720312 0.436915 1 0 0 0 0 0 0 0 0 0 0 0 0 0 0 0 0 0 0 0 0 0 0 0 0 0 0 0 0 0 0
0 0.596875 0.331086 0.056 0.100818 0 0 0 0 0 0 0 0 0 0 0 0 0 0 0 0 0 0 0 0 0 0 0 0 0 0 0 0 0 0 0 0 0 0 0 0 0 0 0 0 0 0 0 0 0 0 0 0 0 0 0
