0 0.607906 0.524052 0.0737187 0.381639 0.603125 0.367681 2 0.60625 0.362997 2 0.6 0.362997 2 0.614062 0.367681 2 0.592187 0.370023 2 0.626562 0.416861 2 0.582812 0.416861 2 0.635937 0.470725 2 0.576562 0.470725 2 0 0 0 0 0 0 0.6125 0.508196 2 0.5875 0.508196 2 0.61875 0.599531 2 0.584375 0.597189 2 0.615625 0.693208 2 0.584375 0.688524 2
0 0.252297 0.421756 0.0850937 0.175597 0.253125 0.372365 2 0.257812 0.367681 2 0.246875 0.367681 2 0 0 0 0.240625 0.372365 2 0.275 0.412177 2 0.229687 0.409836 2 0.26875 0.473067 2 0.239062 0.468384 2 0.2625 0.409836 2 0.271875 0.475409 2 0.259375 0.484777 2 0.229687 0.489461 2 0.273437 0.489461 2 0.253125 0.487119 2 0.284375 0.569086 1 0.246875 0.569086 1
0 0.119703 0.424614 0.138875 0.227775 0.135937 0.348946 2 0 0 0 0.13125 0.34192 2 0 0 0 0.1125 0.339578 2 0.139062 0.3911 2 0.084375 0.377049 2 0.15 0.454332 2 0.053125 0.414519 1 0.151562 0.423887 2 0.073437 0.454332 2 0.135937 0.491803 2 0.09375 0.494145 2 0.170312 0.491803 2 0.10625 0.480093 2 0.170312 0.580796 1 0.110937 0.583138 1
0 0.0587969 0.111089 0.10425 0.222178 0.054687 0.016393 2 0.057812 0.009367 2 0.05 0.009367 2 0.067187 0.014051 2 0.040625 0.011709 2 0.073437 0.060889 2 0.026562 0.046838 2 0.085937 0.09836 2 0.023437 0.091334 2 0.064062 0.09836 2 0.071875 0.093676 2 0.067187 0.131147 2 0.0375 0.133489 2 0.098437 0.145199 2 0.025 0.156908 2 0.09375 0.23185 1 0.0375 0.229508 1
0 0.164859 0.115012 0.108781 0.228993 0.176562 0.011709 2 0.18125 0.002341 2 0.170312 0.002341 2 0.189062 0.004683 2 0.159375 0.007025 2 0.203125 0.046838 2 0.148437 0.044496 2 0.207812 0.107728 2 0.132812 0.096018 2 0.178125 0.126463 2 0.15 0.124121 2 0.1875 0.142857 2 0.159375 0.142857 2 0.20625 0.131147 2 0.117187 0.131147 2 0.190625 0.236533 1 0.139062 0.234192 1
0 0.19625 0.447717 0.0655312 0.132342 0.19375 0.409836 2 0.195312 0.40281 2 0.1875 0.405152 2 0 0 0 0.175 0.409836 2 0.198437 0.433255 2 0.173437 0.437939 2 0.20625 0.480093 2 0.185937 0.484777 2 0.195312 0.468384 2 0.201562 0.484777 2 0 0 0 0 0 0 0 0 0 0 0 0 0 0 0 0 0 0
0 0.31193 0.0916745 0.0707344 0.181616 0 0 0 0 0 0 0 0 0 0 0 0 0 0 0 0 0 0 0 0 0 0.340625 0.035128 2 0.285937 0.042154 2 0.328125 0.060889 2 0.3 0.063231 2 0.332812 0.058548 2 0.3 0.056206 2 0.31875 0.088992 2 0.301562 0.088992 2 0.33125 0.156908 2 0.296875 0.156908 2
0 0.506406 0.506194 0.177313 0.987611 0.504687 0.271662 2 0.523437 0.276346 2 0.50625 0.250585 2 0.54375 0.297423 2 0 0 0 0.526562 0.40281 2 0.479687 0.264637 2 0.573437 0.531615 2 0.4375 0.135831 2 0.51875 0.620608 2 0.50625 0.063231 2 0.515625 0.557377 2 0.453125 0.503512 2 0.476562 0.704918 2 0.435937 0.735362 2 0.495312 0.957845 2 0.5 0.871194 2
0 0.117258 0.0642623 0.0672031 0.128525 0 0 0 0 0 0 0 0 0 0 0 0 0 0 0 0.142187 0.025761 2 0.090625 0.021077 2 0.139062 0.056206 1 0.090625 0.072599 2 0.114062 0.070257 2 0.110937 0.070257 2 0 0 0 0 0 0 0 0 0 0 0 0 0 0 0 0 0 0
0 0.22718 0.085808 0.0722031 0.171616 0.20625 0.007025 2 0.2125 0 1 0 0 0 0.225 0.004683 2 0 0 0 0.242187 0.023419 2 0.195312 0.025761 2 0.246875 0.077283 2 0 0 0 0.207812 0.09836 1 0.20625 0.035128 2 0.246875 0.103044 2 0.207812 0.103044 1 0.242187 0.096018 2 0 0 0 0.248437 0.192037 1 0 0 0
0 0.0383828 0.455937 0.0767656 0.150984 0.001562 0.423887 1 0.00625 0.414519 2 0 0 0 0.015625 0.421545 2 0 0 0 0.028125 0.4637 2 0 0 0 0.065625 0.480093 2 0 0 0 0.048437 0.517564 2 0 0 0 0 0 0 0 0 0 0 0 0 0 0 0 0 0 0 0 0 0
0 0.0517813 0.350246 0.0771563 0.163864 0.051562 0.306791 2 0.057812 0.302107 2 0.045312 0.302107 2 0 0 0 0 0 0 0.076562 0.346604 2 0.026562 0.348946 2 0 0 0 0.023437 0.395784 2 0 0 0 0 0 0 0 0 0 0 0 0 0 0 0 0 0 0 0 0 0 0 0 0
0 0.0141641 0.38329 0.0268281 0.124098 0 0 0 0 0 0 0 0 0 0 0 0 0 0 0 0 0 0 0 0 0 0 0 0 0 0 0 0 0 0 0 0 0 0 0 0 0 0 0 0 0 0 0 0 0 0 0 0 0 0 0
