0 0.870836 0.799624 0.0758594 0.389484 0 0 0 0 0 0 0 0 0 0 0 0 0.873437 0.647887 2 0.846875 0.70892 2 0.889062 0.70892 2 0.84375 0.784037 1 0.895312 0.779342 2 0 0 0 0 0 0 0.848437 0.915492 2 0.8875 0.915492 2 0 0 0 0 0 0 0 0 0 0 0 0
0 0.807664 0.797418 0.0493906 0.402441 0.821875 0.661971 2 0 0 0 0.820312 0.652582 2 0 0 0 0.810937 0.652582 2 0.795312 0.713615 2 0.810937 0.694835 2 0 0 0 0.809375 0.760563 2 0 0 0 0.821875 0.826291 2 0.796875 0.849765 1 0.8125 0.840375 2 0.798437 0.957746 2 0.821875 0.962441 2 0 0 0 0 0 0
0 0.148477 0.753638 0.00776562 0.0520657 0 0 0 0 0 0 0 0 0 0 0 0 0 0 0 0 0 0 0 0 0 0 0 0 0 0 0 0 0 0 0 0 0 0 0 0 0 0 0 0 0 0 0 0 0 0 0 0 0 0 0
0 0.198797 0.751596 0.0040625 0.0240376 0 0 0 0 0 0 0 0 0 0 0 0 0 0 0 0 0 0 0 0 0 0 0 0 0 0 0 0 0 0 0 0 0 0 0 0 0 0 0 0 0 0 0 0 0 0 0 0 0 0 0
0 0.585891 0.699531 0.003 0.0223474 0 0 0 0 0 0 0 0 0 0 0 0 0 0 0 0 0 0 0 0 0 0 0 0 0 0 0 0 0 0 0 0 0 0 0 0 0 0 0 0 0 0 0 0 0 0 0 0 0 0 0
0 0.163047 0.753967 0.00453125 0.0459624 0 0 0 0 0 0 0 0 0 0 0 0 0 0 0 0 0 0 0 0 0 0 0 0 0 0 0 0 0 0 0 0 0 0 0 0 0 0 0 0 0 0 0 0 0 0 0 0 0 0 0
0 0.977227 0.72446 0.0160469 0.134272 0 0 0 0 0 0 0 0 0 0 0 0 0 0 0 0 0 0 0 0 0 0 0 0 0 0 0 0 0 0 0 0 0 0 0 0 0 0 0 0 0 0 0 0 0 0 0 0 0 0 0
0 0.234516 0.746362 0.00478125 0.0260563 0 0 0 0 0 0 0 0 0 0 0 0 0 0 0 0 0 0 0 0 0 0 0 0 0 0 0 0 0 0 0 0 0 0 0 0 0 0 0 0 0 0 0 0 0 0 0 0 0 0 0
0 0.225297 0.744178 0.00421875 0.0202817 0 0 0 0 0 0 0 0 0 0 0 0 0 0 0 0 0 0 0 0 0 0 0 0 0 0 0 0 0 0 0 0 0 0 0 0 0 0 0 0 0 0 0 0 0 0 0 0 0 0 0
0 0.987695 0.733005 0.0246094 0.33277 0 0 0 0 0 0 0 0 0 0 0 0 0 0 0 0 0 0 0 0 0 0 0 0 0 0 0 0 0 0 0 0 0 0 0 0 0 0 0 0 0 0 0 0 0 0 0 0 0 0 0
0 0.208453 0.752676 0.0023125 0.0205634 0 0 0 0 0 0 0 0 0 0 0 0 0 0 0 0 0 0 0 0 0 0 0 0 0 0 0 0 0 0 0 0 0 0 0 0 0 0 0 0 0 0 0 0 0 0 0 0 0 0 0
0 0.941789 0.819906 0.0754844 0.360188 0 0 0 0 0 0 0.967187 0.69014 2 0 0 0 0.960937 0.69953 2 0.957812 0.751173 2 0.945312 0.765258 2 0.9625 0.816901 2 0.935937 0.849765 2 0.98125 0.793427 1 0.948437 0.863849 2 0.957812 0.924882 1 0.946875 0.938967 1 0 0 0 0 0 0 0 0 0 0 0 0
0 0.49375 0.706573 0.984375 0.230047 0 0 0 0 0 0 0 0 0 0 0 0 0 0 0 0 0 0 0 0 0 0 0 0 0 0 0 0 0 0 0 0 0 0 0 0 0 0 0 0 0 0 0 0 0 0 0 0 0 0 0
