0 0.502523 0.700165 0.285141 0.598255 0.48125 0.459905 1 0.4875 0.445754 2 0 0 0 0.507812 0.443396 2 0 0 0 0.546875 0.509433 2 0.4875 0.523584 2 0.596875 0.580188 2 0.448437 0.56132 2 0.573437 0.591981 2 0.395312 0.566037 2 0.567187 0.693396 2 0.546875 0.698113 2 0.5375 0.839622 2 0.582812 0.860849 2 0.540625 0.992924 2 0.64375 0.945754 2
0 0.654594 0.386568 0.043125 0.111014 0 0 0 0 0 0 0 0 0 0 0 0 0 0 0 0 0 0 0 0 0 0 0 0 0 0 0 0 0 0 0 0 0 0 0 0 0 0 0 0 0 0 0 0 0 0 0 0 0 0 0
0 0.389391 0.356415 0.0377813 0.0634906 0 0 0 0 0 0 0 0 0 0 0 0 0 0 0 0 0 0 0 0 0 0 0 0 0 0 0 0 0 0 0 0 0 0 0 0 0 0 0 0 0 0 0 0 0 0 0 0 0 0 0
0 0.334164 0.363101 0.0343906 0.0819575 0 0 0 0 0 0 0 0 0 0 0 0 0 0 0 0 0 0 0 0 0 0 0 0 0 0 0 0 0 0 0 0 0 0 0 0 0 0 0 0 0 0 0 0 0 0 0 0 0 0 0
0 0.775609 0.548208 0.0483125 0.0587264 0 0 0 0 0 0 0 0 0 0 0 0 0 0 0 0 0 0 0 0 0 0 0 0 0 0 0 0 0 0 0 0 0 0 0 0 0 0 0 0 0 0 0 0 0 0 0 0 0 0 0
0 0.305531 0.418597 0.0435 0.129127 0 0 0 0 0 0 0 0 0 0 0 0 0 0 0 0 0 0 0 0 0 0 0 0 0 0 0 0 0 0 0 0 0 0 0 0 0 0 0 0 0 0 0 0 0 0 0 0 0 0 0
0 0.292117 0.349021 0.0401719 0.0846934 0 0 0 0 0 0 0 0 0 0 0 0 0 0 0 0 0 0 0 0 0 0 0 0 0 0 0 0 0 0 0 0 0 0 0 0 0 0 0 0 0 0 0 0 0 0 0 0 0 0 0
0 0.392586 0.428856 0.0416406 0.141769 0.395312 0.370283 2 0.398437 0.365566 2 0.392187 0.365566 2 0 0 0 0.389062 0.363207 1 0.404687 0.391509 2 0.378125 0.38915 1 0.407812 0.415094 2 0.376562 0.422169 2 0.404687 0.455188 2 0.392187 0.445754 2 0.401562 0.431603 2 0.3875 0.431603 2 0.396875 0.469339 2 0.390625 0.471698 2 0.396875 0.504716 1 0.392187 0.504716 1
0 0.209086 0.398054 0.0471094 0.126014 0 0 0 0 0 0 0 0 0 0 0 0 0 0 0 0 0 0 0 0 0 0 0 0 0 0 0 0 0 0 0 0 0 0 0 0 0 0 0 0 0 0 0 0 0 0 0 0 0 0 0
0 0.280969 0.693833 0.0812812 0.0804481 0 0 0 0 0 0 0 0 0 0 0 0 0 0 0 0 0 0 0 0 0 0 0 0 0 0 0 0 0 0 0 0 0 0 0 0 0 0 0 0 0 0 0 0 0 0 0 0 0 0 0
0 0.692813 0.426167 0.053875 0.139222 0 0 0 0 0 0 0 0 0 0 0 0 0 0 0 0 0 0 0 0 0 0 0 0 0 0 0 0 0 0 0 0 0 0 0 0 0 0 0 0 0 0 0 0 0 0 0 0 0 0 0
0 0.684234 0.122111 0.0335937 0.0716745 0 0 0 0 0 0 0 0 0 0 0 0 0 0 0 0 0 0 0 0 0 0 0 0 0 0 0 0 0 0 0 0 0 0 0 0 0 0 0 0 0 0 0 0 0 0 0 0 0 0 0
0 0.894805 0.162335 0.0412969 0.0857075 0 0 0 0 0 0 0 0 0 0 0 0 0 0 0 0 0 0 0 0 0 0 0 0 0 0 0 0 0 0 0 0 0 0 0 0 0 0 0 0 0 0 0 0 0 0 0 0 0 0 0
0 0.503906 0.617925 0.835938 0.54717 0 0 0 0 0 0 0 0 0 0 0 0 0 0 0 0 0 0 0 0 0 0 0 0 0 0 0 0 0 0 0 0 0 0 0 0 0 0 0 0 0 0 0 0 0 0 0 0 0 0 0
