0 0.05089 0.686141 0.10178 0.357327 0 0 0 0 0 0 0 0 0 0 0 0 0 0 0 0.032 0.573573 2 0.064 0.576576 2 0.026 0.633633 2 0.082 0.636636 2 0.004 0.681681 2 0.094 0.69069 2 0.038 0.684684 2 0.06 0.684684 2 0.046 0.759759 2 0.038 0.753753 2 0.082 0.813813 2 0.03 0.834834 2
0 0.41681 0.623589 0.10026 0.294384 0 0 0 0 0 0 0 0 0 0.414 0.507507 2 0.432 0.51051 2 0.408 0.537537 2 0.442 0.54054 2 0.39 0.585585 2 0.462 0.579579 2 0.386 0.567567 2 0 0 0 0.41 0.627627 2 0.44 0.627627 1 0.388 0.675675 2 0.446 0.678678 1 0.382 0.747747 2 0.452 0.747747 1
0 0.24098 0.633529 0.10268 0.301532 0.258 0.519519 2 0.262 0.516516 2 0.254 0.516516 2 0 0 0 0.246 0.516516 2 0.27 0.543543 2 0.23 0.54054 2 0.282 0.576576 2 0.214 0.573573 2 0.286 0.6006 2 0.212 0.6006 2 0.258 0.624624 1 0.23 0.621621 2 0 0 0 0.222 0.684684 2 0 0 0 0.208 0.771771 2
0 0.59191 0.621231 0.0631 0.257598 0 0 0 0 0 0 0 0 0 0 0 0 0 0 0 0 0 0 0 0 0 0 0 0 0 0 0 0 0 0 0 0 0 0 0 0 0 0 0 0 0 0 0 0 0 0 0 0 0 0 0
0 0.9762 0.609009 0.04696 0.237357 0 0 0 0 0 0 0 0 0 0 0 0 0 0 0 0 0 0 0 0 0 0 0 0 0 0 0 0 0 0 0 0 0 0 0 0 0 0 0 0 0 0 0 0 0 0 0 0 0 0 0
0 0.51453 0.546246 0.02002 0.0401802 0 0 0 0 0 0 0 0 0 0 0 0 0 0 0 0 0 0 0 0 0 0 0 0 0 0 0 0 0 0 0 0 0 0 0 0 0 0 0 0 0 0 0 0 0 0 0 0 0 0 0
0 0.65568 0.617342 0.0954 0.262432 0 0 0 0 0 0 0 0 0 0 0 0 0 0 0 0.626 0.549549 2 0.662 0.537537 2 0 0 0 0 0 0 0 0 0 0 0 0 0.642 0.642642 1 0.676 0.636636 1 0.614 0.657657 1 0.696 0.657657 2 0.618 0.726726 2 0.694 0.711711 2
0 0.74339 0.597357 0.0775 0.203784 0 0 0 0 0 0 0 0 0 0 0 0 0 0 0 0 0 0 0 0 0 0 0 0 0 0 0 0 0 0 0 0 0 0 0 0 0 0 0 0 0 0 0 0 0 0 0 0 0 0 0
0 0.5685 0.579009 0.0234 0.107087 0 0 0 0 0 0 0 0 0 0 0 0 0 0 0 0 0 0 0 0 0 0 0 0 0 0 0 0 0 0 0 0 0 0 0 0 0 0 0 0 0 0 0 0 0 0 0 0 0 0 0
0 0.3671 0.534279 0.01084 0.0244144 0 0 0 0 0 0 0 0 0 0 0 0 0 0 0 0 0 0 0 0 0 0 0 0 0 0 0 0 0 0 0 0 0 0 0 0 0 0 0 0 0 0 0 0 0 0 0 0 0 0 0
