0 0.353922 0.486368 0.0501562 0.241313 0.354687 0.389496 2 0.357812 0.382932 2 0.351562 0.38512 2 0 0 0 0 0 0 0.364062 0.411378 2 0.35625 0.40919 2 0.364062 0.446389 2 0.351562 0.444201 2 0.359375 0.477024 2 0.342187 0.483588 2 0.364062 0.472647 2 0.371875 0.472647 2 0.35 0.525164 2 0.367187 0.514223 2 0.34375 0.582056 2 0.370312 0.582056 2
0 0.682047 0.459486 0.0360313 0.186937 0.676562 0.38512 2 0.678125 0.382932 2 0.675 0.382932 2 0.684375 0.382932 2 0 0 0 0.6875 0.404814 2 0.673437 0.404814 2 0.692187 0.437636 2 0.671875 0.426695 2 0.689062 0.45733 2 0.66875 0.450765 2 0.684375 0.452954 2 0.673437 0.452954 1 0.6875 0.487964 2 0.676562 0.490153 2 0.6875 0.536105 2 0.684375 0.536105 2
0 0.654102 0.455788 0.0405469 0.166499 0 0 0 0 0 0 0 0 0 0 0 0 0 0 0 0 0 0 0 0 0 0 0 0 0 0 0 0 0 0 0 0 0 0 0 0 0 0 0 0 0 0 0 0 0 0 0 0 0 0 0
0 0.829047 0.672899 0.184656 0.654201 0 0 0 0 0 0 0 0 0 0.807812 0.402625 2 0.851562 0.407002 2 0.776562 0.470459 2 0.859375 0.494529 2 0.765625 0.437636 2 0.889062 0.597374 2 0.775 0.389496 2 0.904687 0.568927 2 0.782812 0.687089 2 0.83125 0.693654 2 0.760937 0.785557 2 0.842187 0.811816 2 0.76875 0.93873 2 0.8375 0.967177 2
0 0.569273 0.444311 0.0301406 0.157637 0 0 0 0 0 0 0 0 0 0 0 0 0 0 0 0 0 0 0 0 0 0 0 0 0 0 0 0 0 0 0 0 0 0 0 0 0 0 0 0 0 0 0 0 0 0 0 0 0 0 0
0 0.608023 0.453786 0.0297344 0.163414 0 0 0 0 0 0 0 0 0 0 0 0 0 0 0 0 0 0 0 0 0 0 0 0 0 0 0 0 0 0 0 0 0 0 0 0 0 0 0 0 0 0 0 0 0 0 0 0 0 0 0
0 0.735906 0.472309 0.0387188 0.196827 0.721875 0.38512 1 0.725 0.380743 2 0 0 0 0.732812 0.387308 2 0 0 0 0.740625 0.411378 2 0.726562 0.411378 2 0.746875 0.437636 2 0.723437 0.452954 2 0.740625 0.468271 2 0.71875 0.468271 2 0.7375 0.461706 2 0.728125 0.459518 2 0.7375 0.50547 2 0.732812 0.507658 2 0.742187 0.547045 2 0.7375 0.542669 2
0 0.888203 0.499639 0.0554687 0.240547 0.882812 0.404814 2 0.885937 0.400437 2 0.882812 0.400437 2 0.895312 0.402625 2 0 0 0 0.9 0.428884 2 0.878125 0.426695 2 0.910937 0.466083 2 0 0 0 0.898437 0.472647 2 0 0 0 0.892187 0.487964 2 0.875 0.487964 2 0.89375 0.540481 2 0.875 0.542669 1 0.89375 0.590809 1 0.875 0.588621 1
0 0.582617 0.438053 0.0234531 0.127659 0 0 0 0 0 0 0 0 0 0 0 0 0 0 0 0 0 0 0 0 0 0 0 0 0 0 0 0 0 0 0 0 0 0 0 0 0 0 0 0 0 0 0 0 0 0 0 0 0 0 0
0 0.547977 0.470755 0.0583594 0.21105 0.546875 0.382932 2 0.55 0.380743 2 0.54375 0.378555 2 0.553125 0.387308 2 0.539062 0.38512 2 0.554687 0.40919 2 0.539062 0.411378 2 0.559375 0.442013 2 0 0 0 0.55625 0.472647 2 0.534375 0.468271 2 0.55 0.45733 2 0.539062 0.459518 2 0.542187 0.516411 2 0.551562 0.512035 2 0.5375 0.555798 2 0.56875 0.551422 2
0 0.302086 0.453403 0.0537969 0.156258 0.303125 0.389496 2 0.304687 0.38512 2 0.3 0.38512 2 0.30625 0.387308 2 0.295312 0.387308 2 0.310937 0.411378 2 0.290625 0.40919 2 0.31875 0.435448 2 0.284375 0.431072 2 0.321875 0.452954 2 0.279687 0.455142 2 0.303125 0.450765 2 0.295312 0.452954 2 0.310937 0.4814 2 0.2875 0.4814 2 0.314062 0.512035 2 0.282812 0.514223 2
0 0.0718203 0.464311 0.0485156 0.183282 0.067187 0.387308 2 0.06875 0.382932 2 0.064062 0.382932 2 0 0 0 0 0 0 0.079687 0.404814 2 0.05625 0.404814 2 0.085937 0.43326 2 0.05 0.439824 2 0.085937 0.45733 2 0.054687 0.461706 2 0.078125 0.455142 2 0.060937 0.455142 2 0.079687 0.494529 2 0.05625 0.496717 2 0.084375 0.536105 2 0.054687 0.536105 2
0 0.25982 0.444836 0.0333906 0.125996 0 0 0 0 0 0 0 0 0 0 0 0 0 0 0 0 0 0 0 0 0 0 0 0 0 0 0 0 0 0 0 0 0 0 0 0 0 0 0 0 0 0 0 0 0 0 0 0 0 0 0
0 0.475781 0.436543 0.810937 0.142232 0 0 0 0 0 0 0 0 0 0 0 0 0 0 0 0 0 0 0 0 0 0 0 0 0 0 0 0 0 0 0 0 0 0 0 0 0 0 0 0 0 0 0 0 0 0 0 0 0 0 0
