0 0.113526 0.479523 0.134786 0.226422 0.141025 0.429687 2 0 0 0 0.136752 0.41875 2 0 0 0 0.096153 0.407812 2 0.079059 0.460937 2 0 0 0 0.068376 0.535937 1 0 0 0 0.113247 0.565625 2 0 0 0 0 0 0 0 0 0 0 0 0 0 0 0 0 0 0 0 0 0
0 0.172585 0.568469 0.175299 0.310688 0 0 0 0 0 0 0 0 0 0 0 0 0.215811 0.4625 2 0.179487 0.501562 2 0.149572 0.484375 2 0.19017 0.571875 2 0.158119 0.559375 2 0.215811 0.632812 2 0.207264 0.632812 2 0.115384 0.629687 1 0.089743 0.626562 1 0.243589 0.665625 2 0.215811 0.665625 2 0.149572 0.760937 1 0.130341 0.760937 1
0 0.553098 0.721313 0.0433333 0.0967187 0 0 0 0 0 0 0 0 0 0 0 0 0 0 0 0 0 0 0 0 0 0 0 0 0 0 0 0 0 0 0 0 0 0 0 0 0 0 0 0 0 0 0 0 0 0 0 0 0 0 0
0 0.510994 0.728664 0.0414316 0.0801719 0 0 0 0 0 0 0 0 0 0 0 0 0 0 0 0 0 0 0 0 0 0 0 0 0 0 0 0 0 0 0 0 0 0 0 0 0 0 0 0 0 0 0 0 0 0 0 0 0 0 0
0 0.48735 0.726742 0.0234188 0.0777344 0 0 0 0 0 0 0 0 0 0 0 0 0 0 0 0 0 0 0 0 0 0 0 0 0 0 0 0 0 0 0 0 0 0 0 0 0 0 0 0 0 0 0 0 0 0 0 0 0 0 0
0 0.718803 0.738031 0.0335043 0.091625 0 0 0 0 0 0 0 0 0 0 0 0 0 0 0 0 0 0 0 0 0 0 0 0 0 0 0 0 0 0 0 0 0 0 0 0 0 0 0 0 0 0 0 0 0 0 0 0 0 0 0
0 0.629979 0.4045 0.270427 0.175281 0.540598 0.357812 2 0.547008 0.35 2 0.529914 0.353125 2 0 0 0 0.51923 0.357812 2 0.589743 0.351562 2 0.536324 0.38125 2 0.662393 0.367187 2 0.521367 0.43125 2 0.724358 0.385937 2 0.521367 0.4625 2 0.636752 0.4375 2 0.594017 0.44375 2 0.623931 0.36875 2 0.540598 0.40625 2 0.611111 0.446875 2 0.534188 0.467187 1
0 0.687329 0.70625 0.0354274 0.0610625 0 0 0 0 0 0 0 0 0 0 0 0 0 0 0 0 0 0 0 0 0 0 0 0 0 0 0 0 0 0 0 0 0 0 0 0 0 0 0 0 0 0 0 0 0 0 0 0 0 0 0
0 0.0650748 0.4495 0.123056 0.358 0.09829 0.339062 2 0 0 0 0.089743 0.326562 2 0 0 0 0.068376 0.328125 2 0 0 0 0.00641 0.384375 2 0 0 0 0.002136 0.490625 1 0 0 0 0.076923 0.582812 2 0.032051 0.576562 1 0.017094 0.578125 1 0.138888 0.710937 1 0.066239 0.70625 1 0 0 0 0 0 0
0 0.458771 0.722227 0.0401068 0.0938281 0 0 0 0 0 0 0 0 0 0 0 0 0 0 0 0 0 0 0 0 0 0 0 0 0 0 0 0 0 0 0 0 0 0 0 0 0 0 0 0 0 0 0 0 0 0 0 0 0 0 0
0 0.13625 0.456586 0.105705 0.0907969 0 0 0 0 0 0 0 0 0 0 0 0 0 0 0 0 0 0 0 0 0 0 0 0 0 0 0 0 0 0 0 0 0 0 0 0 0 0 0 0 0 0 0 0 0 0 0 0 0 0 0
0 0.0235256 0.261195 0.0454701 0.0496406 0 0 0 0 0 0 0 0 0 0 0 0 0 0 0 0 0 0 0 0 0 0 0 0 0 0 0 0 0 0 0 0 0 0 0 0 0 0 0 0 0 0 0 0 0 0 0 0 0 0 0
0 0.140395 0.343531 0.163397 0.144969 0 0 0 0 0 0 0 0 0 0 0 0 0.17094 0.29375 2 0.100427 0.317187 1 0.194444 0.329687 2 0 0 0 0.19017 0.384375 2 0 0 0 0.17735 0.425 1 0.081196 0.410937 1 0.160256 0.41875 1 0 0 0 0 0 0 0 0 0 0 0 0
0 0.346154 0.742188 0.688034 0.5125 0 0 0 0 0 0 0 0 0 0 0 0 0 0 0 0 0 0 0 0 0 0 0 0 0 0 0 0 0 0 0 0 0 0 0 0 0 0 0 0 0 0 0 0 0 0 0 0 0 0 0
