0 0.49393 0.719551 0.0939531 0.225359 0.501562 0.674358 2 0.507812 0.658974 2 0.495312 0.658974 2 0.517187 0.65641 2 0.484375 0.653846 2 0.520312 0.694871 2 0.475 0.7 2 0.510937 0.751282 2 0.475 0.75641 2 0.485937 0.735897 2 0.501562 0.751282 2 0.507812 0.802564 2 0.479687 0.802564 2 0.532812 0.76923 2 0.454687 0.76923 2 0.48125 0.823076 2 0.503125 0.823076 1
0 0.561039 0.725692 0.0967344 0.254256 0.559375 0.666666 2 0.564062 0.653846 2 0.551562 0.65641 2 0.576562 0.646153 2 0 0 0 0.585937 0.694871 2 0.54375 0.687179 2 0.576562 0.766666 2 0.5375 0.746153 2 0.542187 0.743589 2 0.560937 0.746153 2 0.575 0.797435 2 0.545312 0.794871 2 0.59375 0.789743 2 0.51875 0.792307 2 0.546875 0.830769 2 0.565625 0.833333 2
0 0.984195 0.226974 0.0316094 0.136923 0 0 0 0 0 0 0 0 0 0 0 0 0 0 0 0 0 0 0 0 0 0 0 0 0 0 0 0 0 0 0 0 0 0 0 0 0 0 0 0 0 0 0 0 0 0 0 0 0 0 0
0 0.762523 0.738103 0.103016 0.259436 0.757812 0.66923 2 0.765625 0.658974 2 0.75 0.658974 2 0.778125 0.661538 2 0.742187 0.661538 2 0.784375 0.697435 2 0.740625 0.7 2 0 0 0 0 0 0 0.765625 0.758974 2 0 0 0 0.779687 0.8 2 0.753125 0.8 2 0.807812 0.771794 2 0.720312 0.787179 2 0.75625 0.841025 2 0.775 0.833333 2
0 0.681063 0.736474 0.100375 0.254128 0.685937 0.684615 2 0.69375 0.671794 2 0.679687 0.671794 2 0.70625 0.664102 2 0 0 0 0.717187 0.715384 2 0.667187 0.71282 2 0.714062 0.782051 2 0.665625 0.779487 2 0.684375 0.802564 2 0.695312 0.76923 2 0.701562 0.825641 2 0.665625 0.823076 2 0.71875 0.810256 2 0.63125 0.8 1 0.673437 0.848717 2 0.68125 0.846153 2
0 0.866219 0.587205 0.0371563 0.0866667 0 0 0 0 0 0 0 0 0 0 0 0 0 0 0 0 0 0 0 0 0 0 0 0 0 0 0 0 0 0 0 0 0 0 0 0 0 0 0 0 0 0 0 0 0 0 0 0 0 0 0
0 0.953531 0.521244 0.08875 0.212333 0.942187 0.479487 2 0.948437 0.466666 2 0.935937 0.46923 2 0.9625 0.464102 2 0.93125 0.466666 2 0.971875 0.515384 2 0.925 0.515384 2 0.984375 0.592307 2 0.914062 0.582051 1 0 0 0 0 0 0 0.964062 0.610256 2 0.93125 0.607692 1 0 0 0 0 0 0 0 0 0 0 0 0
0 0.836086 0.207628 0.0512656 0.153564 0.839062 0.166666 2 0.84375 0.158974 2 0.835937 0.158974 2 0.851562 0.164102 2 0.829687 0.164102 2 0.8625 0.202564 1 0.81875 0.2 2 0 0 0 0 0 0 0 0 0 0 0 0 0.85 0.282051 1 0.828125 0.282051 1 0 0 0 0 0 0 0 0 0 0 0 0
0 0.599758 0.425051 0.0554531 0.177487 0.595312 0.376923 2 0.6 0.36923 2 0.592187 0.36923 2 0.607812 0.374358 2 0.582812 0.371794 2 0.615625 0.41282 2 0.573437 0.41282 1 0 0 0 0 0 0 0 0 0 0 0 0 0 0 0 0 0 0 0 0 0 0 0 0 0 0 0 0 0 0
0 0.560758 0.431667 0.0966094 0.181385 0.560937 0.384615 2 0.565625 0.374358 2 0.554687 0.376923 2 0.571875 0.379487 2 0.545312 0.384615 2 0.59375 0.428205 2 0.529687 0.425641 2 0.596875 0.492307 1 0.526562 0.5 2 0 0 0 0 0 0 0.576562 0.530769 1 0.545312 0.533333 1 0 0 0 0 0 0 0 0 0 0 0 0
0 0.431555 0.501051 0.0659531 0.172 0.434375 0.471794 2 0.439062 0.464102 2 0.428125 0.464102 2 0.446875 0.466666 2 0.41875 0.466666 2 0.457812 0.515384 2 0.403125 0.517948 2 0.4625 0.584615 1 0.401562 0.587179 1 0 0 0 0 0 0 0.45 0.623076 1 0.414062 0.620512 1 0 0 0 0 0 0 0 0 0 0 0 0
0 0.305195 0.448282 0.0784219 0.228308 0.3125 0.387179 2 0.317187 0.376923 2 0.30625 0.376923 2 0.325 0.379487 2 0.298437 0.374358 2 0.340625 0.430769 2 0.278125 0.425641 2 0.3375 0.502564 2 0.278125 0.5 2 0.321875 0.548717 1 0.301562 0.551282 2 0.332812 0.535897 1 0.292187 0.538461 2 0 0 0 0 0 0 0 0 0 0 0 0
0 0.558 0.520949 0.056125 0.185077 0.55625 0.484615 2 0.560937 0.476923 2 0.55 0.476923 2 0.56875 0.476923 2 0.539062 0.479487 1 0.573437 0.528205 2 0.53125 0.530769 2 0 0 0 0 0 0 0 0 0 0 0 0 0 0 0 0 0 0 0 0 0 0 0 0 0 0 0 0 0 0
0 0.5 0.519231 0.996875 0.838462 0 0 0 0 0 0 0 0 0 0 0 0 0 0 0 0 0 0 0 0 0 0 0 0 0 0 0 0 0 0 0 0 0 0 0 0 0 0 0 0 0 0 0 0 0 0 0 0 0 0 0
