0 0.482828 0.800646 0.109438 0.375542 0.451562 0.670833 2 0.457812 0.6625 2 0 0 0 0.476562 0.664583 2 0 0 0 0.492187 0.695833 2 0.484375 0.695833 2 0.510937 0.770833 2 0 0 0 0.515625 0.845833 2 0 0 0 0.489062 0.847916 2 0.484375 0.841666 2 0.457812 0.9375 2 0.517187 0.939583 2 0 0 0 0 0 0
0 0.321852 0.784615 0.143703 0.410521 0 0 0 0 0 0 0 0 0 0.309375 0.61875 2 0.351562 0.622916 2 0.290625 0.670833 2 0.332812 0.683333 2 0 0 0 0.34375 0.78125 2 0 0 0 0.373437 0.835416 2 0.282812 0.860416 2 0.29375 0.8625 2 0.326562 0.964583 2 0.26875 0.995833 1 0 0 0 0 0 0
0 0.857219 0.743885 0.106625 0.351729 0 0 0 0 0 0 0 0 0 0 0 0 0 0 0 0.834375 0.629166 2 0.88125 0.639583 2 0.810937 0.677083 2 0.895312 0.704166 2 0 0 0 0 0 0 0.842187 0.752083 2 0.871875 0.75 2 0.845312 0.804166 2 0.867187 0.8125 2 0.834375 0.885416 2 0.864062 0.897916 2
0 0.707789 0.62824 0.0377344 0.0486458 0 0 0 0 0 0 0 0 0 0 0 0 0 0 0 0 0 0 0 0 0 0 0 0 0 0 0 0 0 0 0 0 0 0 0 0 0 0 0 0 0 0 0 0 0 0 0 0 0 0 0
0 0.547594 0.670417 0.0455 0.154875 0.551562 0.60625 2 0 0 0 0.55 0.604166 2 0 0 0 0.54375 0.604166 2 0.55 0.625 2 0.534375 0.620833 2 0.551562 0.64375 2 0.53125 0.645833 2 0.560937 0.64375 1 0.53125 0.666666 2 0.546875 0.670833 2 0.5375 0.670833 2 0.534375 0.708333 2 0.545312 0.70625 2 0.525 0.7375 1 0.557812 0.733333 2
0 0.96543 0.684792 0.0520781 0.163083 0 0 0 0 0 0 0 0 0 0 0 0 0.975 0.61875 2 0.964062 0.633333 2 0.970312 0.635416 2 0 0 0 0.979687 0.65 2 0 0 0 0.982812 0.633333 1 0.964062 0.683333 2 0.970312 0.683333 2 0.9625 0.714583 2 0.978125 0.722916 2 0.942187 0.745833 1 0.976562 0.754166 2
0 0.049375 0.627865 0.0123438 0.0478125 0 0 0 0 0 0 0 0 0 0 0 0 0 0 0 0 0 0 0 0 0 0 0 0 0 0 0 0 0 0 0 0 0 0 0 0 0 0 0 0 0 0 0 0 0 0 0 0 0 0 0
0 0.431203 0.667323 0.0363125 0.135562 0 0 0 0 0 0 0 0 0 0 0 0 0 0 0 0 0 0 0 0 0 0 0 0 0 0 0 0 0 0 0 0 0 0 0 0 0 0 0 0 0 0 0 0 0 0 0 0 0 0 0
0 0.0833203 0.613312 0.0182031 0.067 0 0 0 0 0 0 0 0 0 0 0 0 0 0 0 0 0 0 0 0 0 0 0 0 0 0 0 0 0 0 0 0 0 0 0 0 0 0 0 0 0 0 0 0 0 0 0 0 0 0 0
0 0.0845547 0.782375 0.132984 0.43525 0.14375 0.629166 2 0 0 0 0.139062 0.622916 2 0 0 0 0.117187 0.627083 2 0.103125 0.683333 2 0.103125 0.6875 2 0 0 0 0.070312 0.754166 2 0 0 0 0.104687 0.81875 2 0.0875 0.85 2 0.095312 0.854166 2 0.075 0.954166 2 0.125 0.952083 2 0 0 0 0 0 0
0 0.480828 0.60951 0.0152812 0.0147292 0 0 0 0 0 0 0 0 0 0 0 0 0 0 0 0 0 0 0 0 0 0 0 0 0 0 0 0 0 0 0 0 0 0 0 0 0 0 0 0 0 0 0 0 0 0 0 0 0 0 0
