0 0.126609 0.146229 0.0758125 0.18925 0 0 0 0 0 0 0 0 0 0.123437 0.079166 2 0.15625 0.085416 2 0.1 0.135416 2 0.151562 0.139583 2 0 0 0 0.164062 0.21875 1 0 0 0 0 0 0 0.1125 0.252083 1 0.14375 0.256249 1 0 0 0 0 0 0 0 0 0 0 0 0
0 0.234062 0.138917 0.169469 0.205833 0.275 0.104166 2 0.278125 0.091666 2 0.26875 0.09375 2 0 0 0 0.242187 0.085416 2 0.284375 0.1375 2 0.20625 0.125 2 0.307812 0.191666 2 0.154687 0.175 2 0.295312 0.245833 1 0.189062 0.245833 1 0.284375 0.28125 1 0.223437 0.277083 1 0 0 0 0 0 0 0 0 0 0 0 0
0 0.35307 0.133187 0.0807656 0.195458 0.379687 0.089583 2 0.382812 0.079166 2 0.373437 0.077083 2 0 0 0 0.353125 0.075 2 0.3625 0.114583 2 0.340625 0.1125 2 0 0 0 0.342187 0.208333 2 0 0 0 0 0 0 0.367187 0.229166 2 0.348437 0.2375 1 0 0 0 0 0 0 0 0 0 0 0 0
0 0.417117 0.129958 0.0694219 0.204167 0 0 0 0 0 0 0 0 0 0.4125 0.070833 2 0.442187 0.070833 2 0.4 0.11875 2 0.432812 0.133333 2 0.378125 0.160416 1 0.428125 0.2125 2 0.396875 0.220833 2 0 0 0 0.40625 0.23125 1 0.432812 0.233333 1 0 0 0 0 0 0 0 0 0 0 0 0
0 0.516156 0.133188 0.125844 0.193708 0 0 0 0 0 0 0 0 0 0.498437 0.083333 2 0.529687 0.083333 2 0.46875 0.139583 2 0.554687 0.1375 2 0.45625 0.222916 2 0.567187 0.220833 2 0 0 0 0 0 0 0 0 0 0 0 0 0 0 0 0 0 0 0 0 0 0 0 0
0 0.795414 0.220969 0.0580781 0.223479 0.80625 0.145833 2 0.810937 0.139583 2 0.801562 0.139583 2 0 0 0 0.790625 0.14375 2 0.809375 0.183333 2 0.782812 0.179166 2 0 0 0 0.776562 0.23125 2 0 0 0 0.801562 0.241666 1 0.80625 0.260416 1 0.779687 0.2625 2 0 0 0 0.789062 0.316666 2 0 0 0 0 0 0
0 0.946313 0.184396 0.0777812 0.146042 0.976562 0.152083 1 0 0 0 0.976562 0.14375 2 0 0 0 0.967187 0.14375 2 0.928125 0.1625 1 0.95 0.172916 2 0 0 0 0.951562 0.216666 2 0 0 0 0.94375 0.245833 2 0 0 0 0.93125 0.260416 1 0 0 0 0 0 0 0 0 0 0 0 0
0 0.733187 0.212115 0.0874375 0.313896 0.775 0.1 2 0 0 0 0.771875 0.089583 2 0 0 0 0.754687 0.0875 2 0 0 0 0.739062 0.122916 2 0 0 0 0.721875 0.1875 2 0 0 0 0.728125 0.256249 1 0.721875 0.26875 2 0.735937 0.270833 1 0 0 0 0 0 0 0 0 0 0 0 0
0 0.646078 0.177906 0.0498125 0.126938 0 0 0 0 0 0 0 0 0 0.634375 0.133333 2 0.657812 0.141666 1 0.623437 0.16875 2 0.653125 0.18125 2 0 0 0 0.659375 0.225 2 0 0 0 0 0 0 0 0 0 0 0 0 0 0 0 0 0 0 0 0 0 0 0 0
0 0.590383 0.163479 0.0411406 0.136167 0.60625 0.129166 2 0.60625 0.122916 2 0.601562 0.122916 2 0 0 0 0.59375 0.125 2 0 0 0 0.582812 0.158333 2 0 0 0 0.590625 0.220833 2 0 0 0 0 0 0 0 0 0 0 0 0 0 0 0 0 0 0 0 0 0 0 0 0
0 0.840258 0.190042 0.0418281 0.083875 0 0 0 0 0 0 0 0 0 0 0 0 0 0 0 0 0 0 0 0 0 0 0 0 0 0 0 0 0 0 0 0 0 0 0 0 0 0 0 0 0 0 0 0 0 0 0 0 0 0 0
0 0.950258 0.237292 0.0994844 0.267708 0 0 0 0 0 0 0 0 0 0 0 0 0 0 0 0 0 0 0 0 0 0.992187 0.239583 2 0 0 0 0.976562 0.291666 2 0 0 0 0.985937 0.304166 1 0 0 0 0.910937 0.345833 2 0 0 0 0 0 0 0 0 0
0 0.909344 0.157115 0.05025 0.0703542 0 0 0 0 0 0 0 0 0 0 0 0 0 0 0 0 0 0 0 0 0 0 0 0 0 0 0 0 0 0 0 0 0 0 0 0 0 0 0 0 0 0 0 0 0 0 0 0 0 0 0
0 0.499219 0.2375 0.998437 0.395833 0 0 0 0 0 0 0 0 0 0 0 0 0 0 0 0 0 0 0 0 0 0 0 0 0 0 0 0 0 0 0 0 0 0 0 0 0 0 0 0 0 0 0 0 0 0 0 0 0 0 0
