0 0.493273 0.675281 0.167922 0.59103 0.490625 0.449648 2 0.495312 0.440281 2 0.484375 0.444964 2 0 0 0 0.465625 0.440281 2 0.51875 0.456674 2 0.460937 0.480093 2 0.56875 0.498829 2 0.478125 0.569086 2 0.55625 0.508196 2 0.529687 0.555035 2 0.503125 0.625292 2 0.464062 0.618266 2 0.509375 0.782201 2 0.446875 0.770491 2 0.515625 0.91569 2 0.425 0.922716 2
0 0.855242 0.697272 0.114172 0.605457 0 0 0 0 0 0 0 0 0 0 0 0 0 0 0 0.879687 0.496487 2 0.8375 0.494145 2 0.85625 0.484777 2 0.814062 0.466042 2 0.859375 0.440281 2 0.840625 0.428571 2 0.86875 0.707259 2 0.840625 0.709601 2 0.8625 0.840749 2 0.839062 0.838407 2 0.86875 0.985948 2 0.848437 0.97658 2
0 0.664945 0.740714 0.153734 0.496651 0.614062 0.576112 2 0.609375 0.566744 2 0 0 0 0.625 0.552693 2 0 0 0 0.645312 0.583138 2 0.684375 0.545667 2 0.670312 0.662763 2 0 0 0 0.670312 0.75644 2 0 0 0 0.685937 0.74473 2 0.710937 0.74473 2 0.653125 0.845433 2 0.692187 0.852459 2 0.626562 0.985948 1 0.695312 0.985948 1
0 0.69332 0.203806 0.0650156 0.140679 0.6875 0.168618 2 0.692187 0.161592 2 0.684375 0.161592 2 0.703125 0.166276 2 0.68125 0.166276 2 0.717187 0.199063 2 0.673437 0.194379 2 0.698437 0.262295 2 0.664062 0.250585 2 0.689062 0.210772 2 0.685937 0.285714 1 0.7 0.290398 1 0.675 0.285714 1 0 0 0 0 0 0 0 0 0 0 0 0
0 0.512766 0.226967 0.0629687 0.112342 0.509375 0.206088 2 0.514062 0.201405 2 0.507812 0.199063 2 0.528125 0.20843 2 0 0 0 0.539062 0.234192 2 0.498437 0.234192 2 0 0 0 0 0 0 0 0 0 0 0 0 0.515625 0.290398 1 0.49375 0.288056 1 0 0 0 0 0 0 0 0 0 0 0 0
0 0.431172 0.19055 0.11625 0.155527 0.435937 0.149882 2 0.440625 0.145199 2 0 0 0 0.45625 0.14754 2 0 0 0 0.473437 0.17096 2 0.425 0.185011 2 0.4625 0.222482 2 0.404687 0.227166 2 0.434375 0.250585 2 0.389062 0.250585 2 0.453125 0.276346 1 0.421875 0.271662 1 0 0 0 0 0 0 0 0 0 0 0 0
0 0.308266 0.186382 0.0755938 0.156464 0.307812 0.133489 2 0.3125 0.131147 2 0 0 0 0.321875 0.138173 2 0 0 0 0.334375 0.180327 2 0.301562 0.17096 2 0.30625 0.22014 2 0.282812 0.22014 2 0.295312 0.189695 2 0.26875 0.250585 1 0.303125 0.264637 1 0.28125 0.255269 2 0 0 0 0 0 0 0 0 0 0 0 0
0 0.238898 0.21555 0.0668594 0.101874 0.225 0.203747 2 0.228125 0.199063 2 0.221875 0.199063 2 0.24375 0.196721 2 0 0 0 0.2625 0.236533 2 0.220312 0.236533 2 0 0 0 0 0 0 0 0 0 0 0 0 0 0 0 0 0 0 0 0 0 0 0 0 0 0 0 0 0 0
0 0.559586 0.230293 0.0698281 0.10466 0.5625 0.215456 2 0.565625 0.206088 2 0.557812 0.206088 2 0.575 0.20843 2 0.551562 0.20843 2 0.5875 0.243559 2 0.54375 0.241217 2 0 0 0 0.529687 0.278688 1 0 0 0 0.546875 0.259953 2 0 0 0 0 0 0 0 0 0 0 0 0 0 0 0 0 0 0
0 0.967844 0.153665 0.0643125 0.120164 0.95625 0.135831 2 0.959375 0.126463 2 0.951562 0.128805 2 0.96875 0.121779 2 0.946875 0.135831 1 0.985937 0.140515 2 0.946875 0.152224 2 0.996875 0.185011 2 0.942187 0.20843 2 0.971875 0.196721 2 0 0 0 0.982812 0.224824 1 0.957812 0.224824 1 0.96875 0.203747 2 0 0 0 0 0 0 0 0 0
0 0.942703 0.529274 0.081375 0.199344 0.945312 0.466042 2 0.945312 0.459016 2 0.935937 0.459016 2 0 0 0 0.925 0.466042 2 0.964062 0.498829 2 0.909375 0.498829 2 0.975 0.56206 2 0.88125 0.552693 1 0.951562 0.58548 2 0.910937 0.571428 2 0.9375 0.601873 2 0.903125 0.604215 1 0 0 0 0 0 0 0 0 0 0 0 0
0 0.128477 0.216159 0.0731719 0.0891335 0.11875 0.201405 2 0.123437 0.194379 2 0 0 0 0.1375 0.201405 2 0 0 0 0.148437 0.236533 2 0.107812 0.238875 2 0 0 0 0 0 0 0 0 0 0 0 0 0 0 0 0 0 0 0 0 0 0 0 0 0 0 0 0 0 0
0 0.878828 0.133724 0.0984063 0.143044 0.889062 0.09836 2 0.89375 0.091334 2 0.884375 0.091334 2 0.903125 0.093676 2 0.879687 0.091334 2 0.914062 0.126463 2 0.870312 0.131147 2 0.896875 0.166276 1 0.860937 0.168618 1 0.889062 0.126463 2 0 0 0 0.896875 0.192037 1 0.870312 0.192037 1 0 0 0 0.8375 0.182669 2 0 0 0 0 0 0
0 0.5 0.314988 0.996875 0.625293 0 0 0 0 0 0 0 0 0 0 0 0 0 0 0 0 0 0 0 0 0 0 0 0 0 0 0 0 0 0 0 0 0 0 0 0 0 0 0 0 0 0 0 0 0 0 0 0 0 0 0
