0 0.582477 0.81685 0.205391 0.361803 0 0 0 0 0 0 0 0 0 0 0 0 0.601562 0.728337 2 0.503125 0.838407 2 0.626562 0.852459 2 0 0 0 0 0 0 0 0 0 0 0 0 0 0 0 0 0 0 0 0 0 0 0 0 0 0 0 0 0 0
0 0.38082 0.815726 0.209891 0.346066 0.354687 0.702576 1 0.3625 0.690866 2 0 0 0 0.384375 0.714285 2 0 0 0 0.33125 0.822014 2 0.45625 0.831381 2 0.29375 0.953161 2 0.471875 0.964871 2 0 0 0 0 0 0 0 0 0 0 0 0 0 0 0 0 0 0 0 0 0 0 0 0
0 0.917047 0.862611 0.163688 0.270515 0.860937 0.843091 2 0.870312 0.826697 2 0 0 0 0 0 0 0 0 0 0.88125 0.978922 2 0.957812 0.936768 2 0 0 0 0 0 0 0 0 0 0 0 0 0 0 0 0 0 0 0 0 0 0 0 0 0 0 0 0 0 0
0 0.0430781 0.620726 0.085375 0.573068 0.035937 0.386416 2 0.0375 0.377049 2 0 0 0 0.05 0.379391 2 0 0 0 0.048437 0.433255 2 0.078125 0.416861 2 0.029687 0.569086 2 0 0 0 0 0 0 0 0 0 0.064062 0.667447 2 0.08125 0.658079 1 0.04375 0.737704 2 0 0 0 0.039062 0.871194 2 0 0 0
0 0.305047 0.688068 0.174313 0.599087 0.3375 0.491803 2 0 0 0 0.329687 0.480093 2 0 0 0 0.295312 0.477751 2 0.35625 0.571428 2 0.2625 0.597189 2 0 0 0 0 0 0 0 0 0 0 0 0 0 0 0 0 0 0 0 0 0 0 0 0 0 0 0 0 0 0
0 0.673133 0.831862 0.108234 0.336276 0.621875 0.749414 2 0.63125 0.733021 2 0 0 0 0.671875 0.740046 2 0 0 0 0.66875 0.850117 2 0.701562 0.836065 2 0.66875 0.97658 1 0 0 0 0 0 0 0 0 0 0 0 0 0 0 0 0 0 0 0 0 0 0 0 0 0 0 0
0 0.236945 0.482951 0.0326406 0.0889461 0 0 0 0 0 0 0 0 0 0 0 0 0 0 0 0 0 0 0 0 0 0 0 0 0 0 0 0 0 0 0 0 0 0 0 0 0 0 0 0 0 0 0 0 0 0 0 0 0 0 0
0 0.53375 0.597752 0.236875 0.512365 0.509375 0.45199 2 0.523437 0.430913 2 0.5 0.433255 1 0.557812 0.430913 2 0 0 0 0.615625 0.517564 2 0.485937 0.526932 2 0.617187 0.63466 2 0.440625 0.608899 2 0.512499 0.58548 2 0.489062 0.639344 2 0.526562 0.772833 1 0.453125 0.770491 1 0 0 0 0 0 0 0 0 0 0 0 0
0 0.149914 0.687658 0.171328 0.614801 0.179687 0.475409 2 0 0 0 0.167187 0.466042 2 0 0 0 0.140625 0.494145 2 0 0 0 0.135937 0.629976 2 0 0 0 0.139062 0.810304 2 0 0 0 0.210937 0.686182 2 0 0 0 0.139062 0.903981 2 0 0 0 0 0 0 0 0 0 0 0 0
0 0.207742 0.52144 0.0301406 0.0822248 0 0 0 0 0 0 0 0 0 0 0 0 0 0 0 0 0 0 0 0 0 0 0 0 0 0 0 0 0 0 0 0 0 0 0 0 0 0 0 0 0 0 0 0 0 0 0 0 0 0 0
