0 0.725187 0.531138 0.0365625 0.245691 0 0 0 0 0 0 0 0 0 0 0 0 0 0 0 0 0 0 0 0 0 0 0 0 0 0 0 0 0 0 0 0 0 0 0 0 0 0 0 0 0 0 0 0 0 0 0 0 0 0 0
0 0.494156 0.489411 0.0342812 0.0967886 0 0 0 0 0 0 0 0 0 0 0 0 0 0 0 0 0 0 0 0 0 0 0 0 0 0 0 0 0 0 0 0 0 0 0 0 0 0 0 0 0 0 0 0 0 0 0 0 0 0 0
0 0.69143 0.510589 0.0328594 0.219634 0 0 0 0 0 0 0 0 0 0 0 0 0 0 0 0 0 0 0 0 0 0 0 0 0 0 0 0 0 0 0 0 0 0 0 0 0 0 0 0 0 0 0 0 0 0 0 0 0 0 0
0 0.103414 0.483659 0.0303594 0.136341 0 0 0 0 0 0 0 0 0 0 0 0 0 0 0 0 0 0 0 0 0 0 0 0 0 0 0 0 0 0 0 0 0 0 0 0 0 0 0 0 0 0 0 0 0 0 0 0 0 0 0
0 0.136227 0.582947 0.0798281 0.390528 0 0 0 0 0 0 0 0 0 0.135937 0.430894 1 0.157812 0.426829 2 0.134375 0.463414 2 0.167187 0.467479 2 0.123437 0.51626 2 0.171875 0.50813 2 0 0 0 0 0 0 0.140625 0.569105 2 0.165625 0.577235 2 0.11875 0.658536 2 0 0 0 0.1125 0.756097 2 0 0 0
0 0.780727 0.489451 0.0382031 0.210854 0 0 0 0 0 0 0 0 0 0 0 0 0 0 0 0 0 0 0 0 0 0 0 0 0 0 0 0 0 0 0 0 0 0 0 0 0 0 0 0 0 0 0 0 0 0 0 0 0 0 0
0 0.539883 0.577378 0.0674219 0.321179 0 0 0 0 0 0 0 0 0 0 0 0 0.542187 0.455284 2 0.51875 0.475609 2 0.540625 0.483739 2 0 0 0 0.554687 0.536585 2 0 0 0 0.5625 0.536585 1 0.509375 0.560975 2 0.525 0.56504 2 0.525 0.621951 1 0.539062 0.621951 2 0.517187 0.691056 1 0.54375 0.707317 2
0 0.874789 0.486098 0.0597656 0.189675 0 0 0 0 0 0 0 0 0 0 0 0 0 0 0 0 0 0 0 0 0 0 0 0 0 0 0 0 0 0 0 0 0 0 0 0 0 0 0 0 0 0 0 0 0 0 0 0 0 0 0
0 0.930258 0.459593 0.0332656 0.210244 0 0 0 0 0 0 0 0 0 0 0 0 0 0 0 0 0 0 0 0 0 0 0 0 0 0 0 0 0 0 0 0 0 0 0 0 0 0 0 0 0 0 0 0 0 0 0 0 0 0 0
0 0.976984 0.463313 0.0346562 0.247927 0 0 0 0 0 0 0 0 0 0 0 0 0 0 0 0 0 0 0 0 0 0 0 0 0 0 0 0 0 0 0 0 0 0 0 0 0 0 0 0 0 0 0 0 0 0 0 0 0 0 0
0 0.963031 0.457663 0.0174063 0.221667 0 0 0 0 0 0 0 0 0 0 0 0 0 0 0 0 0 0 0 0 0 0 0 0 0 0 0 0 0 0 0 0 0 0 0 0 0 0 0 0 0 0 0 0 0 0 0 0 0 0 0
0 0.742438 0.495793 0.033125 0.219228 0 0 0 0 0 0 0 0 0 0 0 0 0 0 0 0 0 0 0 0 0 0 0 0 0 0 0 0 0 0 0 0 0 0 0 0 0 0 0 0 0 0 0 0 0 0 0 0 0 0 0
