0 0.70757 0.608724 0.0583594 0.12007 0.707812 0.571428 2 0.709375 0.566744 2 0.703125 0.566744 1 0.715625 0.569086 2 0 0 0 0.71875 0.583138 2 0.698437 0.590163 2 0.71875 0.597189 2 0.695312 0.604215 2 0.701562 0.611241 2 0.69375 0.608899 2 0.726562 0.632318 2 0.710937 0.639344 2 0.707812 0.611241 2 0.682812 0.641686 2 0.70625 0.658079 2 0.692187 0.667447 1
0 0.155328 0.751382 0.0570312 0.102061 0 0 0 0 0 0 0 0 0 0 0 0 0 0 0 0 0 0 0 0 0 0 0 0 0 0 0 0 0 0 0 0 0 0 0 0 0 0 0 0 0 0 0 0 0 0 0 0 0 0 0
0 0.0902969 0.7574 0.04325 0.0937237 0 0 0 0 0 0 0 0 0 0 0 0 0 0 0 0 0 0 0 0 0 0 0 0 0 0 0 0 0 0 0 0 0 0 0 0 0 0 0 0 0 0 0 0 0 0 0 0 0 0 0
0 0.0682109 0.761803 0.0342656 0.0672131 0 0 0 0 0 0 0 0 0 0 0 0 0 0 0 0 0 0 0 0 0 0 0 0 0 0 0 0 0 0 0 0 0 0 0 0 0 0 0 0 0 0 0 0 0 0 0 0 0 0 0
0 0.736852 0.511803 0.0585781 0.229883 0.726562 0.419203 2 0.729687 0.412177 2 0.723437 0.414519 2 0.734375 0.419203 2 0 0 0 0.75 0.442622 2 0.714062 0.449648 2 0.765625 0.466042 2 0.710937 0.480093 2 0.75625 0.489461 2 0.715625 0.498829 2 0.739062 0.517564 2 0.729687 0.522248 2 0.748437 0.564402 2 0.735937 0.56206 2 0.754687 0.608899 2 0.739062 0.611241 2
0 0.692125 0.509918 0.0479062 0.153888 0.678125 0.45199 2 0.678125 0.449648 2 0.675 0.449648 2 0.684375 0.45199 2 0.673437 0.456674 2 0.695312 0.466042 2 0.676562 0.482435 2 0.709375 0.491803 2 0.679687 0.51288 2 0.710937 0.519906 2 0.679687 0.538641 2 0.703125 0.536299 2 0.692187 0.543325 2 0.7125 0.587822 1 0.698437 0.592505 1 0 0 0 0 0 0
0 0.290766 0.511265 0.407219 0.637377 0.31875 0.266978 2 0.323437 0.255269 2 0.30625 0.257611 2 0 0 0 0.284375 0.257611 2 0.364062 0.306791 2 0.253125 0.306791 2 0.4125 0.384074 2 0.192187 0.360655 2 0.460937 0.461358 2 0.126562 0.362997 2 0.359375 0.461358 2 0.301562 0.489461 2 0.339062 0.580796 2 0.296875 0.629976 2 0.3875 0.75644 2 0.35 0.747072 2
0 0.584742 0.595281 0.0959531 0.398806 0.559375 0.433255 2 0.5625 0.426229 2 0.553125 0.428571 2 0.576562 0.423887 2 0 0 0 0.596875 0.466042 2 0.546875 0.482435 2 0.61875 0.508196 2 0.545312 0.545667 2 0.58125 0.503512 2 0.542187 0.601873 2 0.601562 0.594847 2 0.567187 0.597189 2 0.601562 0.68384 2 0.582812 0.688524 2 0.601562 0.761124 2 0.59375 0.75644 2
0 0.204828 0.706815 0.0379688 0.162998 0 0 0 0 0 0 0 0 0 0 0 0 0 0 0 0 0 0 0 0 0 0 0 0 0 0 0 0 0 0 0 0 0 0 0 0 0 0 0 0 0 0 0 0 0 0 0 0 0 0 0
0 0.13525 0.751593 0.0284063 0.0865574 0 0 0 0 0 0 0 0 0 0 0 0 0 0 0 0 0 0 0 0 0 0 0 0 0 0 0 0 0 0 0 0 0 0 0 0 0 0 0 0 0 0 0 0 0 0 0 0 0 0 0
0 0.840359 0.54945 0.0629687 0.0996956 0 0 0 0 0 0 0 0 0 0 0 0 0 0 0 0 0 0 0 0 0 0 0 0 0 0 0 0 0 0 0 0 0 0 0 0 0 0 0 0 0 0 0 0 0 0 0 0 0 0 0
