0 0.136703 0.550958 0.231844 0.455234 0.09375 0.436915 2 0.1 0.422897 2 0.082812 0.42757 2 0.128124 0.399532 2 0 0 0 0.167187 0.425233 2 0.084375 0.443925 2 0.2 0.544392 2 0.082812 0.551401 2 0.154687 0.588785 2 0.051562 0.591121 2 0.225 0.46028 2 0.154687 0.49299 2 0.159375 0.553738 2 0.146875 0.67757 2 0.210937 0.67056 2 0.203125 0.799065 1
0 0.554898 0.400479 0.131453 0.317874 0.51875 0.334112 2 0.526562 0.317757 2 0.512499 0.320093 2 0.542187 0.301401 2 0 0 0 0.565625 0.322429 2 0.503125 0.331775 2 0.598437 0.411214 2 0.498437 0.418224 2 0.585937 0.478971 1 0.498437 0.476635 1 0.6 0.380841 1 0.55625 0.383177 2 0.584375 0.485981 1 0.534375 0.511682 1 0.610937 0.537383 2 0.548437 0.584112 1
0 0.64 0.424416 0.155094 0.40528 0.610937 0.310747 2 0.617187 0.296728 2 0.603125 0.299065 2 0.6375 0.280373 2 0 0 0 0.657812 0.310747 2 0.59375 0.324766 2 0.673437 0.413551 2 0.584375 0.42056 2 0.671875 0.476635 2 0.573437 0.478971 2 0.7 0.366822 2 0.651562 0.38785 2 0.667187 0.455607 2 0.635937 0.530373 1 0.696875 0.56542 2 0.639062 0.682242 1
0 0.80357 0.33771 0.109453 0.242056 0.795312 0.287383 2 0.803125 0.278037 2 0.789062 0.280373 2 0 0 0 0 0 0 0.829687 0.268691 1 0.770312 0.28271 1 0.835937 0.359813 2 0.759375 0.359813 2 0.832812 0.406542 2 0.760937 0.42056 1 0.842187 0.359813 2 0.8 0.369158 2 0.829687 0.425233 1 0 0 0 0.85625 0.514018 1 0 0 0
0 0.66643 0.111227 0.0209531 0.0411449 0 0 0 0 0 0 0 0 0 0 0 0 0 0 0 0 0 0 0 0 0 0 0 0 0 0 0 0 0 0 0 0 0 0 0 0 0 0 0 0 0 0 0 0 0 0 0 0 0 0 0
0 0.247961 0.428084 0.144266 0.447196 0.2 0.292056 2 0.207812 0.280373 2 0.19375 0.28271 2 0.228125 0.268691 2 0 0 0 0.265625 0.285046 2 0.190625 0.306074 2 0.273437 0.392523 2 0 0 0 0.240625 0.462616 1 0 0 0 0.29375 0.35514 2 0.253125 0.369158 2 0.256249 0.46028 2 0.235937 0.455607 1 0.304687 0.546728 2 0.25 0.626168 1
0 0.846078 0.686519 0.303563 0.604486 0 0 0 0 0 0 0 0 0 0.7375 0.516355 2 0.845312 0.483644 1 0.721875 0.691588 2 0.928125 0.614485 2 0.739062 0.978971 2 0 0 0 0 0 0 0 0 0 0 0 0 0 0 0 0 0 0 0 0 0 0 0 0 0 0 0
0 0.200625 0.141974 0.0908125 0.283949 0.2125 0.011682 2 0 0 0 0.209375 0.009345 2 0 0 0 0.204687 0.018691 2 0.192187 0.046728 2 0.190625 0.051401 2 0.210937 0.079439 2 0.204687 0.09813 2 0.220312 0.074766 2 0.225 0.084112 2 0.176562 0.123831 2 0.173437 0.123831 2 0.16875 0.203271 2 0.184375 0.207943 2 0.164062 0.266355 2 0.189062 0.271028 1
0 0.274406 0.0803154 0.0576562 0.160631 0.278125 0.007009 2 0 0 0 0.275 0.002336 2 0 0 0 0.267187 0.007009 2 0.25 0.035046 1 0.275 0.037383 2 0.275 0.060747 2 0.295312 0.06542 2 0.289062 0.035046 2 0.296875 0.035046 2 0.25 0.123831 2 0.271875 0.123831 1 0 0 0 0 0 0 0 0 0 0 0 0
0 0.410672 0.142675 0.0440938 0.141098 0 0 0 0 0 0 0 0 0 0 0 0 0 0 0 0 0 0 0 0 0 0 0 0 0 0 0 0 0 0 0 0 0 0 0 0 0 0 0 0 0 0 0 0 0 0 0 0 0 0 0
0 0.0592109 0.19271 0.0661719 0.263037 0 0 0 0 0 0 0 0 0 0 0 0 0.076562 0.086448 2 0.046875 0.121495 2 0.070312 0.119158 2 0.03125 0.149532 2 0.060937 0.172897 2 0 0 0 0.075 0.21028 2 0.042187 0.200934 2 0.057812 0.203271 2 0.046875 0.285046 1 0.076562 0.28271 2 0 0 0 0 0 0
0 0.305859 0.211682 0.0645 0.297243 0 0 0 0 0 0 0 0 0 0 0 0 0.3 0.123831 2 0.276562 0.158878 2 0.285937 0.154205 2 0.317187 0.13785 2 0.323437 0.142523 2 0.323437 0.107476 2 0.325 0.100467 2 0.285937 0.264018 2 0.295312 0.264018 2 0.292187 0.331775 1 0.304687 0.338785 1 0.29375 0.408878 1 0.303125 0.411214 1
0 0.415875 0.586647 0.209813 0.556519 0.384375 0.434579 2 0.390625 0.415887 2 0.373437 0.418224 2 0.410937 0.385514 2 0 0 0 0.451562 0.406542 2 0.3625 0.418224 2 0.471875 0.5257 2 0.364062 0.521028 2 0.435937 0.560747 2 0.34375 0.563084 2 0.490625 0.476635 2 0.4375 0.483644 2 0.478125 0.633177 2 0.39375 0.544392 2 0.501562 0.78271 2 0.423437 0.661214 1
0 0.5 0.266355 0.996875 0.53271 0 0 0 0 0 0 0 0 0 0 0 0 0 0 0 0 0 0 0 0 0 0 0 0 0 0 0 0 0 0 0 0 0 0 0 0 0 0 0 0 0 0 0 0 0 0 0 0 0 0 0
