0 0.525203 0.615875 0.0796562 0.180917 0 0 0 0 0 0 0 0 0 0 0 0 0 0 0 0.50625 0.558333 2 0.532812 0.547916 2 0.504687 0.5875 2 0.5375 0.566666 2 0 0 0 0.542187 0.589583 2 0.510937 0.604166 2 0.532812 0.60625 2 0.501562 0.645833 2 0.54375 0.64375 2 0.492187 0.6875 2 0.55625 0.689583 2
0 0.720047 0.597333 0.0687187 0.209208 0 0 0 0 0 0 0 0 0 0.721875 0.510416 2 0 0 0 0.717187 0.53125 2 0.734375 0.527083 2 0.748437 0.55625 2 0.720312 0.554166 2 0.739062 0.566666 2 0.714062 0.579166 2 0.720312 0.589583 2 0.734375 0.585416 2 0.7125 0.64375 2 0.729687 0.64375 2 0.704687 0.6875 2 0.729687 0.685416 2
0 0.659328 0.634708 0.0675 0.122625 0 0 0 0 0 0 0 0 0 0.654687 0.591666 2 0 0 0 0.660937 0.60625 2 0.673437 0.6 2 0.65625 0.635416 2 0 0 0 0.64375 0.6375 2 0 0 0 0.684375 0.65625 2 0.689062 0.65625 2 0.640625 0.65 2 0 0 0 0.673437 0.683333 2 0.679687 0.675 2
0 0.102414 0.455979 0.0381719 0.115667 0 0 0 0 0 0 0 0 0 0 0 0 0 0 0 0 0 0 0 0 0 0 0 0 0 0 0 0 0 0 0 0 0 0 0 0 0 0 0 0 0 0 0 0 0 0 0 0 0 0 0
0 0.396914 0.926281 0.217422 0.119104 0 0 0 0 0 0 0 0 0 0 0 0 0 0 0 0 0 0 0 0 0 0 0 0 0 0 0 0 0 0 0 0 0 0 0 0 0 0 0 0 0 0 0 0 0 0 0 0 0 0 0
0 0.597313 0.88674 0.145437 0.226521 0 0 0 0 0 0 0 0 0 0.578125 0.854166 2 0.6375 0.839583 2 0.554687 0.933333 2 0.664062 0.916666 2 0 0 0 0 0 0 0 0 0 0 0 0 0 0 0 0 0 0 0 0 0 0 0 0 0 0 0 0 0 0
0 0.904563 0.75676 0.190875 0.466229 0 0 0 0 0 0 0 0 0 0 0 0 0 0 0 0.892187 0.716666 2 0 0 0 0 0 0 0 0 0 0 0 0 0 0 0 0 0 0 0 0 0 0 0 0 0 0 0 0 0 0 0 0 0
0 0.219484 0.946771 0.149531 0.106458 0 0 0 0 0 0 0 0 0 0 0 0 0 0 0 0 0 0 0 0 0 0 0 0 0 0 0 0 0 0 0 0 0 0 0 0 0 0 0 0 0 0 0 0 0 0 0 0 0 0 0
0 0.708742 0.842177 0.0866719 0.136854 0 0 0 0 0 0 0 0 0 0.685937 0.858333 2 0.735937 0.854166 2 0.65625 0.935416 1 0.767187 0.91875 1 0 0 0 0 0 0 0 0 0 0 0 0 0 0 0 0 0 0 0 0 0 0 0 0 0 0 0 0 0 0
0 0.55607 0.878917 0.0709219 0.201833 0 0 0 0 0 0 0 0 0 0.540625 0.84375 2 0 0 0 0 0 0 0 0 0 0 0 0 0 0 0 0 0 0 0 0 0 0 0 0 0 0 0 0 0 0 0 0 0 0 0 0 0 0 0
0 0.488094 0.93524 0.0898438 0.129521 0 0 0 0 0 0 0 0 0 0.4625 0.933333 1 0 0 0 0 0 0 0 0 0 0 0 0 0 0 0 0 0 0 0 0 0 0 0 0 0 0 0 0 0 0 0 0 0 0 0 0 0 0 0
0 0.622453 0.414115 0.0227187 0.0303125 0 0 0 0 0 0 0 0 0 0 0 0 0 0 0 0 0 0 0 0 0 0 0 0 0 0 0 0 0 0 0 0 0 0 0 0 0 0 0 0 0 0 0 0 0 0 0 0 0 0 0
0 0.499219 0.498958 0.998437 0.997917 0 0 0 0 0 0 0 0 0 0 0 0 0 0 0 0 0 0 0 0 0 0 0 0 0 0 0 0 0 0 0 0 0 0 0 0 0 0 0 0 0 0 0 0 0 0 0 0 0 0 0
