0 0.304384 0.687961 0.125184 0.104203 0.287257 0.659375 2 0.295896 0.654687 2 0.278617 0.654687 2 0.306695 0.66875 2 0.261339 0.6625 2 0.330453 0.696875 2 0.24838 0.7 2 0.300215 0.748437 1 0 0 0 0.282937 0.73125 2 0 0 0 0 0 0 0.23758 0.7625 1 0 0 0 0 0 0 0 0 0 0 0 0
0 0.190799 0.68582 0.126566 0.0826094 0 0 0 0 0 0 0 0 0 0.207343 0.667187 2 0.172786 0.664062 1 0.226781 0.70625 2 0.151187 0.701562 2 0 0 0 0 0 0 0 0 0 0 0 0 0 0 0 0 0 0 0 0 0 0 0 0 0 0 0 0 0 0
0 0.592808 0.733727 0.117063 0.0749531 0.570194 0.739062 2 0.574514 0.732812 2 0.563714 0.732812 2 0.604751 0.729687 2 0 0 0 0.634989 0.7625 2 0.561555 0.753125 2 0 0 0 0 0 0 0 0 0 0 0 0 0 0 0 0 0 0 0 0 0 0 0 0 0 0 0 0 0 0
0 0.259374 0.286953 0.25784 0.148313 0.194384 0.251562 2 0.194384 0.245312 2 0.183585 0.256249 2 0 0 0 0.161987 0.264062 2 0.207343 0.248437 2 0.209503 0.298437 2 0 0 0 0.274298 0.301562 2 0 0 0 0.336933 0.303125 2 0.295896 0.285937 2 0.328293 0.339062 2 0 0 0 0 0 0 0 0 0 0 0 0
0 0.815918 0.769695 0.129633 0.0937969 0.809935 0.742187 2 0.822894 0.739062 2 0 0 0 0.842332 0.753125 2 0 0 0 0.846652 0.784375 2 0.812095 0.778125 2 0.803455 0.8 2 0 0 0 0.766738 0.784375 2 0 0 0 0 0 0 0 0 0 0 0 0 0 0 0 0 0 0 0 0 0
0 0.744212 0.743 0.123629 0.0853125 0 0 0 0 0 0 0 0 0 0 0 0 0 0 0 0.786177 0.757812 2 0.727861 0.754687 2 0 0 0 0 0 0 0 0 0 0 0 0 0 0 0 0 0 0 0 0 0 0 0 0 0 0 0 0 0 0
0 0.124298 0.672992 0.0867387 0.0927656 0 0 0 0 0 0 0 0 0 0 0 0 0 0 0 0 0 0 0 0 0 0 0 0 0 0 0 0 0 0 0 0 0 0 0 0 0 0 0 0 0 0 0 0 0 0 0 0 0 0 0
0 0.0573218 0.665203 0.100043 0.084125 0.086393 0.653125 2 0.088552 0.646875 2 0.071274 0.651562 2 0 0 0 0 0 0 0.112311 0.679687 1 0.028077 0.685937 2 0 0 0 0 0 0 0 0 0 0 0 0 0 0 0 0 0 0 0 0 0 0 0 0 0 0 0 0 0 0
0 0.890691 0.768758 0.0504968 0.0667969 0 0 0 0 0 0 0 0 0 0 0 0 0 0 0 0 0 0 0 0 0 0 0 0 0 0 0 0 0 0 0 0 0 0 0 0 0 0 0 0 0 0 0 0 0 0 0 0 0 0 0
0 0.462667 0.732875 0.189438 0.161531 0.464362 0.675 2 0.470842 0.66875 2 0.457883 0.670312 2 0.49244 0.678125 2 0 0 0 0.501079 0.709375 2 0.419006 0.709375 2 0.505399 0.742187 2 0.380129 0.728125 2 0.421166 0.753125 2 0.416846 0.746875 2 0.49028 0.784375 2 0.425485 0.78125 2 0 0 0 0 0 0 0 0 0 0 0 0
0 0.369503 0.688711 0.0594816 0.0743281 0 0 0 0 0 0 0 0 0 0 0 0 0 0 0 0 0 0 0 0 0 0 0 0 0 0 0 0 0 0 0 0 0 0 0 0 0 0 0 0 0 0 0 0 0 0 0 0 0 0 0
0 0.943391 0.785562 0.0933477 0.0474062 0 0 0 0 0 0 0 0 0 0 0 0 0 0 0 0 0 0 0 0 0 0 0 0 0 0 0 0 0 0 0 0 0 0 0 0 0 0 0 0 0 0 0 0 0 0 0 0 0 0 0
0 0.0279914 0.634492 0.0559827 0.0844531 0 0 0 0 0 0 0 0 0 0 0 0 0 0 0 0 0 0 0 0 0 0 0 0 0 0 0 0 0 0 0 0 0 0 0 0 0 0 0 0 0 0 0 0 0 0 0 0 0 0 0
