0 0.514883 0.669656 0.214047 0.611229 0.484375 0.414583 2 0.492187 0.408333 2 0.478125 0.408333 2 0.512499 0.4125 2 0 0 0 0.528125 0.466666 2 0.48125 0.466666 2 0.498437 0.55625 2 0.459375 0.560416 2 0.439062 0.5375 2 0.435937 0.541666 2 0.523437 0.679166 2 0.490625 0.68125 2 0.520312 0.78125 2 0.4875 0.8125 2 0.584375 0.90625 2 0.485937 0.929166 2
0 0.0544687 0.676167 0.107156 0.647667 0.026562 0.414583 2 0.03125 0.402083 2 0 0 0 0.059375 0.414583 2 0 0 0 0.071875 0.497916 2 0.064062 0.497916 2 0.067187 0.616666 2 0 0 0 0.01875 0.70625 2 0 0 0 0.067187 0.691666 2 0.05 0.689583 2 0.064062 0.8875 2 0.014062 0.872916 2 0 0 0 0.098437 0.983333 1
0 0.632008 0.687458 0.259078 0.625083 0.60625 0.422916 1 0.615625 0.414583 2 0.604687 0.414583 1 0.642187 0.425 2 0 0 0 0.653125 0.485416 2 0.617187 0.489583 2 0.657812 0.602083 2 0 0 0 0.604687 0.660416 2 0 0 0 0.66875 0.672916 2 0.628125 0.670833 2 0.704687 0.81875 2 0.6 0.822916 2 0.728125 0.939583 2 0.560937 0.947916 2
0 0.780078 0.650042 0.184188 0.646667 0.770312 0.3875 1 0.778125 0.377083 2 0 0 0 0.807812 0.385416 2 0 0 0 0.83125 0.445833 2 0.778125 0.435416 2 0.85625 0.55 2 0 0 0 0.81875 0.639583 2 0 0 0 0.820312 0.608333 2 0.78125 0.610416 2 0.8375 0.764583 2 0.74375 0.752083 2 0.857812 0.927083 2 0.74375 0.925 2
0 0.332547 0.541625 0.0517813 0.0865417 0 0 0 0 0 0 0 0 0 0 0 0 0 0 0 0 0 0 0 0 0 0 0 0 0 0 0 0 0 0 0 0 0 0 0 0 0 0 0 0 0 0 0 0 0 0 0 0 0 0 0
0 0.889062 0.37875 0.044 0.0842083 0 0 0 0 0 0 0 0 0 0 0 0 0 0 0 0 0 0 0 0 0 0 0 0 0 0 0 0 0 0 0 0 0 0 0 0 0 0 0 0 0 0 0 0 0 0 0 0 0 0 0
0 0.938742 0.330073 0.0239844 0.0586458 0 0 0 0 0 0 0 0 0 0 0 0 0 0 0 0 0 0 0 0 0 0 0 0 0 0 0 0 0 0 0 0 0 0 0 0 0 0 0 0 0 0 0 0 0 0 0 0 0 0 0
0 0.446648 0.49126 0.0394844 0.0829792 0 0 0 0 0 0 0 0 0 0 0 0 0 0 0 0 0 0 0 0 0 0 0 0 0 0 0 0 0 0 0 0 0 0 0 0 0 0 0 0 0 0 0 0 0 0 0 0 0 0 0
0 0.926125 0.648312 0.146625 0.667417 0.939062 0.3625 1 0.95 0.35625 2 0 0 0 0.975 0.36875 2 0 0 0 0 0 0 0.954687 0.422916 2 0 0 0 0.935937 0.525 2 0.995312 0.635416 2 0.870312 0.504166 2 0.9875 0.61875 2 0.946875 0.608333 2 0.992187 0.766666 2 0.926562 0.764583 2 0 0 0 0.917187 0.920833 2
0 0.574437 0.295208 0.0437188 0.0627917 0 0 0 0 0 0 0 0 0 0 0 0 0 0 0 0 0 0 0 0 0 0 0 0 0 0 0 0 0 0 0 0 0 0 0 0 0 0 0 0 0 0 0 0 0 0 0 0 0 0 0
0 0.439164 0.443333 0.0454219 0.0653333 0 0 0 0 0 0 0 0 0 0 0 0 0 0 0 0 0 0 0 0 0 0 0 0 0 0 0 0 0 0 0 0 0 0 0 0 0 0 0 0 0 0 0 0 0 0 0 0 0 0 0
0 0.921875 0.379729 0.0362188 0.08575 0 0 0 0 0 0 0 0 0 0 0 0 0 0 0 0 0 0 0 0 0 0 0 0 0 0 0 0 0 0 0 0 0 0 0 0 0 0 0 0 0 0 0 0 0 0 0 0 0 0 0
0 0.362445 0.450552 0.0321406 0.0964375 0 0 0 0 0 0 0 0 0 0 0 0 0 0 0 0 0 0 0 0 0 0 0 0 0 0 0 0 0 0 0 0 0 0 0 0 0 0 0 0 0 0 0 0 0 0 0 0 0 0 0
0 0.5 0.295833 0.996875 0.566667 0 0 0 0 0 0 0 0 0 0 0 0 0 0 0 0 0 0 0 0 0 0 0 0 0 0 0 0 0 0 0 0 0 0 0 0 0 0 0 0 0 0 0 0 0 0 0 0 0 0 0
