0 0.91757 0.489883 0.110953 0.521358 0.904687 0.28103 2 0.910937 0.26932 2 0.898437 0.26932 2 0.926562 0.26932 2 0 0 0 0.9375 0.309133 2 0.895312 0.316159 2 0.959375 0.416861 2 0.871875 0.374707 2 0.928125 0.454332 2 0.879687 0.393442 2 0.925 0.475409 2 0.901562 0.473067 2 0.93125 0.606557 2 0.904687 0.606557 2 0.946875 0.711943 2 0.915625 0.707259 2
0 0.7905 0.518162 0.118594 0.459415 0.775 0.339578 2 0.779687 0.332552 2 0.770312 0.334894 2 0.79375 0.33021 2 0 0 0 0.817187 0.384074 2 0.748437 0.384074 2 0.8375 0.435597 2 0.740625 0.447306 2 0.804687 0.456674 2 0.767187 0.468384 1 0.80625 0.508196 1 0.765625 0.505854 1 0.80625 0.608899 2 0.760937 0.597189 1 0.820312 0.711943 2 0.773437 0.707259 2
0 0.778492 0.573841 0.0709219 0.330585 0.776562 0.459016 2 0.784375 0.454332 2 0.770312 0.454332 2 0.792187 0.45199 2 0.764062 0.45199 1 0.796875 0.494145 2 0.751562 0.491803 2 0.80625 0.545667 2 0.740625 0.531615 1 0.8 0.594847 2 0.757812 0.503512 2 0.784375 0.615925 2 0.75625 0.615925 2 0.785937 0.669789 2 0.754687 0.667447 2 0.785937 0.716627 2 0.751562 0.718969 2
0 0.675531 0.606335 0.0730937 0.282225 0.65625 0.503512 2 0.6625 0.496487 2 0.653125 0.496487 2 0.675 0.503512 2 0 0 0 0.692187 0.538641 2 0.646875 0.536299 2 0.69375 0.590163 2 0.648437 0.58548 2 0.68125 0.618266 2 0.665625 0.618266 2 0.69375 0.611241 2 0.665625 0.611241 2 0.689062 0.658079 2 0.660937 0.660421 2 0.692187 0.721311 2 0.6625 0.718969 2
0 0.583797 0.630562 0.127344 0.390445 0.56875 0.491803 2 0.575 0.487119 2 0.5625 0.489461 2 0.589062 0.487119 2 0.551562 0.489461 1 0.604687 0.526932 2 0.546875 0.545667 2 0.625 0.555035 2 0.53125 0.583138 2 0.634375 0.580796 2 0.535937 0.618266 2 0.601562 0.648711 2 0.56875 0.639344 2 0.592187 0.723653 2 0.578125 0.697892 2 0.582812 0.786885 2 0.573437 0.779859 2
0 0.577273 0.373361 0.114203 0.280726 0.548437 0.28103 2 0.55 0.26932 2 0 0 0 0.5625 0.264637 2 0 0 0 0.546875 0.313817 2 0.60625 0.313817 2 0.540625 0.3911 2 0.621875 0.395784 2 0.521875 0.459016 1 0.607812 0.461358 2 0.559375 0.473067 1 0.601562 0.470725 2 0 0 0 0 0 0 0 0 0 0 0 0
0 0.348508 0.611569 0.166578 0.357283 0.35625 0.487119 2 0.360937 0.477751 2 0.348437 0.477751 2 0 0 0 0.335937 0.484777 2 0.375 0.522248 2 0.317187 0.519906 2 0.4 0.529274 2 0.295312 0.545667 2 0.417187 0.517564 2 0.273437 0.576112 2 0.360937 0.618266 2 0.329687 0.618266 2 0.364062 0.693208 2 0.357812 0.688524 2 0.329687 0.725995 2 0.373437 0.761124 2
0 0.427023 0.563981 0.0755469 0.31377 0.429687 0.442622 2 0.434375 0.433255 2 0.425 0.433255 2 0.44375 0.437939 1 0 0 0 0.442187 0.480093 2 0.410937 0.477751 2 0.451562 0.531615 2 0.404687 0.531615 1 0.445312 0.576112 2 0.403125 0.57377 2 0.442187 0.578454 2 0.415625 0.57377 2 0.446875 0.644028 2 0.421875 0.648711 2 0.446875 0.702576 2 0.415625 0.702576 2
0 0.500648 0.597014 0.0822656 0.366862 0.49375 0.477751 2 0.498437 0.468384 2 0.4875 0.470725 2 0 0 0 0.471875 0.459016 1 0.509375 0.498829 2 0.470312 0.50117 2 0.523437 0.543325 2 0.46875 0.555035 2 0 0 0 0.5 0.526932 2 0.509375 0.620608 2 0.48125 0.625292 2 0.525 0.674473 2 0.48125 0.704918 2 0.507812 0.725995 2 0.479687 0.777517 1
0 0.53675 0.486522 0.0509687 0.12808 0 0 0 0 0 0 0 0 0 0 0 0 0 0 0 0 0 0 0 0 0 0 0 0 0 0 0 0 0 0 0 0 0 0 0 0 0 0 0 0 0 0 0 0 0 0 0 0 0 0 0
0 0.124516 0.533653 0.052 0.197564 0 0 0 0 0 0 0 0 0 0 0 0 0 0 0 0 0 0 0 0 0 0 0 0 0 0 0 0 0 0 0 0 0 0 0 0 0 0 0 0 0 0 0 0 0 0 0 0 0 0 0
0 0.0848281 0.602974 0.127688 0.382763 0.092187 0.4637 2 0.095312 0.456674 2 0.084375 0.459016 2 0 0 0 0.067187 0.466042 2 0.104687 0.510538 2 0.059375 0.51288 2 0.1125 0.564402 2 0.053125 0.564402 2 0.128124 0.590163 2 0.064062 0.604215 2 0.103125 0.608899 2 0.073437 0.606557 2 0.115625 0.693208 2 0.084375 0.697892 2 0.123437 0.779859 2 0.039062 0.721311 2
0 0.445414 0.379461 0.0890781 0.248337 0 0 0 0 0 0 0 0 0 0 0 0 0 0 0 0.420312 0.348946 2 0.471875 0.348946 2 0.409375 0.421545 2 0.478125 0.407494 2 0.4375 0.440281 1 0.465625 0.480093 2 0.43125 0.473067 1 0.473437 0.475409 1 0 0 0 0 0 0 0 0 0 0 0 0
0 0.499219 0.460187 0.998437 0.517564 0 0 0 0 0 0 0 0 0 0 0 0 0 0 0 0 0 0 0 0 0 0 0 0 0 0 0 0 0 0 0 0 0 0 0 0 0 0 0 0 0 0 0 0 0 0 0 0 0 0 0
