0 0.716219 0.395271 0.0540625 0.0765833 0 0 0 0 0 0 0 0 0 0 0 0 0 0 0 0 0 0 0 0 0 0 0 0 0 0 0 0 0 0 0 0 0 0 0 0 0 0 0 0 0 0 0 0 0 0 0 0 0 0 0
0 0.396781 0.498802 0.137187 0.357437 0.425 0.3625 2 0 0 0 0.421875 0.35625 2 0 0 0 0.410937 0.3625 2 0.3875 0.391666 2 0.401562 0.4 2 0.410937 0.452083 2 0.39375 0.464583 2 0.435937 0.477083 2 0.395312 0.50625 2 0.379687 0.4625 2 0.401562 0.470833 2 0.379687 0.566666 2 0.414062 0.579166 2 0.351562 0.625 2 0.41875 0.64375 2
0 0.643586 0.302927 0.0472969 0.0810625 0 0 0 0 0 0 0 0 0 0 0 0 0 0 0 0 0 0 0 0 0 0 0 0 0 0 0 0 0 0 0 0 0 0 0 0 0 0 0 0 0 0 0 0 0 0 0 0 0 0 0
0 0.21 0.370385 0.0445938 0.0886875 0 0 0 0 0 0 0 0 0 0 0 0 0 0 0 0 0 0 0 0 0 0 0 0 0 0 0 0 0 0 0 0 0 0 0 0 0 0 0 0 0 0 0 0 0 0 0 0 0 0 0
0 0.511477 0.498094 0.102703 0.355646 0.492187 0.354166 1 0.496875 0.345833 2 0 0 0 0.509375 0.347916 2 0 0 0 0.514062 0.38125 2 0.534375 0.372916 2 0.510937 0.44375 2 0.54375 0.43125 2 0.479687 0.466666 2 0.546875 0.491666 2 0.523437 0.48125 2 0.534375 0.477083 2 0.535937 0.566666 2 0.50625 0.552083 2 0.551562 0.65625 2 0.498437 0.647916 2
0 0.809422 0.392031 0.041875 0.0582708 0 0 0 0 0 0 0 0 0 0 0 0 0 0 0 0 0 0 0 0 0 0 0 0 0 0 0 0 0 0 0 0 0 0 0 0 0 0 0 0 0 0 0 0 0 0 0 0 0 0 0
0 0.601859 0.260958 0.0512188 0.0843333 0 0 0 0 0 0 0 0 0 0 0 0 0 0 0 0 0 0 0 0 0 0 0 0 0 0 0 0 0 0 0 0 0 0 0 0 0 0 0 0 0 0 0 0 0 0 0 0 0 0 0
0 0.0822891 0.37151 0.0405156 0.0783958 0 0 0 0 0 0 0 0 0 0 0 0 0 0 0 0 0 0 0 0 0 0 0 0 0 0 0 0 0 0 0 0 0 0 0 0 0 0 0 0 0 0 0 0 0 0 0 0 0 0 0
0 0.735992 0.140271 0.0446094 0.0750833 0 0 0 0 0 0 0 0 0 0 0 0 0 0 0 0 0 0 0 0 0 0 0 0 0 0 0 0 0 0 0 0 0 0 0 0 0 0 0 0 0 0 0 0 0 0 0 0 0 0 0
0 0.598875 0.0619896 0.0311563 0.0639375 0 0 0 0 0 0 0 0 0 0 0 0 0 0 0 0 0 0 0 0 0 0 0 0 0 0 0 0 0 0 0 0 0 0 0 0 0 0 0 0 0 0 0 0 0 0 0 0 0 0 0
0 0.674492 0.19626 0.0373594 0.0655625 0 0 0 0 0 0 0 0 0 0 0 0 0 0 0 0 0 0 0 0 0 0 0 0 0 0 0 0 0 0 0 0 0 0 0 0 0 0 0 0 0 0 0 0 0 0 0 0 0 0 0
0 0.257016 0.37451 0.0466562 0.0924375 0 0 0 0 0 0 0 0 0 0 0 0 0 0 0 0 0 0 0 0 0 0 0 0 0 0 0 0 0 0 0 0 0 0 0 0 0 0 0 0 0 0 0 0 0 0 0 0 0 0 0
0 0.716734 0.179437 0.0467187 0.0482083 0 0 0 0 0 0 0 0 0 0 0 0 0 0 0 0 0 0 0 0 0 0 0 0 0 0 0 0 0 0 0 0 0 0 0 0 0 0 0 0 0 0 0 0 0 0 0 0 0 0 0
0 0.499219 0.364583 0.998437 0.729167 0 0 0 0 0 0 0 0 0 0 0 0 0 0 0 0 0 0 0 0 0 0 0 0 0 0 0 0 0 0 0 0 0 0 0 0 0 0 0 0 0 0 0 0 0 0 0 0 0 0 0
