0 0.580042 0.506578 0.0244583 0.0344687 0 0 0 0 0 0 0 0 0 0 0 0 0 0 0 0 0 0 0 0 0 0 0 0 0 0 0 0 0 0 0 0 0 0 0 0 0 0 0 0 0 0 0 0 0 0 0 0 0 0 0
0 0.818115 0.537633 0.105312 0.124703 0.83125 0.496875 2 0.833333 0.495312 2 0.827083 0.495312 2 0 0 0 0.808333 0.496875 2 0.84375 0.523437 2 0.79375 0.525 2 0.860416 0.554687 2 0.764583 0.542187 1 0.8625 0.585937 2 0.785416 0.564062 2 0.84375 0.589062 1 0.808333 0.590625 1 0 0 0 0 0 0 0 0 0 0 0 0
0 0.473031 0.515539 0.0456042 0.0589219 0 0 0 0 0 0 0 0 0 0 0 0 0 0 0 0 0 0 0 0 0 0 0 0 0 0 0 0 0 0 0 0 0 0 0 0 0 0 0 0 0 0 0 0 0 0 0 0 0 0 0
0 0.328646 0.606172 0.328208 0.662719 0.235416 0.415625 2 0 0 0 0.216666 0.415625 2 0 0 0 0.19375 0.445312 2 0.2875 0.464062 2 0.1875 0.534375 2 0.358333 0.39375 2 0.208333 0.604687 2 0.416666 0.323437 2 0.2625 0.653125 2 0.35 0.64375 2 0.245833 0.654687 2 0.40625 0.7625 2 0.260416 0.798437 2 0.333333 0.885937 2 0.256249 0.882812 2
0 0.147656 0.526281 0.0616875 0.0859688 0 0 0 0 0 0 0 0 0 0 0 0 0 0 0 0 0 0 0 0 0 0 0 0 0 0 0 0 0 0 0 0 0 0 0 0 0 0 0 0 0 0 0 0 0 0 0 0 0 0 0
0 0.533948 0.546344 0.0772708 0.103906 0.516666 0.515625 2 0.520833 0.510937 2 0 0 0 0.53125 0.514062 2 0 0 0 0.547916 0.534375 2 0 0 0 0.560416 0.571875 2 0 0 0 0.55 0.603125 1 0 0 0 0.554166 0.59375 2 0 0 0 0 0 0 0 0 0 0 0 0 0 0 0
0 0.0607813 0.532156 0.121563 0.136813 0.014583 0.492187 1 0.014583 0.4875 2 0 0 0 0.027083 0.485937 2 0 0 0 0.029166 0.514062 2 0.083333 0.498437 2 0.033333 0.548437 2 0.110416 0.523437 1 0.00625 0.576562 2 0 0 0 0.047916 0.584375 2 0.089583 0.578125 1 0 0 0 0 0 0 0 0 0 0 0 0
0 0.0747187 0.465172 0.0132292 0.00990625 0 0 0 0 0 0 0 0 0 0 0 0 0 0 0 0 0 0 0 0 0 0 0 0 0 0 0 0 0 0 0 0 0 0 0 0 0 0 0 0 0 0 0 0 0 0 0 0 0 0 0
0 0.636823 0.555625 0.0616875 0.0839688 0 0 0 0 0 0 0 0 0 0 0 0 0 0 0 0 0 0 0 0 0 0 0 0 0 0 0 0 0 0 0 0 0 0 0 0 0 0 0 0 0 0 0 0 0 0 0 0 0 0 0
0 0.860156 0.521781 0.0371875 0.044375 0 0 0 0 0 0 0 0 0 0 0 0 0 0 0 0 0 0 0 0 0 0 0 0 0 0 0 0 0 0 0 0 0 0 0 0 0 0 0 0 0 0 0 0 0 0 0 0 0 0 0
0 0.93774 0.510812 0.0362708 0.0656875 0 0 0 0 0 0 0 0 0 0 0 0 0 0 0 0 0 0 0 0 0 0 0 0 0 0 0 0 0 0 0 0 0 0 0 0 0 0 0 0 0 0 0 0 0 0 0 0 0 0 0
0 0.736885 0.529805 0.0955208 0.133453 0.733333 0.485937 2 0.735416 0.482812 2 0.725 0.482812 2 0.741666 0.485937 2 0.714583 0.484375 2 0.754166 0.514062 2 0.7 0.514062 2 0.777083 0.54375 2 0.7125 0.553125 2 0.7375 0.542187 2 0.7625 0.551562 2 0.760416 0.590625 2 0.714583 0.592187 2 0 0 0 0 0 0 0 0 0 0 0 0
0 0.786698 0.498789 0.0481458 0.0535781 0 0 0 0 0 0 0 0 0 0 0 0 0 0 0 0 0 0 0 0 0 0 0 0 0 0 0 0 0 0 0 0 0 0 0 0 0 0 0 0 0 0 0 0 0 0 0 0 0 0 0
0 0.5 0.578125 0.995833 0.3125 0 0 0 0 0 0 0 0 0 0 0 0 0 0 0 0 0 0 0 0 0 0 0 0 0 0 0 0 0 0 0 0 0 0 0 0 0 0 0 0 0 0 0 0 0 0 0 0 0 0 0
