0 0.702789 0.537494 0.337578 0.816721 0.584375 0.203747 2 0.596875 0.192037 2 0 0 0 0 0 0 0 0 0 0.670312 0.285714 2 0.579687 0.295081 2 0.673437 0.3911 2 0.571875 0.351288 2 0.640625 0.372365 2 0.615625 0.323185 2 0.664062 0.517564 2 0.628125 0.533957 2 0.564062 0.665105 2 0.689062 0.768149 2 0.61875 0.868852 2 0.8375 0.845433 2
0 0.845031 0.588126 0.162031 0.275597 0.85625 0.50117 2 0.865625 0.489461 2 0.851562 0.489461 2 0.879687 0.498829 2 0 0 0 0.896875 0.566744 2 0.829687 0.569086 2 0.90625 0.64637 2 0.814062 0.639344 2 0.873437 0.653395 2 0.798437 0.632318 2 0.884375 0.697892 2 0.83125 0.690866 2 0.851562 0.674473 2 0.7875 0.667447 2 0.853125 0.763466 1 0.771875 0.754098 1
0 0.931063 0.608607 0.0569687 0.24719 0.91875 0.533957 2 0.928125 0.522248 2 0.917187 0.522248 2 0.942187 0.529274 2 0 0 0 0.959375 0.576112 2 0.90625 0.571428 1 0.95625 0.655737 2 0 0 0 0.920312 0.686182 2 0 0 0 0.95 0.697892 2 0.914062 0.693208 2 0 0 0 0 0 0 0 0 0 0 0 0
0 0.229891 0.50089 0.119219 0.402295 0.217187 0.346604 2 0.223437 0.34192 2 0.2125 0.34192 2 0.240625 0.344262 2 0 0 0 0.246875 0.381733 2 0.19375 0.386416 2 0.242187 0.470725 2 0.184375 0.470725 2 0.2125 0.543325 2 0.192187 0.540983 2 0.2625 0.508196 2 0.226562 0.50117 2 0.2375 0.580796 2 0.235937 0.629976 2 0.254687 0.672131 2 0.2375 0.702576 1
0 0.132836 0.493689 0.107484 0.429063 0.126562 0.334894 2 0.134375 0.323185 2 0.123437 0.323185 2 0.146875 0.325526 2 0 0 0 0.15625 0.355971 2 0.103125 0.365339 2 0.134375 0.447306 2 0.096875 0.449648 2 0.11875 0.40281 2 0.126562 0.412177 2 0.173437 0.484777 2 0.134375 0.487119 2 0.134375 0.597189 2 0.145312 0.597189 2 0.167187 0.700234 2 0.151562 0.697892 2
0 0.0612188 0.499379 0.122438 0.405457 0.040625 0.344262 2 0.046875 0.334894 2 0.035937 0.334894 2 0.060937 0.339578 2 0 0 0 0.076562 0.377049 2 0.020312 0.379391 2 0.071875 0.468384 2 0.009375 0.473067 2 0.057812 0.543325 2 0.015625 0.540983 2 0.101562 0.494145 2 0.064062 0.50117 2 0.095312 0.608899 2 0.046875 0.63466 2 0.101562 0.681498 2 0.101562 0.686182 2
0 0.415344 0.147248 0.0881563 0.10274 0.417187 0.138173 2 0.421875 0.128805 2 0.4125 0.128805 2 0.43125 0.128805 2 0 0 0 0.442187 0.15925 2 0.401562 0.161592 2 0.451562 0.194379 2 0 0 0 0.414062 0.199063 1 0 0 0 0.432812 0.236533 1 0.409375 0.236533 1 0 0 0 0 0 0 0 0 0 0 0 0
0 0.555937 0.101405 0.108344 0.198548 0.557812 0.03747 2 0.564062 0.030444 2 0.554687 0.028103 2 0.579687 0.032786 2 0 0 0 0.584375 0.067915 2 0.526562 0.072599 2 0.567187 0.112412 2 0.5 0.105386 1 0.534375 0.100702 2 0.515625 0.11007 2 0.5625 0.177985 2 0.510937 0.17096 1 0 0 0 0 0 0 0 0 0 0 0 0
0 0.698461 0.134977 0.0809219 0.138618 0.7 0.09836 2 0.70625 0.093676 2 0.69375 0.093676 2 0.720312 0.09836 2 0 0 0 0.721875 0.138173 2 0.682812 0.140515 2 0.707812 0.187353 2 0 0 0 0.6625 0.192037 2 0 0 0 0 0 0 0 0 0 0 0 0 0 0 0 0 0 0 0 0 0
0 0.813867 0.560445 0.0597656 0.15541 0 0 0 0 0 0 0 0 0 0 0 0 0 0 0 0 0 0 0 0 0 0 0 0 0 0 0 0 0 0 0 0 0 0 0 0 0 0 0 0 0 0 0 0 0 0 0 0 0 0 0
0 0.745867 0.594625 0.0816719 0.251124 0.726562 0.508196 2 0.732812 0.496487 2 0.720312 0.498829 2 0.746875 0.505854 2 0.717187 0.508196 2 0.764062 0.559718 2 0.710937 0.557377 2 0.76875 0.644028 2 0.7 0.615925 1 0.739062 0.669789 2 0.710937 0.667447 1 0.751562 0.665105 2 0.715625 0.665105 1 0.751562 0.68384 2 0.684375 0.681498 1 0 0 0 0 0 0
0 0.481141 0.07774 0.0862187 0.151827 0.492187 0.03747 2 0.498437 0.030444 2 0.4875 0.030444 2 0.510937 0.030444 1 0.48125 0.032786 2 0.515625 0.070257 2 0.46875 0.072599 2 0 0 0 0.445312 0.117096 2 0 0 0 0 0 0 0.4875 0.149882 2 0.465625 0.14754 2 0 0 0 0 0 0 0 0 0 0 0 0
0 0.502555 0.472728 0.128234 0.467518 0.504687 0.276346 2 0.512499 0.266978 2 0.498437 0.266978 2 0.525 0.278688 2 0 0 0 0.551562 0.33021 1 0.4875 0.337236 2 0.5375 0.386416 2 0.457812 0.395784 2 0.509375 0.395784 2 0.460937 0.320843 2 0.540625 0.50117 2 0.503125 0.50117 2 0.540625 0.611241 2 0.510937 0.615925 2 0.548437 0.730679 1 0.520312 0.737704 1
0 0.5 0.392272 0.996875 0.784543 0 0 0 0 0 0 0 0 0 0 0 0 0 0 0 0 0 0 0 0 0 0 0 0 0 0 0 0 0 0 0 0 0 0 0 0 0 0 0 0 0 0 0 0 0 0 0 0 0 0 0
