0 0.307016 0.515271 0.0840313 0.300958 0 0 0 0 0 0 0 0 0 0.303125 0.391666 2 0.321875 0.389583 2 0.29375 0.422916 2 0.326562 0.427083 2 0.28125 0.470833 2 0.340625 0.472916 2 0.275 0.495833 2 0.342187 0.510416 2 0.295312 0.510416 2 0.31875 0.512499 2 0.295312 0.56875 2 0.31875 0.570833 2 0.3 0.639583 2 0.317187 0.6375 2
0 0.456844 0.535521 0.0845937 0.300292 0 0 0 0 0 0 0 0 0 0 0 0 0 0 0 0.423437 0.4375 1 0.473437 0.45 2 0.415625 0.477083 1 0.476562 0.497916 2 0 0 0 0.479687 0.545833 1 0.43125 0.53125 2 0.45625 0.53125 2 0.429687 0.5875 2 0.453125 0.589583 2 0.434375 0.652083 2 0.45 0.66875 2
0 0.639687 0.526312 0.0789688 0.268583 0 0 0 0 0 0 0 0 0 0.639062 0.4125 2 0.654687 0.414583 2 0.61875 0.441666 2 0.667187 0.44375 2 0.609375 0.479166 2 0.673437 0.483333 2 0.60625 0.512499 2 0 0 0 0.628125 0.520833 2 0.653125 0.520833 2 0.623437 0.577083 2 0.65 0.583333 2 0.626562 0.614583 2 0.648437 0.647916 2
0 0.359719 0.515792 0.0693125 0.309583 0 0 0 0 0 0 0 0 0 0 0 0 0.346875 0.38125 2 0.326562 0.4125 1 0.3625 0.41875 2 0 0 0 0.36875 0.460416 2 0 0 0 0.370312 0.504166 2 0.33125 0.504166 1 0.35625 0.504166 2 0.329687 0.570833 1 0.354687 0.566666 2 0.332812 0.6375 2 0.348437 0.6375 2
0 0.663477 0.202792 0.0450469 0.1005 0 0 0 0 0 0 0 0 0 0 0 0 0 0 0 0 0 0 0 0 0 0 0 0 0 0 0 0 0 0 0 0 0 0 0 0 0 0 0 0 0 0 0 0 0 0 0 0 0 0 0
0 0.605766 0.155708 0.0576875 0.1985 0.614062 0.102083 2 0.615625 0.097916 2 0.610937 0.1 2 0.61875 0.1 2 0.60625 0.1 2 0.628125 0.11875 2 0.595312 0.11875 2 0.640625 0.14375 1 0.58125 0.141666 2 0.634375 0.133333 2 0.590625 0.133333 2 0.61875 0.175 2 0.598437 0.172916 2 0.6125 0.227083 2 0.601562 0.21875 2 0 0 0 0 0 0
0 0.509492 0.192365 0.0450156 0.120021 0 0 0 0 0 0 0 0 0 0 0 0 0 0 0 0 0 0 0 0 0 0 0 0 0 0 0 0 0 0 0 0 0 0 0 0 0 0 0 0 0 0 0 0 0 0 0 0 0 0 0
0 0.491992 0.516406 0.0660156 0.277104 0.490625 0.39375 2 0 0 0 0.489062 0.391666 2 0 0 0 0.484375 0.4 2 0.454687 0.429166 1 0.5 0.433333 2 0 0 0 0.510937 0.479166 2 0 0 0 0.51875 0.50625 2 0.460937 0.504166 1 0.489062 0.508333 2 0.460937 0.572916 1 0.484375 0.570833 2 0.4625 0.635416 2 0.479687 0.64375 2
0 0.419773 0.475062 0.0556719 0.191667 0 0 0 0 0 0 0 0 0 0.428125 0.397916 2 0 0 0 0.4125 0.43125 2 0.457812 0.429166 1 0.398437 0.48125 2 0 0 0 0.4 0.510416 2 0 0 0 0.426562 0.514583 2 0.454687 0.514583 1 0.43125 0.579166 1 0.459375 0.579166 1 0.434375 0.63125 1 0.4625 0.635416 1
0 0.573023 0.171875 0.0412969 0.166958 0.578125 0.10625 2 0.579687 0.102083 2 0.573437 0.102083 2 0.582812 0.102083 2 0.56875 0.102083 1 0.589062 0.122916 1 0.565625 0.122916 2 0 0 0 0.559375 0.15 2 0 0 0 0.559375 0.179166 2 0.585937 0.172916 2 0.567187 0.172916 2 0.585937 0.2125 2 0.56875 0.210416 1 0.5875 0.25 2 0.573437 0.245833 2
0 0.392617 0.165938 0.0329219 0.145083 0 0 0 0 0 0 0 0 0 0 0 0 0 0 0 0 0 0 0 0 0 0 0 0 0 0 0 0 0 0 0 0 0 0 0 0 0 0 0 0 0 0 0 0 0 0 0 0 0 0 0
