0 0.655105 0.532586 0.602904 0.588766 0.536299 0.357812 2 0.557377 0.35625 2 0 0 0 0.594847 0.3625 2 0 0 0 0.629976 0.410937 2 0.611241 0.345312 2 0.611241 0.50625 2 0.496487 0.307812 2 0.545667 0.454687 2 0.400468 0.271875 2 0.742388 0.496875 2 0.789227 0.485937 2 0.707259 0.640625 2 0.847775 0.626562 2 0.702576 0.770312 2 0.903981 0.734375 2
0 0.949098 0.497641 0.0903279 0.11675 0.929742 0.460937 2 0.936768 0.457812 2 0.920374 0.457812 2 0 0 0 0 0 0 0.960187 0.479687 2 0.911007 0.48125 1 0 0 0 0 0 0 0 0 0 0 0 0 0 0 0 0 0 0 0 0 0 0 0 0 0 0 0 0 0 0
0 0.941077 0.411016 0.0994848 0.0764375 0.93911 0.392187 2 0.946135 0.389062 2 0.932084 0.389062 2 0.957845 0.389062 2 0 0 0 0.974238 0.410937 2 0 0 0 0.960187 0.434375 2 0 0 0 0.9274 0.41875 2 0.9274 0.420312 2 0.969555 0.45625 1 0 0 0 0.913348 0.421875 2 0 0 0 0.901639 0.45625 1 0 0 0
0 0.846265 0.422273 0.134262 0.113766 0.875878 0.38125 2 0.885245 0.378125 2 0.871194 0.375 2 0.889929 0.385937 2 0 0 0 0.892271 0.407812 2 0.826697 0.401562 2 0.882903 0.4375 2 0.798594 0.43125 2 0.86651 0.407812 2 0.765807 0.451562 1 0.868852 0.457812 1 0.812646 0.45625 2 0 0 0 0 0 0 0 0 0 0 0 0
0 0.537307 0.421344 0.0830913 0.0758438 0.526932 0.404687 2 0.533957 0.4 2 0.522248 0.401562 2 0.545667 0.401562 2 0 0 0 0.569086 0.417187 2 0.505854 0.423437 2 0.552693 0.4375 2 0.498829 0.440625 2 0.543325 0.4125 2 0.529274 0.44375 2 0.552693 0.46875 1 0.505854 0.470312 1 0 0 0 0 0 0 0 0 0 0 0 0
0 0.407927 0.419852 0.166581 0.0706094 0.449648 0.401562 2 0.456674 0.398437 2 0.444964 0.398437 2 0.466042 0.403125 2 0.435597 0.404687 2 0.475409 0.425 2 0.423887 0.43125 2 0.475409 0.45 1 0.388758 0.446875 2 0 0 0 0.344262 0.445312 2 0 0 0 0 0 0 0 0 0 0 0 0 0 0 0 0 0 0
0 0.286464 0.540141 0.135644 0.105625 0.29274 0.510937 2 0.297423 0.507812 2 0.285714 0.507812 2 0.316159 0.512499 2 0.274004 0.512499 2 0.33021 0.539062 2 0.248243 0.539062 2 0.332552 0.584375 2 0.227166 0.585937 2 0.274004 0.585937 1 0.276346 0.5875 1 0 0 0 0 0 0 0 0 0 0 0 0 0 0 0 0 0 0
0 0.2863 0.604703 0.132881 0.104719 0.283372 0.576562 2 0.29274 0.570312 2 0.274004 0.571875 2 0.304449 0.576562 2 0.26932 0.575 2 0.318501 0.595312 2 0.262295 0.595312 2 0.34192 0.639062 2 0.227166 0.604687 2 0.311475 0.617187 2 0.245901 0.573437 2 0.299765 0.664062 1 0.259953 0.664062 1 0 0 0 0 0 0 0 0 0 0 0 0
0 0.467342 0.624148 0.166768 0.0662969 0.489461 0.623437 2 0.496487 0.61875 2 0.482435 0.61875 2 0.508196 0.621875 2 0 0 0 0.52459 0.648437 2 0.456674 0.639062 2 0.519906 0.684375 1 0.40281 0.610937 2 0.482435 0.64375 2 0.45199 0.601562 2 0 0 0 0 0 0 0 0 0 0 0 0 0 0 0 0 0 0
0 0.899157 0.514992 0.111569 0.127516 0.889929 0.476562 2 0.896955 0.473437 2 0.882903 0.473437 2 0.911007 0.475 2 0.873536 0.475 2 0.929742 0.504687 2 0.857142 0.507812 2 0.925058 0.534375 2 0.843091 0.546875 1 0.892271 0.504687 2 0 0 0 0.922716 0.575 2 0.86651 0.575 1 0 0 0 0 0 0 0 0 0 0 0 0
0 0.107178 0.604977 0.151311 0.100953 0 0 0 0 0 0 0 0 0 0.131147 0.570312 1 0 0 0 0.15925 0.592187 2 0.084309 0.598437 2 0.138173 0.626562 2 0.03747 0.576562 2 0.114754 0.592187 2 0.084309 0.5625 2 0.149882 0.670312 1 0.088992 0.670312 1 0 0 0 0 0 0 0 0 0 0 0 0
0 0.16452 0.550547 0.125293 0.0984375 0.161592 0.526562 2 0.168618 0.523437 2 0.154566 0.523437 2 0.182669 0.528125 2 0.142857 0.528125 2 0.199063 0.54375 2 0.124121 0.546875 2 0.206088 0.582812 2 0 0 0 0.166276 0.595312 1 0 0 0 0.180327 0.598437 2 0.133489 0.598437 1 0 0 0 0 0 0 0 0 0 0 0 0
0 0.758115 0.196078 0.0789461 0.0799062 0.761124 0.175 2 0.768149 0.171875 2 0.75644 0.171875 2 0.775175 0.173437 2 0.751756 0.173437 2 0.786885 0.195312 2 0.737704 0.19375 2 0.786885 0.220312 2 0.725995 0.21875 2 0.761124 0.225 2 0.742388 0.223437 2 0.763466 0.23125 2 0.737704 0.228125 2 0 0 0 0 0 0 0 0 0 0 0 0
0 0.5 0.335938 0.995316 0.671875 0 0 0 0 0 0 0 0 0 0 0 0 0 0 0 0 0 0 0 0 0 0 0 0 0 0 0 0 0 0 0 0 0 0 0 0 0 0 0 0 0 0 0 0 0 0 0 0 0 0 0
