0 0.0480312 0.66325 0.0960625 0.526417 0 0 0 0 0 0 0 0 0 0 0 0 0.032812 0.44375 2 0 0 0 0.051562 0.50625 2 0 0 0 0.078125 0.595833 2 0 0 0 0.04375 0.666666 2 0.001562 0.635416 2 0.054687 0.63125 2 0.021875 0.758333 2 0.070312 0.7625 2 0.028125 0.875 2 0.064062 0.8875 2
0 0.372617 0.272021 0.0242344 0.0707917 0 0 0 0 0 0 0 0 0 0 0 0 0 0 0 0 0 0 0 0 0 0 0 0 0 0 0 0 0 0 0 0 0 0 0 0 0 0 0 0 0 0 0 0 0 0 0 0 0 0 0
0 0.823516 0.53725 0.094125 0.212667 0 0 0 0 0 0 0 0 0 0.826562 0.4625 2 0.848437 0.460416 2 0.825 0.491666 2 0.859375 0.483333 2 0.820312 0.539583 1 0 0 0 0.803125 0.529166 2 0.80625 0.522916 2 0.840625 0.56875 1 0.865625 0.56875 1 0.821875 0.552083 2 0.814062 0.545833 1 0.835937 0.616666 2 0.801562 0.597916 1
0 0.154211 0.589896 0.133141 0.496625 0 0 0 0 0 0 0 0 0 0.114062 0.391666 2 0 0 0 0.117187 0.447916 2 0.175 0.4375 2 0.1 0.55 2 0.207812 0.514583 2 0 0 0 0 0 0 0.151562 0.572916 2 0.18125 0.566666 2 0.154687 0.714583 2 0.179687 0.660416 2 0.175 0.802083 2 0.192187 0.758333 2
0 0.297258 0.327385 0.0343594 0.118104 0 0 0 0 0 0 0 0 0 0 0 0 0 0 0 0 0 0 0 0 0 0 0 0 0 0 0 0 0 0 0 0 0 0 0 0 0 0 0 0 0 0 0 0 0 0 0 0 0 0 0
0 0.200109 0.31449 0.0360313 0.116854 0 0 0 0 0 0 0 0 0 0 0 0 0 0 0 0 0 0 0 0 0 0 0 0 0 0 0 0 0 0 0 0 0 0 0 0 0 0 0 0 0 0 0 0 0 0 0 0 0 0 0
0 0.743625 0.510333 0.0805625 0.182625 0 0 0 0 0 0 0 0 0 0 0 0 0 0 0 0.720312 0.464583 2 0.7375 0.472916 2 0 0 0 0.720312 0.510416 2 0 0 0 0.739062 0.510416 2 0.715625 0.516666 1 0.728125 0.527083 1 0.760937 0.512499 2 0.76875 0.5375 2 0.7625 0.572916 2 0.751562 0.5875 1
0 0.924172 0.523062 0.138375 0.190375 0 0 0 0 0 0 0 0 0 0.960937 0.458333 2 0 0 0 0.953125 0.491666 2 0.985937 0.4875 2 0.926562 0.527083 2 0.965625 0.479166 2 0.9125 0.529166 2 0.945312 0.479166 2 0.94375 0.566666 2 0.973437 0.564583 1 0.901562 0.535416 2 0 0 0 0.882812 0.602083 1 0 0 0
0 0.315969 0.300823 0.0252188 0.111562 0 0 0 0 0 0 0 0 0 0 0 0 0 0 0 0 0 0 0 0 0 0 0 0 0 0 0 0 0 0 0 0 0 0 0 0 0 0 0 0 0 0 0 0 0 0 0 0 0 0 0
0 0.658539 0.433448 0.0699844 0.215604 0 0 0 0 0 0 0 0 0 0.654687 0.341666 2 0.671875 0.339583 2 0.646875 0.358333 2 0.678125 0.3625 2 0.626562 0.379166 2 0.685937 0.39375 2 0.63125 0.39375 2 0 0 0 0.65 0.420833 2 0.667187 0.420833 2 0.646875 0.464583 2 0.665625 0.472916 2 0.64375 0.5 2 0.664062 0.520833 2
0 0.419664 0.282042 0.0346406 0.0512083 0 0 0 0 0 0 0 0 0 0 0 0 0 0 0 0 0 0 0 0 0 0 0 0 0 0 0 0 0 0 0 0 0 0 0 0 0 0 0 0 0 0 0 0 0 0 0 0 0 0 0
0 0.284133 0.414146 0.0611094 0.0829583 0 0 0 0 0 0 0 0 0 0 0 0 0 0 0 0 0 0 0 0 0 0 0 0 0 0 0 0 0 0 0 0 0 0 0 0 0 0 0 0 0 0 0 0 0 0 0 0 0 0 0
0 0.321875 0.3125 0.20625 0.129167 0 0 0 0 0 0 0 0 0 0 0 0 0 0 0 0 0 0 0 0 0 0 0 0 0 0 0 0 0 0 0 0 0 0 0 0 0 0 0 0 0 0 0 0 0 0 0 0 0 0 0
