0 0.823949 0.406617 0.306028 0.365984 0.712616 0.273437 2 0.714953 0.265625 2 0 0 0 0.74299 0.265625 2 0 0 0 0.726635 0.298437 2 0.838785 0.29375 2 0.764018 0.359375 2 0.939252 0.365625 2 0 0 0 0 0 0 0.864485 0.401562 1 0.92757 0.395312 2 0 0 0 0.904205 0.4625 2 0 0 0 0.948598 0.564062 2
0 0.104638 0.378859 0.209276 0.401813 0 0 0 0 0 0 0 0 0 0 0 0 0 0 0 0 0 0 0.091121 0.24375 2 0 0 0 0.182242 0.245312 2 0 0 0 0.149532 0.220312 1 0 0 0 0.018691 0.382812 2 0 0 0 0.107476 0.464062 2 0 0 0 0.100467 0.582812 1
0 0.577582 0.610922 0.643248 0.778156 0.324766 0.35 1 0.334112 0.325 2 0 0 0 0.373831 0.332812 2 0 0 0 0.602803 0.389062 2 0.371495 0.446875 2 0.841121 0.415625 2 0.308411 0.573437 2 0.609813 0.415625 2 0.436915 0.4875 2 0.684579 0.776562 2 0.490654 0.775 2 0 0 0 0 0 0 0 0 0 0 0 0
0 0.195082 0.0769766 0.167266 0.0767031 0.186915 0.059375 2 0.191588 0.053125 2 0.17757 0.054687 2 0 0 0 0 0 0 0.214953 0.076562 2 0.198598 0.076562 2 0.179906 0.090625 2 0.163551 0.089062 2 0.156542 0.1 2 0.133177 0.096875 2 0.268691 0.1 1 0.252336 0.1 1 0 0 0 0 0 0 0 0 0 0 0 0
0 0.82 0.0721563 0.101495 0.067375 0 0 0 0 0 0 0 0 0 0 0 0 0 0 0 0 0 0 0 0 0 0 0 0 0 0 0 0 0 0 0 0 0 0 0 0 0 0 0 0 0 0 0 0 0 0 0 0 0 0 0
0 0.934579 0.0711172 0.0921495 0.0704219 0.922897 0.059375 2 0.92757 0.054687 2 0.913551 0.054687 2 0.936915 0.053125 2 0.908878 0.054687 2 0.957943 0.070312 2 0.894859 0.070312 1 0.967289 0.089062 2 0.892523 0.098437 2 0.934579 0.098437 2 0.925233 0.098437 2 0 0 0 0 0 0 0 0 0 0 0 0 0 0 0 0 0 0
0 0.0883528 0.0629297 0.0409112 0.0501406 0 0 0 0 0 0 0 0 0 0 0 0 0 0 0 0 0 0 0 0 0 0 0 0 0 0 0 0 0 0 0 0 0 0 0 0 0 0 0 0 0 0 0 0 0 0 0 0 0 0 0
0 0.524638 0.0693281 0.125818 0.0562813 0 0 0 0 0 0 0 0 0 0 0 0 0 0 0 0.563084 0.067187 2 0.514018 0.065625 2 0.570093 0.090625 2 0.488317 0.08125 2 0 0 0 0.464953 0.092187 1 0.553738 0.109375 1 0.518691 0.109375 1 0 0 0 0 0 0 0 0 0 0 0 0
0 0.306589 0.057375 0.121262 0.0474687 0 0 0 0 0 0 0 0 0 0 0 0 0 0 0 0 0 0 0 0 0 0 0 0 0 0 0 0 0 0 0 0 0 0 0 0 0 0 0 0 0 0 0 0 0 0 0 0 0 0 0
0 0.0456776 0.0633203 0.0901402 0.0530781 0 0 0 0 0 0 0 0 0 0 0 0 0 0 0 0 0 0 0 0 0 0 0 0 0 0 0 0 0 0 0 0 0 0 0 0 0 0 0 0 0 0 0 0 0 0 0 0 0 0 0
0 0.677687 0.0771797 0.0728505 0.0674219 0 0 0 0 0 0 0 0 0 0 0 0 0 0 0 0 0 0 0 0 0 0 0 0 0 0 0 0 0 0 0 0 0 0 0 0 0 0 0 0 0 0 0 0 0 0 0 0 0 0 0
