0 0.290195 0.361083 0.113047 0.425667 0.270312 0.197222 2 0.276562 0.186111 2 0.264062 0.186111 2 0 0 0 0.253125 0.188888 2 0.284375 0.233333 2 0.246875 0.258333 2 0.29375 0.3 2 0.260937 0.327777 2 0.309375 0.347222 2 0.289062 0.375 2 0.2875 0.352777 2 0.251562 0.369444 2 0.33125 0.380555 2 0.284375 0.413888 2 0 0 0 0.253125 0.513888 2
0 0.509727 0.164833 0.0591719 0.172944 0.50625 0.113888 2 0.509375 0.108333 2 0.504687 0.108333 2 0.515625 0.108333 2 0.498437 0.113888 2 0.51875 0.133333 2 0.509375 0.141666 2 0.51875 0.183333 2 0 0 0 0.496875 0.202777 2 0 0 0 0.525 0.202777 2 0.514062 0.202777 2 0.484375 0.222222 2 0 0 0 0.523437 0.247222 1 0 0 0
0 0.754414 0.362 0.137891 0.417833 0.714062 0.211111 2 0.717187 0.205555 2 0 0 0 0.732812 0.208333 2 0 0 0 0.759375 0.247222 2 0.707812 0.255555 2 0.770312 0.316666 2 0.704687 0.330555 2 0.773437 0.377777 2 0.74375 0.361111 2 0.760937 0.375 2 0.725 0.380555 2 0.8125 0.411111 2 0.757812 0.411111 2 0.790625 0.488888 1 0.707812 0.469444 2
0 0.851281 0.194139 0.0714375 0.210667 0 0 0 0 0 0 0 0 0 0.839062 0.116666 2 0 0 0 0.848437 0.130555 2 0.86875 0.127777 1 0.860937 0.158333 2 0 0 0 0.859375 0.188888 2 0 0 0 0.8625 0.2 2 0.875 0.2 2 0.825 0.230555 2 0.848437 0.233333 2 0.85625 0.261111 2 0 0 0
0 0.28857 0.0931667 0.0391406 0.124222 0 0 0 0 0 0 0 0 0 0 0 0 0 0 0 0 0 0 0 0 0 0 0 0 0 0 0 0 0 0 0 0 0 0 0 0 0 0 0 0 0 0 0 0 0 0 0 0 0 0 0
0 0.19475 0.169417 0.0521563 0.278333 0.182812 0.077777 2 0.185937 0.069444 2 0.178125 0.069444 2 0.192187 0.072222 2 0 0 0 0.203125 0.108333 2 0.182812 0.105555 2 0.207812 0.155555 2 0 0 0 0.185937 0.175 2 0 0 0 0.2 0.177777 2 0.189062 0.175 2 0.182812 0.211111 2 0 0 0 0.184375 0.286111 2 0 0 0
0 0.519914 0.103958 0.0322031 0.0919167 0 0 0 0 0 0 0 0 0 0 0 0 0 0 0 0 0 0 0 0 0 0 0 0 0 0 0 0 0 0 0 0 0 0 0 0 0 0 0 0 0 0 0 0 0 0 0 0 0 0 0
0 0.13332 0.11725 0.0443594 0.202 0 0 0 0 0 0 0 0 0 0 0 0 0 0 0 0 0 0 0 0 0 0 0 0 0 0 0 0 0 0 0 0 0 0 0 0 0 0 0 0 0 0 0 0 0 0 0 0 0 0 0
0 0.019625 0.169014 0.03925 0.336861 0 0 0 0 0 0 0 0 0 0 0 0 0 0 0 0 0 0 0 0 0 0 0 0 0 0 0 0 0 0 0 0 0 0 0 0 0 0 0 0 0 0 0 0 0 0 0 0 0 0 0
0 0.257234 0.157306 0.0290625 0.0629444 0 0 0 0 0 0 0 0 0 0 0 0 0 0 0 0 0 0 0 0 0 0 0 0 0 0 0 0 0 0 0 0 0 0 0 0 0 0 0 0 0 0 0 0 0 0 0 0 0 0 0
