0 0.362242 0.509406 0.0181094 0.0633542 0 0 0 0 0 0 0 0 0 0 0 0 0 0 0 0 0 0 0 0 0 0 0 0 0 0 0 0 0 0 0 0 0 0 0 0 0 0 0 0 0 0 0 0 0 0 0 0 0 0 0
0 0.437367 0.568708 0.0689531 0.202083 0 0 0 0 0 0 0 0 0 0.423437 0.485416 2 0 0 0 0.423437 0.497916 2 0.448437 0.497916 2 0.415625 0.535416 2 0 0 0 0.407812 0.558333 2 0 0 0 0.445312 0.54375 2 0.465625 0.541666 2 0.440625 0.59375 2 0.44375 0.579166 2 0.446875 0.647916 2 0.454687 0.620833 2
0 0.119172 0.540896 0.0252812 0.0893333 0 0 0 0 0 0 0 0 0 0 0 0 0 0 0 0 0 0 0 0 0 0 0 0 0 0 0 0 0 0 0 0 0 0 0 0 0 0 0 0 0 0 0 0 0 0 0 0 0 0 0
0 0.145734 0.537125 0.0440938 0.1065 0 0 0 0 0 0 0 0 0 0 0 0 0 0 0 0 0 0 0 0 0 0 0 0 0 0 0 0 0 0 0 0 0 0 0 0 0 0 0 0 0 0 0 0 0 0 0 0 0 0 0
0 0.169 0.536479 0.0305 0.0967917 0 0 0 0 0 0 0 0 0 0 0 0 0 0 0 0 0 0 0 0 0 0 0 0 0 0 0 0 0 0 0 0 0 0 0 0 0 0 0 0 0 0 0 0 0 0 0 0 0 0 0
0 0.520961 0.505823 0.0204844 0.0805625 0 0 0 0 0 0 0 0 0 0 0 0 0 0 0 0 0 0 0 0 0 0 0 0 0 0 0 0 0 0 0 0 0 0 0 0 0 0 0 0 0 0 0 0 0 0 0 0 0 0 0
0 0.596688 0.554406 0.113969 0.386271 0.567187 0.470833 1 0.567187 0.4625 2 0 0 0 0.576562 0.454166 2 0 0 0 0.59375 0.472916 2 0.598437 0.44375 2 0.625 0.489583 2 0.620312 0.414583 2 0.609375 0.525 2 0.639062 0.38125 2 0.623437 0.554166 2 0.609375 0.539583 2 0.6 0.635416 2 0.56875 0.5625 2 0.5875 0.704166 2 0.56875 0.604166 2
0 0.382875 0.503979 0.016625 0.068875 0 0 0 0 0 0 0 0 0 0 0 0 0 0 0 0 0 0 0 0 0 0 0 0 0 0 0 0 0 0 0 0 0 0 0 0 0 0 0 0 0 0 0 0 0 0 0 0 0 0 0
0 0.273297 0.526521 0.0246562 0.0780417 0 0 0 0 0 0 0 0 0 0 0 0 0 0 0 0 0 0 0 0 0 0 0 0 0 0 0 0 0 0 0 0 0 0 0 0 0 0 0 0 0 0 0 0 0 0 0 0 0 0 0
0 0.334773 0.517385 0.0142969 0.0719375 0 0 0 0 0 0 0 0 0 0 0 0 0 0 0 0 0 0 0 0 0 0 0 0 0 0 0 0 0 0 0 0 0 0 0 0 0 0 0 0 0 0 0 0 0 0 0 0 0 0 0
0 0.651328 0.518198 0.02675 0.0728542 0 0 0 0 0 0 0 0 0 0 0 0 0 0 0 0 0 0 0 0 0 0 0 0 0 0 0 0 0 0 0 0 0 0 0 0 0 0 0 0 0 0 0 0 0 0 0 0 0 0 0
0 0.324695 0.513542 0.0114531 0.0728333 0 0 0 0 0 0 0 0 0 0 0 0 0 0 0 0 0 0 0 0 0 0 0 0 0 0 0 0 0 0 0 0 0 0 0 0 0 0 0 0 0 0 0 0 0 0 0 0 0 0 0
0 0.313508 0.513854 0.0166406 0.0774583 0 0 0 0 0 0 0 0 0 0 0 0 0 0 0 0 0 0 0 0 0 0 0 0 0 0 0 0 0 0 0 0 0 0 0 0 0 0 0 0 0 0 0 0 0 0 0 0 0 0 0
0 0.5 0.501042 0.996875 0.210417 0 0 0 0 0 0 0 0 0 0 0 0 0 0 0 0 0 0 0 0 0 0 0 0 0 0 0 0 0 0 0 0 0 0 0 0 0 0 0 0 0 0 0 0 0 0 0 0 0 0 0
