0 0.419254 0.61011 0.462866 0.3573 0.620895 0.468 2 0.62388 0.464 2 0.61194 0.462 2 0 0 0 0 0 0 0.620895 0.51 2 0.522388 0.492 2 0.534328 0.552 2 0.465671 0.534 2 0.453731 0.53 2 0.474626 0.61 2 0.489552 0.586 2 0.444776 0.552 2 0.376119 0.632 2 0.43582 0.644 2 0.271641 0.564 2 0.441791 0.762 2
0 0.813299 0.48705 0.141642 0.12898 0.844776 0.446 2 0.850746 0.442 2 0.841791 0.442 2 0 0 0 0 0 0 0.874626 0.458 2 0.82985 0.458 2 0.892537 0.456 1 0.81791 0.48 2 0.868656 0.442 2 0.80597 0.484 2 0.83582 0.494 2 0.81791 0.49 2 0.791044 0.498 2 0.788059 0.486 2 0.779104 0.538 2 0.767164 0.52 2
0 0.721418 0.49404 0.122657 0.11368 0 0 0 0 0 0 0 0 0 0 0 0 0 0 0 0 0 0 0 0 0 0 0 0 0 0 0 0 0 0 0 0 0 0 0 0 0 0 0 0 0 0 0 0 0 0 0 0 0 0 0
0 0.742851 0.43136 0.0871343 0.06004 0 0 0 0 0 0 0 0 0 0 0 0 0 0 0 0 0 0 0 0 0 0 0 0 0 0 0 0 0 0 0 0 0 0 0 0 0 0 0 0 0 0 0 0 0 0 0 0 0 0 0
0 0.727239 0.41512 0.0761493 0.08032 0 0 0 0 0 0 0 0 0 0 0 0 0 0 0 0 0 0 0 0 0 0 0 0 0 0 0 0 0 0 0 0 0 0 0 0 0 0 0 0 0 0 0 0 0 0 0 0 0 0 0
0 0.267299 0.50366 0.123612 0.07264 0 0 0 0 0 0 0 0 0 0 0 0 0 0 0 0 0 0 0 0 0 0 0 0 0 0 0 0 0 0 0 0 0 0 0 0 0 0 0 0 0 0 0 0 0 0 0 0 0 0 0
0 0.192627 0.51475 0.0494925 0.04014 0 0 0 0 0 0 0 0 0 0 0 0 0 0 0 0 0 0 0 0 0 0 0 0 0 0 0 0 0 0 0 0 0 0 0 0 0 0 0 0 0 0 0 0 0 0 0 0 0 0 0
0 0.110284 0.4918 0.0398507 0.09536 0 0 0 0 0 0 0 0 0 0 0 0 0 0 0 0 0 0 0 0 0 0 0 0 0 0 0 0 0 0 0 0 0 0 0 0 0 0 0 0 0 0 0 0 0 0 0 0 0 0 0
0 0.641388 0.34969 0.130239 0.1079 0.63582 0.314 2 0.638805 0.31 2 0.632835 0.312 2 0.647761 0.312 2 0 0 0 0.659701 0.328 2 0.614925 0.328 2 0.677611 0.342 2 0 0 0 0.653731 0.354 2 0 0 0 0.647761 0.36 2 0.608955 0.36 2 0.62985 0.366 2 0.585074 0.36 2 0.626865 0.392 2 0.6 0.392 2
0 0.619716 0.25081 0.0519701 0.08062 0 0 0 0 0 0 0 0 0 0 0 0 0 0 0 0 0 0 0 0 0 0 0 0 0 0 0 0 0 0 0 0 0 0 0 0 0 0 0 0 0 0 0 0 0 0 0 0 0 0 0
0 0.559075 0.25907 0.0761791 0.11362 0 0 0 0 0 0 0 0 0 0 0 0 0 0 0 0 0 0 0 0 0 0 0 0 0 0 0 0 0 0 0 0 0 0 0 0 0 0 0 0 0 0 0 0 0 0 0 0 0 0 0
0 0.50597 0.46993 0.0960597 0.05174 0 0 0 0 0 0 0 0 0 0 0 0 0 0 0 0 0 0 0 0 0 0 0 0 0 0 0 0 0 0 0 0 0 0 0 0 0 0 0 0 0 0 0 0 0 0 0 0 0 0 0
0 0.498373 0.26604 0.0636716 0.10828 0 0 0 0 0 0 0 0 0 0 0 0 0 0 0 0 0 0 0 0 0 0 0 0 0 0 0 0 0 0 0 0 0 0 0 0 0 0 0 0 0 0 0 0 0 0 0 0 0 0 0
0 0.5 0.378 0.99403 0.424 0 0 0 0 0 0 0 0 0 0 0 0 0 0 0 0 0 0 0 0 0 0 0 0 0 0 0 0 0 0 0 0 0 0 0 0 0 0 0 0 0 0 0 0 0 0 0 0 0 0 0
