0 0.377375 0.604859 0.485781 0.779789 0.298437 0.348946 2 0.3125 0.33021 2 0.264062 0.339578 2 0.335937 0.384074 2 0.217187 0.407494 2 0.34375 0.632318 2 0.2375 0.494145 2 0.401562 0.903981 2 0.370312 0.529274 2 0.484375 0.711943 2 0.510937 0.407494 2 0 0 0 0 0 0 0 0 0 0 0 0 0 0 0 0 0 0
0 0.500016 0.219801 0.234938 0.424379 0.485937 0.056206 2 0.5 0.042154 2 0.470312 0.046838 2 0.515625 0.053864 2 0.435937 0.072599 2 0.55625 0.154566 2 0.4125 0.196721 2 0.59375 0.304449 2 0.478125 0.351288 2 0 0 0 0.553125 0.323185 2 0 0 0 0.459375 0.437939 1 0 0 0 0.535937 0.407494 1 0 0 0 0.528125 0.615925 1
0 0.88232 0.565609 0.235359 0.777541 0.882812 0.276346 2 0.892187 0.255269 2 0.86875 0.252927 2 0 0 0 0.825 0.271662 1 0.935937 0.40281 2 0.804687 0.412177 2 0.990625 0.480093 2 0.83125 0.543325 2 0.985937 0.557377 2 0.940625 0.533957 2 0.98125 0.653395 2 0.90625 0.676814 1 0 0 0 0.965625 0.843091 2 0 0 0 0 0 0
0 0.0712187 0.615726 0.142437 0.759555 0.010937 0.353629 2 0.025 0.332552 2 0 0 0 0 0 0 0 0 0 0.057812 0.435597 2 0 0 0 0.103125 0.608899 1 0 0 0 0.128124 0.768149 2 0 0 0 0.096875 0.740046 2 0.004687 0.747072 1 0.157812 0.882903 1 0.0875 0.901639 2 0 0 0 0 0 0
0 0.136008 0.372037 0.184078 0.470632 0.201562 0.262295 2 0.207812 0.234192 2 0.178125 0.234192 2 0 0 0 0.134375 0.238875 2 0 0 0 0.110937 0.381733 2 0 0 0 0.204687 0.583138 1 0 0 0 0 0 0 0 0 0 0 0 0 0 0 0 0 0 0 0 0 0 0 0 0
0 0.137187 0.181651 0.214406 0.341569 0.135937 0.03747 2 0.148437 0.025761 2 0.117187 0.025761 2 0 0 0 0.082812 0.039812 2 0.195312 0.145199 2 0.073437 0.180327 2 0 0 0 0.085937 0.337236 2 0 0 0 0 0 0 0 0 0 0 0 0 0 0 0 0 0 0 0 0 0 0 0 0
0 0.677297 0.150141 0.210781 0.297939 0.682812 0.039812 2 0.690625 0.025761 2 0.667187 0.028103 2 0 0 0 0.628125 0.046838 2 0.734375 0.135831 1 0.609375 0.15925 2 0.773437 0.302107 1 0.604687 0.323185 1 0 0 0 0 0 0 0 0 0 0 0 0 0 0 0 0 0 0 0 0 0 0 0 0
0 0.876148 0.175726 0.200016 0.351452 0.875 0.053864 2 0.884375 0.035128 2 0.8625 0.030444 2 0 0 0 0.825 0.053864 1 0.90625 0.161592 2 0.78125 0.166276 2 0.978125 0.295081 1 0.79375 0.306791 1 0.934375 0.163934 2 0.875 0.173302 2 0 0 0 0 0 0 0 0 0 0 0 0 0 0 0 0 0 0
0 0.234922 0.0844496 0.153562 0.168899 0 0 0 0 0 0 0 0 0 0 0 0 0 0 0 0 0 0 0 0 0 0 0 0 0 0 0 0 0 0 0 0 0 0 0 0 0 0 0 0 0 0 0 0 0 0 0 0 0 0 0
0 0.780859 0.592588 0.418438 0.780258 0.676562 0.318501 1 0.685937 0.29274 1 0.657812 0.29274 1 0 0 0 0.621875 0.309133 2 0.73125 0.409836 2 0.610937 0.423887 2 0.792187 0.555035 2 0.632812 0.569086 2 0.670312 0.555035 2 0.759375 0.540983 2 0.789062 0.718969 2 0.707812 0.754098 2 0.879687 0.704918 2 0.865625 0.810304 2 0.921875 0.981264 1 0 0 0
0 0.335328 0.267529 0.136906 0.410375 0.328125 0.154566 2 0.335937 0.140515 2 0.3125 0.138173 2 0 0 0 0.282812 0.149882 2 0.3625 0.271662 2 0.251562 0.257611 1 0 0 0 0 0 0 0 0 0 0 0 0 0.353125 0.473067 1 0.28125 0.470725 1 0 0 0 0 0 0 0 0 0 0 0 0
