0 0.677492 0.408988 0.0925156 0.6472 0 0 0 0 0 0 0 0 0 0 0 0 0 0 0 0 0 0 0 0 0 0 0 0 0 0 0 0 0 0 0 0 0 0 0 0 0 0 0 0.657812 0.303529 2 0.679687 0.303529 2 0.660937 0.654117 2 0.68125 0.649411 2
0 0.527516 0.396635 0.24025 0.788753 0 0 0 0 0 0 0 0 0 0 0 0 0 0 0 0 0 0 0 0 0 0 0 0 0 0 0 0 0 0 0 0 0 0 0 0 0 0 0 0.553125 0.343529 2 0.621875 0.334117 2 0.528125 0.698823 2 0.6 0.687058 2
0 0.395313 0.330941 0.156344 0.654729 0 0 0 0 0 0 0 0 0 0 0 0 0 0 0 0 0 0 0 0 0 0 0 0 0 0 0 0 0 0 0 0 0 0.3875 0.021176 2 0.375 0.021176 2 0.415625 0.317647 2 0.398437 0.324705 2 0.43125 0.590588 2 0.407812 0.574117 2
0 0.318297 0.324071 0.150625 0.640471 0 0 0 0 0 0 0 0 0 0 0 0 0 0 0 0 0 0 0 0 0 0 0 0 0 0 0 0 0 0 0 0 0 0.346875 0.054117 1 0.282812 0.044705 2 0.354687 0.32 2 0.303125 0.327058 2 0.357812 0.571764 2 0.314062 0.562352 2
0 0.100203 0.306306 0.140594 0.601365 0 0 0 0 0 0 0 0 0 0 0 0 0 0 0 0 0 0 0 0 0 0 0 0 0 0 0 0 0 0 0 0 0 0.096875 0.065882 2 0.13125 0.063529 2 0.110937 0.308235 2 0.142187 0.303529 2 0.115625 0.529411 2 0.140625 0.524705 2
0 0.0299141 0.298424 0.0598281 0.5856 0 0 0 0 0 0 0 0 0 0 0 0 0 0 0 0 0 0 0 0 0 0 0 0 0 0 0 0 0 0 0 0 0 0.05 0.028235 1 0 0 0 0.003125 0.305882 2 0.026562 0.310588 2 0 0 0 0.045312 0.541176 2
0 0.196719 0.132141 0.0570625 0.262776 0.196875 0.01647 2 0.2 0.011764 2 0.195312 0.011764 2 0.20625 0.014117 2 0.189062 0.014117 2 0.2125 0.047058 2 0.18125 0.047058 2 0.21875 0.091764 2 0.184375 0.077647 1 0.2125 0.070588 2 0.196875 0.063529 2 0.20625 0.129411 2 0.182812 0.129411 2 0.2 0.190588 2 0.18125 0.181176 2 0.19375 0.242352 2 0.18125 0.230588 2
0 0.913539 0.123141 0.0449844 0.0656235 0 0 0 0 0 0 0 0 0 0 0 0 0 0 0 0 0 0 0 0 0 0 0 0 0 0 0 0 0 0 0 0 0 0 0 0 0 0 0 0 0 0 0 0 0 0 0 0 0 0 0
0 0.846148 0.166024 0.0320469 0.134306 0 0 0 0 0 0 0 0 0 0 0 0 0 0 0 0 0 0 0 0 0 0 0 0 0 0 0 0 0 0 0 0 0 0 0 0 0 0 0 0 0 0 0 0 0 0 0 0 0 0 0
0 0.757789 0.154306 0.0382031 0.0563765 0 0 0 0 0 0 0 0 0 0 0 0 0 0 0 0 0 0 0 0 0 0 0 0 0 0 0 0 0 0 0 0 0 0 0 0 0 0 0 0 0 0 0 0 0 0 0 0 0 0 0
