0 0.443187 0.483141 0.0684063 0.211224 0 0 0 0 0 0 0 0 0 0 0 0 0 0 0 0 0 0 0 0 0 0 0 0 0 0 0 0.471875 0.408775 2 0.415625 0.415704 2 0.454687 0.404157 2 0.43125 0.401847 2 0.454687 0.480369 2 0.429687 0.47806 2 0.460937 0.556581 2 0.435937 0.554272 2
0 0.332133 0.111836 0.0692031 0.17642 0 0 0 0 0 0 0 0 0 0 0 0 0 0 0 0 0 0 0 0 0 0 0 0 0 0 0 0 0 0 0 0 0 0 0 0 0 0 0 0.314062 0.071593 2 0.346875 0.071593 2 0.323437 0.147806 2 0.353125 0.1709 2
0 0.48575 0.123603 0.196125 0.206744 0 0 0 0 0 0 0 0 0 0 0 0 0 0 0 0 0 0 0 0 0 0 0 0 0 0 0 0 0 0 0 0 0 0 0 0 0 0 0 0.510937 0.071593 2 0.401562 0.025404 2 0.564062 0.189376 2 0.423437 0.154734 2
0 0.660469 0.0769977 0.0750313 0.105127 0 0 0 0 0 0 0 0 0 0 0 0 0 0 0 0 0 0 0 0 0 0 0 0 0 0 0 0 0 0 0 0 0 0 0 0 0 0 0 0.64375 0.032332 2 0.676562 0.032332 2 0.634375 0.108545 2 0.68125 0.106235 2
0 0.738891 0.744942 0.0699375 0.0696536 0 0 0 0 0 0 0 0 0 0 0 0 0 0 0 0 0 0 0 0 0 0 0 0 0 0 0 0 0 0 0 0 0 0 0 0 0 0 0 0 0 0 0 0 0 0 0 0 0 0 0
0 0.906133 0.152806 0.155078 0.26067 0 0 0 0 0 0 0 0 0 0 0 0 0 0 0 0 0 0 0 0 0 0 0 0 0 0 0 0 0 0 0 0 0 0 0 0 0 0 0 0.959375 0.036951 2 0 0 0 0.867187 0.200923 2 0.953125 0.221709 2
0 0.115547 0.483152 0.127719 0.19776 0 0 0 0 0 0 0 0 0 0 0 0 0 0 0 0 0 0 0 0 0 0 0 0 0 0 0 0 0 0 0 0 0 0 0 0 0 0 0 0.08125 0.374133 1 0.129687 0.376443 1 0.101562 0.468822 2 0.139062 0.517321 2
0 0.831336 0.487136 0.0761719 0.208176 0 0 0 0 0 0 0 0 0 0 0 0 0 0 0 0 0 0 0 0 0 0 0 0 0 0 0 0 0 0 0 0 0 0.8125 0.337182 1 0.846875 0.337182 1 0.815625 0.452655 2 0.832812 0.454965 2 0.834375 0.558891 2 0.834375 0.547344 2
0 0.320039 0.774157 0.0805781 0.173025 0 0 0 0 0 0 0 0 0 0 0 0 0 0 0 0 0 0 0 0 0 0 0 0 0 0 0 0 0 0 0 0 0 0 0 0 0 0 0 0.3125 0.73672 2 0.339062 0.73672 2 0.3 0.836027 2 0.326562 0.836027 2
0 0.0838672 0.751305 0.0736719 0.134758 0 0 0 0 0 0 0 0 0 0 0 0 0 0 0 0 0 0 0 0 0 0 0 0 0 0 0 0 0 0 0 0 0 0 0 0 0 0 0 0.109375 0.697459 2 0.103125 0.688221 2 0.084375 0.789838 2 0.057812 0.762124 2
0 0.699367 0.515739 0.0790469 0.267413 0 0 0 0 0 0 0 0 0 0 0 0 0 0 0 0 0 0 0 0 0 0 0 0 0 0 0 0 0 0 0 0 0 0.689062 0.353348 1 0.675 0.355658 1 0.7125 0.459584 2 0.714062 0.459584 2 0.690625 0.595842 2 0.692187 0.600461 2
0 0.522961 0.791559 0.169609 0.213048 0 0 0 0 0 0 0 0 0 0 0 0 0 0 0 0 0 0 0 0 0 0 0 0 0 0 0 0 0 0 0 0 0 0 0 0 0 0 0 0.503125 0.688221 2 0.56875 0.685912 2 0.467187 0.82448 2 0.542187 0.833718 2
0 0.919703 0.76433 0.119813 0.166674 0 0 0 0 0 0 0 0 0 0 0 0 0 0 0 0 0 0 0 0 0 0 0 0 0 0 0 0 0 0 0 0 0 0 0 0 0 0 0 0 0 0 0 0 0 0.95 0.771362 2 0 0 0
0 0.777344 0.481524 0.0484375 0.214781 0 0 0 0 0 0 0 0 0 0 0 0 0 0 0 0 0 0 0 0 0 0 0 0 0 0 0 0 0 0 0 0 0 0 0 0 0 0 0 0 0 0 0 0 0 0 0 0 0 0 0
