0 0.329813 0.433477 0.0303044 0.0752031 0 0 0 0 0 0 0 0 0 0 0 0 0 0 0 0 0 0 0 0 0 0 0 0 0 0 0 0 0 0 0 0 0 0 0 0 0 0 0 0 0 0 0 0 0 0 0 0 0 0 0
0 0.295855 0.436656 0.0438876 0.0847813 0 0 0 0 0 0 0 0 0 0 0 0 0 0 0 0 0 0 0 0 0 0 0 0 0 0 0 0 0 0 0 0 0 0 0 0 0 0 0 0 0 0 0 0 0 0 0 0 0 0 0
0 0.269578 0.431664 0.0312881 0.0753594 0 0 0 0 0 0 0 0 0 0 0 0 0 0 0 0 0 0 0 0 0 0 0 0 0 0 0 0 0 0 0 0 0 0 0 0 0 0 0 0 0 0 0 0 0 0 0 0 0 0 0
0 0.63692 0.442352 0.0679391 0.0847969 0 0 0 0 0 0 0 0 0 0 0 0 0 0 0 0 0 0 0 0 0 0 0 0 0 0 0 0 0 0 0 0 0 0 0 0 0 0 0 0 0 0 0 0 0 0 0 0 0 0 0
0 0.206909 0.552555 0.0553162 0.162953 0 0 0 0 0 0 0 0 0 0 0 0 0 0 0 0.203747 0.484375 2 0 0 0 0.222482 0.512499 2 0 0 0 0.222482 0.5375 2 0 0 0 0.196721 0.545312 1 0 0 0 0.196721 0.585937 2 0 0 0 0.196721 0.61875 2 0 0 0
0 0.175925 0.421008 0.0331616 0.0385781 0 0 0 0 0 0 0 0 0 0 0 0 0 0 0 0 0 0 0 0 0 0 0 0 0 0 0 0 0 0 0 0 0 0 0 0 0 0 0 0 0 0 0 0 0 0 0 0 0 0 0
0 0.114977 0.565555 0.17445 0.342516 0.072599 0.434375 2 0.081967 0.429687 2 0 0 0 0.11007 0.426562 2 0 0 0 0.163934 0.45625 2 0.065573 0.45625 1 0.189695 0.507812 2 0.053864 0.512499 2 0.189695 0.560937 2 0.03747 0.55 2 0.142857 0.567187 2 0.086651 0.570312 2 0.15925 0.634375 2 0.096018 0.642187 2 0.196721 0.664062 1 0.09836 0.707812 2
0 0.377834 0.427508 0.0248478 0.0502344 0 0 0 0 0 0 0 0 0 0 0 0 0 0 0 0 0 0 0 0 0 0 0 0 0 0 0 0 0 0 0 0 0 0 0 0 0 0 0 0 0 0 0 0 0 0 0 0 0 0 0
0 0.197365 0.420805 0.0298595 0.0383594 0 0 0 0 0 0 0 0 0 0 0 0 0 0 0 0 0 0 0 0 0 0 0 0 0 0 0 0 0 0 0 0 0 0 0 0 0 0 0 0 0 0 0 0 0 0 0 0 0 0 0
0 0.249543 0.427875 0.0190398 0.0304687 0 0 0 0 0 0 0 0 0 0 0 0 0 0 0 0 0 0 0 0 0 0 0 0 0 0 0 0 0 0 0 0 0 0 0 0 0 0 0 0 0 0 0 0 0 0 0 0 0 0 0
0 0.0485246 0.469016 0.0620141 0.137594 0 0 0 0 0 0 0 0 0 0 0 0 0 0 0 0.025761 0.44375 2 0.067915 0.448437 2 0 0 0 0 0 0 0 0 0 0 0 0 0 0 0 0 0 0 0 0 0 0 0 0 0 0 0 0 0 0
0 0.410094 0.419219 0.0221546 0.045125 0 0 0 0 0 0 0 0 0 0 0 0 0 0 0 0 0 0 0 0 0 0 0 0 0 0 0 0 0 0 0 0 0 0 0 0 0 0 0 0 0 0 0 0 0 0 0 0 0 0 0
