0 0.546125 0.72993 0.0498437 0.0749883 0 0 0 0 0 0 0 0 0 0 0 0 0 0 0 0 0 0 0 0 0 0 0 0 0 0 0 0 0 0 0 0 0 0 0 0 0 0 0 0 0 0 0 0 0 0 0 0 0 0 0
0 0.575805 0.720234 0.0278281 0.070445 0 0 0 0 0 0 0 0 0 0 0 0 0 0 0 0 0 0 0 0 0 0 0 0 0 0 0 0 0 0 0 0 0 0 0 0 0 0 0 0 0 0 0 0 0 0 0 0 0 0 0
0 0.544617 0.672728 0.0268906 0.122646 0 0 0 0 0 0 0 0 0 0 0 0 0 0 0 0 0 0 0 0 0 0 0 0 0 0 0 0 0 0 0 0 0 0 0 0 0 0 0 0 0 0 0 0 0 0 0 0 0 0 0
0 0.486555 0.741487 0.0912969 0.048267 0 0 0 0 0 0 0 0 0 0 0 0 0 0 0 0 0 0 0 0 0 0 0 0 0 0 0 0 0 0 0 0 0 0 0 0 0 0 0 0 0 0 0 0 0 0 0 0 0 0 0
0 0.129852 0.819016 0.116422 0.0760656 0 0 0 0 0 0 0 0 0 0.173437 0.789227 2 0.18125 0.791569 2 0.15625 0.803278 1 0.179687 0.81733 2 0 0 0 0 0 0 0 0 0 0 0 0 0.140625 0.829039 2 0.146875 0.840749 2 0 0 0 0 0 0 0 0 0 0 0 0
0 0.288078 0.754684 0.0366875 0.0670726 0 0 0 0 0 0 0 0 0 0 0 0 0 0 0 0 0 0 0 0 0 0 0 0 0 0 0 0 0 0 0 0 0 0 0 0 0 0 0 0 0 0 0 0 0 0 0 0 0 0 0
0 0.768023 0.746674 0.155328 0.0683841 0 0 0 0 0 0 0 0 0 0 0 0 0 0 0 0.834375 0.74473 2 0.83125 0.733021 2 0.8125 0.772833 2 0 0 0 0.784375 0.761124 2 0 0 0 0.792187 0.768149 2 0.792187 0.754098 2 0.748437 0.763466 2 0.748437 0.75644 2 0.70625 0.751756 2 0.709375 0.74473 2
0 0.662789 0.626569 0.0170469 0.0681265 0 0 0 0 0 0 0 0 0 0 0 0 0 0 0 0 0 0 0 0 0 0 0 0 0 0 0 0 0 0 0 0 0 0 0 0 0 0 0 0 0 0 0 0 0 0 0 0 0 0 0
0 0.414633 0.743021 0.0292656 0.0711007 0 0 0 0 0 0 0 0 0 0 0 0 0 0 0 0 0 0 0 0 0 0 0 0 0 0 0 0 0 0 0 0 0 0 0 0 0 0 0 0 0 0 0 0 0 0 0 0 0 0 0
0 0.207375 0.806897 0.0424687 0.0432084 0 0 0 0 0 0 0 0 0 0 0 0 0 0 0 0 0 0 0 0 0 0 0 0 0 0 0 0 0 0 0 0 0 0 0 0 0 0 0 0 0 0 0 0 0 0 0 0 0 0 0
0 0.132367 0.809801 0.0383906 0.0283607 0 0 0 0 0 0 0 0 0 0 0 0 0 0 0 0 0 0 0 0 0 0 0 0 0 0 0 0 0 0 0 0 0 0 0 0 0 0 0 0 0 0 0 0 0 0 0 0 0 0 0
0 0.585828 0.655234 0.0163438 0.0308431 0 0 0 0 0 0 0 0 0 0 0 0 0 0 0 0 0 0 0 0 0 0 0 0 0 0 0 0 0 0 0 0 0 0 0 0 0 0 0 0 0 0 0 0 0 0 0 0 0 0 0
0 0.949797 0.53055 0.0064375 0.0292974 0 0 0 0 0 0 0 0 0 0 0 0 0 0 0 0 0 0 0 0 0 0 0 0 0 0 0 0 0 0 0 0 0 0 0 0 0 0 0 0 0 0 0 0 0 0 0 0 0 0 0
0 0.489063 0.669789 0.978125 0.34192 0 0 0 0 0 0 0 0 0 0 0 0 0 0 0 0 0 0 0 0 0 0 0 0 0 0 0 0 0 0 0 0 0 0 0 0 0 0 0 0 0 0 0 0 0 0 0 0 0 0 0
