0 0.200102 0.372282 0.146703 0.385849 0.1875 0.233944 2 0.19375 0.229357 2 0.18125 0.227064 2 0.20625 0.231651 2 0 0 0 0.228125 0.293577 2 0.159375 0.28899 2 0.257812 0.376146 2 0.1375 0.364678 2 0.245312 0.403669 2 0.170312 0.309633 2 0.210937 0.435779 2 0.164062 0.428899 2 0.207812 0.56422 1 0.1625 0.561926 1 0.201562 0.72477 1 0.167187 0.720183 1
0 0.379688 0.338291 0.0578125 0.148096 0.375 0.300458 2 0.38125 0.295871 2 0.36875 0.295871 2 0.3875 0.302752 2 0.3625 0.305045 2 0.396875 0.339449 2 0.351562 0.337155 1 0.395312 0.380733 2 0.351562 0.37844 1 0 0 0 0.3875 0.385321 2 0.389062 0.417431 1 0.3625 0.417431 1 0 0 0 0 0 0 0 0 0 0 0 0
0 0.719523 0.308991 0.0979844 0.177523 0.725 0.263761 2 0.729687 0.259174 2 0.71875 0.25688 2 0 0 0 0.709375 0.263761 2 0.739062 0.295871 2 0.701562 0.295871 2 0.7625 0.360091 2 0.679687 0.362385 2 0.764062 0.412844 1 0.675 0.415137 1 0.735937 0.380733 1 0.701562 0.380733 1 0.740625 0.408256 1 0.68125 0.403669 1 0 0 0 0 0 0
0 0.83482 0.355011 0.0746406 0.170986 0.823437 0.316513 2 0.828125 0.311926 2 0.817187 0.311926 2 0.835937 0.311926 2 0.807812 0.311926 1 0.85 0.34633 2 0.79375 0.348623 1 0.870312 0.412844 2 0.789062 0.396788 1 0.859375 0.405963 2 0.809375 0.380733 2 0.840625 0.44266 1 0.814062 0.444954 1 0.85625 0.451834 1 0 0 0 0 0 0 0 0 0
0 0.297922 0.295229 0.0638438 0.156193 0.295312 0.25 2 0.301562 0.243119 2 0.290625 0.243119 2 0.307812 0.245412 1 0.282812 0.245412 1 0.314062 0.284403 2 0.273437 0.28899 2 0.323437 0.341743 2 0.270312 0.341743 1 0.320312 0.392201 1 0.273437 0.387614 1 0.310937 0.383027 1 0.284375 0.383027 1 0 0 0 0 0 0 0 0 0 0 0 0
0 0.466258 0.306697 0.0822656 0.142294 0.467187 0.275229 2 0.471875 0.268348 2 0.460937 0.268348 2 0.479687 0.268348 2 0.453125 0.268348 2 0.4875 0.307339 2 0.442187 0.309633 2 0.515625 0.339449 1 0.423437 0.330275 1 0.4875 0.28211 2 0.439062 0.284403 2 0.485937 0.399082 1 0.446875 0.396788 1 0 0 0 0 0 0 0 0 0 0 0 0
0 0.545102 0.313658 0.0895156 0.217821 0.534375 0.238532 2 0.539062 0.233944 2 0.529687 0.233944 2 0.548437 0.240825 2 0.521875 0.238532 2 0.565625 0.272935 2 0.507812 0.277522 2 0.579687 0.34633 2 0.509375 0.325688 1 0.584375 0.401376 1 0 0 0 0.5625 0.371559 2 0.529687 0.371559 1 0.55625 0.387614 1 0 0 0 0 0 0 0 0 0
0 0.634453 0.298165 0.0770312 0.151789 0.629687 0.259174 2 0.634375 0.25 2 0.623437 0.254587 2 0.646875 0.252293 2 0 0 0 0.6625 0.302752 2 0.607812 0.309633 2 0.665625 0.362385 2 0.603125 0.360091 2 0.635937 0.389908 1 0 0 0 0.65625 0.412844 1 0.620312 0.417431 1 0 0 0 0 0 0 0 0 0 0 0 0
0 0.784883 0.485791 0.0775469 0.295757 0.78125 0.376146 2 0.785937 0.366972 2 0.776562 0.366972 2 0.796875 0.371559 2 0.770312 0.371559 2 0.807812 0.415137 2 0.760937 0.415137 2 0.810937 0.470183 2 0.759375 0.465596 2 0.79375 0.486238 2 0.770312 0.479357 2 0.796875 0.502293 2 0.765625 0.5 2 0.79375 0.50688 2 0.764062 0.504587 2 0.807812 0.607798 2 0.753125 0.605504 1
0 0.240703 0.266422 0.0554063 0.120688 0 0 0 0 0 0 0 0 0 0 0 0 0 0 0 0 0 0 0 0 0 0 0 0 0 0 0 0 0 0 0 0 0 0 0 0 0 0 0 0 0 0 0 0 0 0 0 0 0 0 0
0 0.0526406 0.32328 0.105281 0.163486 0.060937 0.272935 2 0.067187 0.268348 2 0.054687 0.268348 2 0.075 0.275229 2 0.048437 0.272935 1 0.082812 0.316513 2 0.032812 0.311926 2 0.104687 0.364678 1 0.004687 0.360091 2 0.08125 0.385321 2 0.017187 0.399082 1 0.067187 0.41055 1 0.039062 0.408256 1 0 0 0 0 0 0 0 0 0 0 0 0
0 0.0436328 0.504048 0.0812969 0.317546 0.03125 0.373853 2 0.035937 0.366972 2 0.025 0.366972 2 0.045312 0.376146 2 0.01875 0.37844 2 0.053125 0.415137 2 0.014062 0.412844 2 0.065625 0.481651 2 0 0 0 0.051562 0.509174 2 0.007812 0.50688 2 0.04375 0.502293 2 0.017187 0.5 2 0.070312 0.53211 2 0 0 0 0.053125 0.630733 2 0 0 0
0 0.0723281 0.273945 0.0712812 0.141927 0 0 0 0 0 0 0 0 0 0 0 0 0 0 0 0 0 0 0 0 0 0 0 0 0 0 0 0 0 0 0 0 0 0 0 0 0 0 0 0 0 0 0 0 0 0 0 0 0 0 0
0 0.5 0.443807 0.996875 0.561927 0 0 0 0 0 0 0 0 0 0 0 0 0 0 0 0 0 0 0 0 0 0 0 0 0 0 0 0 0 0 0 0 0 0 0 0 0 0 0 0 0 0 0 0 0 0 0 0 0 0 0
