0 0.651289 0.606815 0.317297 0.547541 0.621875 0.435597 2 0.626562 0.421545 2 0.614062 0.421545 2 0.65 0.405152 2 0 0 0 0.68125 0.414519 2 0.590625 0.435597 2 0.65625 0.529274 2 0.535937 0.531615 2 0.596875 0.522248 2 0.557812 0.503512 2 0.670312 0.58548 2 0.603125 0.58548 2 0.740625 0.660421 2 0.571875 0.702576 2 0.764062 0.838407 2 0.517187 0.822014 2
0 0.39532 0.581124 0.118641 0.335878 0.390625 0.456674 2 0.39375 0.447306 2 0.382812 0.447306 2 0 0 0 0.370312 0.454332 2 0.409375 0.494145 2 0.353125 0.494145 2 0.41875 0.552693 2 0.348437 0.566744 2 0.40625 0.594847 2 0.38125 0.592505 2 0.4 0.604215 2 0.370312 0.604215 2 0.44375 0.620608 2 0.364062 0.608899 2 0.426562 0.704918 2 0.353125 0.704918 2
0 0.372219 0.385141 0.0893437 0.250937 0.365625 0.304449 2 0.370312 0.295081 2 0.359375 0.295081 2 0.378125 0.302107 2 0.35 0.306791 2 0.39375 0.353629 2 0.345312 0.351288 2 0.4125 0.395784 2 0.348437 0.409836 2 0.379687 0.388758 2 0.39375 0.400468 2 0.392187 0.473067 1 0.35625 0.473067 2 0 0 0 0 0 0 0 0 0 0 0 0
0 0.746828 0.525902 0.102188 0.454941 0.739062 0.339578 2 0.745312 0.332552 2 0.732812 0.332552 2 0.753125 0.344262 2 0.726562 0.34192 1 0.767187 0.395784 2 0.721875 0.395784 2 0.779687 0.466042 2 0.704687 0.466042 2 0.782812 0.519906 2 0.715625 0.487119 2 0.754687 0.555035 2 0.73125 0.555035 2 0.767187 0.613583 2 0.73125 0.611241 2 0.770312 0.693208 2 0.7375 0.697892 1
0 0.550656 0.380316 0.09575 0.190375 0.548437 0.325526 2 0.553125 0.316159 2 0.54375 0.318501 2 0 0 0 0.53125 0.323185 2 0.575 0.367681 2 0.51875 0.365339 2 0.59375 0.426229 1 0.510937 0.433255 1 0 0 0 0 0 0 0.565625 0.50117 1 0.526562 0.498829 1 0 0 0 0 0 0 0 0 0 0 0 0
0 0.900805 0.577084 0.102672 0.322037 0.917187 0.45199 2 0.923437 0.447306 2 0.914062 0.444964 2 0 0 0 0.901562 0.449648 2 0.9375 0.494145 2 0.884375 0.480093 2 0.94375 0.555035 2 0.88125 0.550351 2 0.934375 0.564402 2 0.909375 0.57377 2 0.910937 0.599531 2 0.875 0.597189 2 0.9625 0.594847 1 0.885937 0.592505 2 0.95 0.702576 1 0.879687 0.707259 2
0 0.231539 0.685609 0.272797 0.382927 0.245312 0.559718 2 0 0 0 0.235937 0.552693 2 0 0 0 0.210937 0.559718 2 0.246875 0.620608 2 0.1625 0.625292 2 0.307812 0.644028 2 0.10625 0.704918 2 0.364062 0.669789 2 0.121875 0.789227 2 0.225 0.807962 2 0.167187 0.812646 2 0.323437 0.761124 2 0.271875 0.723653 2 0.229687 0.847775 2 0.182812 0.836065 2
0 0.09025 0.598208 0.179938 0.551874 0.164062 0.393442 2 0 0 0 0.160937 0.384074 2 0 0 0 0.126562 0.381733 2 0.145312 0.442622 2 0.101562 0.421545 2 0.090625 0.517564 2 0.032812 0.482435 2 0.082812 0.587822 2 0.023437 0.590163 2 0.064062 0.571428 2 0.026562 0.571428 2 0.098437 0.648711 2 0.029687 0.669789 2 0.107812 0.812646 2 0.00625 0.81733 2
0 0.463289 0.492131 0.0989531 0.48089 0.459375 0.302107 2 0.464062 0.29274 2 0.453125 0.29274 2 0.471875 0.297423 2 0.442187 0.299765 2 0.489062 0.346604 2 0.423437 0.353629 2 0.5 0.419203 2 0.41875 0.430913 1 0.49375 0.473067 2 0.4375 0.475409 2 0.485937 0.468384 2 0.439062 0.468384 2 0.492187 0.580796 1 0.445312 0.576112 2 0.495312 0.690866 1 0.453125 0.686182 2
0 0.956297 0.501288 0.0874062 0.478923 0.975 0.306791 2 0.98125 0.297423 2 0.96875 0.297423 2 0 0 0 0.959375 0.299765 2 0.992187 0.348946 2 0.935937 0.348946 2 0 0 0 0.91875 0.414519 1 0 0 0 0.9375 0.482435 2 0.9875 0.473067 2 0.948437 0.473067 2 0.98125 0.590163 2 0.95 0.580796 1 0.975 0.693208 2 0.946875 0.690866 2
0 0.609617 0.335258 0.0458906 0.114169 0 0 0 0 0 0 0 0 0 0 0 0 0 0 0 0 0 0 0 0 0 0 0 0 0 0 0 0 0 0 0 0 0 0 0 0 0 0 0 0 0 0 0 0 0 0 0 0 0 0 0
0 0.528805 0.578841 0.108359 0.329204 0.523437 0.456674 2 0.528125 0.447306 2 0.51875 0.449648 2 0.5375 0.447306 2 0.507812 0.449648 2 0.54375 0.484777 2 0.5 0.484777 2 0.5625 0.552693 2 0.482812 0.545667 2 0.532812 0.583138 2 0.5 0.569086 2 0.540625 0.576112 2 0.512499 0.578454 2 0.55625 0.601873 2 0.490625 0.599531 2 0.560937 0.704918 1 0.496875 0.697892 2
0 0.707961 0.447963 0.0427969 0.290913 0.710937 0.337236 2 0.715625 0.325526 2 0.70625 0.33021 2 0.723437 0.334894 2 0.696875 0.339578 1 0.73125 0.381733 1 0.682812 0.388758 1 0 0 0 0 0 0 0 0 0 0 0 0 0.726562 0.489461 1 0.696875 0.489461 2 0.732812 0.590163 1 0.696875 0.58548 2 0.735937 0.68384 1 0.692187 0.676814 1
0 0.389844 0.503513 0.601562 0.487119 0 0 0 0 0 0 0 0 0 0 0 0 0 0 0 0 0 0 0 0 0 0 0 0 0 0 0 0 0 0 0 0 0 0 0 0 0 0 0 0 0 0 0 0 0 0 0 0 0 0 0
