0 0.0643828 0.599122 0.0538281 0.247432 0.0625 0.502702 2 0.065625 0.497297 2 0.059375 0.497297 2 0.070312 0.5 2 0.054687 0.5 1 0.079687 0.524324 2 0.048437 0.527027 2 0.085937 0.556756 2 0.04375 0.562162 2 0.084375 0.591891 2 0.042187 0.594594 2 0.076562 0.605405 2 0.054687 0.605405 2 0.078125 0.648648 2 0.059375 0.651351 2 0.084375 0.702702 2 0.0625 0.705405 2
0 0.0930078 0.569014 0.0232656 0.131108 0 0 0 0 0 0 0 0 0 0 0 0 0 0 0 0 0 0 0 0 0 0 0 0 0 0 0 0 0 0 0 0 0 0 0 0 0 0 0 0 0 0 0 0 0 0 0 0 0 0 0
0 0.130773 0.601608 0.0482969 0.182459 0.120312 0.527027 2 0.121875 0.521621 2 0.11875 0.521621 2 0.126562 0.524324 2 0 0 0 0.139062 0.54054 2 0.115625 0.548648 1 0.14375 0.567567 2 0.1125 0.572972 2 0 0 0 0 0 0 0.128124 0.586486 2 0.114062 0.591891 2 0.128124 0.629729 2 0.114062 0.635135 2 0.148437 0.662162 2 0.1125 0.683783 2
0 0.227039 0.598811 0.0399531 0.0965946 0 0 0 0 0 0 0 0 0 0 0 0 0 0 0 0 0 0 0 0 0 0 0 0 0 0 0 0 0 0 0 0 0 0 0 0 0 0 0 0 0 0 0 0 0 0 0 0 0 0 0
0 0.246 0.596595 0.0450938 0.102162 0 0 0 0 0 0 0 0 0 0 0 0 0 0 0 0 0 0 0 0 0 0 0 0 0 0 0 0 0 0 0 0 0 0 0 0 0 0 0 0 0 0 0 0 0 0 0 0 0 0 0
0 0.255656 0.589946 0.032375 0.102703 0 0 0 0 0 0 0 0 0 0 0 0 0 0 0 0 0 0 0 0 0 0 0 0 0 0 0 0 0 0 0 0 0 0 0 0 0 0 0 0 0 0 0 0 0 0 0 0 0 0 0
0 0.274031 0.587405 0.0374063 0.107135 0 0 0 0 0 0 0 0 0 0 0 0 0 0 0 0 0 0 0 0 0 0 0 0 0 0 0 0 0 0 0 0 0 0 0 0 0 0 0 0 0 0 0 0 0 0 0 0 0 0 0
0 0.841125 0.621986 0.0505938 0.237919 0.820312 0.529729 2 0.821875 0.524324 2 0 0 0 0.83125 0.529729 2 0 0 0 0.825 0.554054 2 0.845312 0.551351 2 0.832812 0.581081 2 0.853125 0.581081 2 0.829687 0.618918 2 0.8375 0.586486 2 0.829687 0.621621 2 0.848437 0.616216 2 0.829687 0.681081 2 0.84375 0.672972 2 0.832812 0.732432 2 0.851562 0.724324 2
0 0.443828 0.495365 0.0165 0.0228378 0 0 0 0 0 0 0 0 0 0 0 0 0 0 0 0 0 0 0 0 0 0 0 0 0 0 0 0 0 0 0 0 0 0 0 0 0 0 0 0 0 0 0 0 0 0 0 0 0 0 0
0 0.205859 0.600095 0.0377188 0.112297 0 0 0 0 0 0 0 0 0 0 0 0 0 0 0 0 0 0 0 0 0 0 0 0 0 0 0 0 0 0 0 0 0 0 0 0 0 0 0 0 0 0 0 0 0 0 0 0 0 0 0
0 0.744055 0.536203 0.00717187 0.0385135 0 0 0 0 0 0 0 0 0 0 0 0 0 0 0 0 0 0 0 0 0 0 0 0 0 0 0 0 0 0 0 0 0 0 0 0 0 0 0 0 0 0 0 0 0 0 0 0 0 0 0
0 0.921641 0.605081 0.0367813 0.121297 0 0 0 0 0 0 0 0 0 0 0 0 0 0 0 0 0 0 0 0 0 0 0 0 0 0 0 0 0 0 0 0 0 0 0 0 0 0 0 0 0 0 0 0 0 0 0 0 0 0 0
