0 0.471883 0.337079 0.120234 0.458411 0.470312 0.151869 2 0.475 0.140186 2 0.464062 0.140186 2 0 0 0 0.451562 0.142523 2 0.478125 0.193925 2 0.429687 0.193925 2 0.517187 0.219626 2 0 0 0 0.485937 0.257009 2 0 0 0 0.467187 0.317757 2 0.439062 0.320093 2 0.470312 0.441588 2 0.445312 0.439252 2 0.470312 0.551401 2 0.45 0.518691 1
0 0.843063 0.356612 0.105906 0.231729 0.842187 0.296728 2 0.848437 0.285046 2 0.835937 0.285046 2 0.859375 0.296728 2 0.821875 0.294392 2 0.870312 0.373831 2 0.798437 0.364485 2 0.879687 0.467289 1 0 0 0 0 0 0 0 0 0 0 0 0 0 0 0 0 0 0 0 0 0 0 0 0 0 0 0
0 0.607891 0.83146 0.169813 0.310117 0.567187 0.801401 2 0.589062 0.778037 2 0.570312 0.764018 2 0.63125 0.799065 2 0 0 0 0.625 0.913551 2 0 0 0 0 0 0 0 0 0 0.554687 0.862149 2 0 0 0 0 0 0 0 0 0 0 0 0 0 0 0 0 0 0 0 0 0
0 0.686031 0.740444 0.172812 0.456168 0.623437 0.663551 2 0.634375 0.642523 2 0.614062 0.647196 2 0.6625 0.633177 2 0 0 0 0.723437 0.74299 2 0 0 0 0.757812 0.906542 1 0 0 0 0.690625 0.953271 1 0 0 0 0 0 0 0 0 0 0 0 0 0 0 0 0 0 0 0 0 0
0 0.470773 0.806589 0.195891 0.386822 0.451562 0.728971 2 0.471875 0.71028 2 0.44375 0.700934 2 0.496875 0.726635 2 0 0 0 0.55 0.850467 1 0.389062 0.810747 2 0 0 0 0 0 0 0.495312 0.990654 2 0 0 0 0 0 0 0 0 0 0 0 0 0 0 0 0 0 0 0 0 0
0 0.326125 0.800444 0.232406 0.372196 0 0 0 0 0 0 0 0 0 0.257812 0.728971 1 0.3375 0.714953 2 0.25 0.878504 2 0.396875 0.841121 2 0 0 0 0 0 0 0 0 0 0 0 0 0 0 0 0 0 0 0 0 0 0 0 0 0 0 0 0 0 0
0 0.152484 0.769813 0.177344 0.460374 0 0 0 0 0 0 0 0 0 0.103125 0.619158 2 0.214062 0.626168 2 0 0 0 0 0 0 0 0 0 0 0 0 0 0 0 0 0 0 0 0 0 0 0 0 0 0 0 0 0 0 0 0 0 0 0 0
0 0.0549766 0.805187 0.109953 0.36486 0.096875 0.766355 2 0 0 0 0.070312 0.745327 2 0 0 0 0.014062 0.761682 2 0.053125 0.88785 2 0.0125 0.953271 2 0 0 0 0 0 0 0 0 0 0 0 0 0 0 0 0 0 0 0 0 0 0 0 0 0 0 0 0 0 0
0 0.234953 0.487079 0.142937 0.420327 0.239062 0.359813 2 0.25 0.345794 2 0.226562 0.352803 2 0 0 0 0.209375 0.359813 2 0.276562 0.432242 2 0.184375 0.448598 2 0.301562 0.542056 2 0.184375 0.549065 1 0.257812 0.425233 2 0.204687 0.415887 2 0.278125 0.672897 1 0.214062 0.682242 1 0 0 0 0 0 0 0 0 0 0 0 0
0 0.40257 0.578902 0.116641 0.42743 0.376562 0.436915 2 0.389062 0.425233 2 0.36875 0.42757 2 0 0 0 0 0 0 0.429687 0.53271 2 0.382812 0.5257 2 0.41875 0.672897 2 0 0 0 0.36875 0.745327 2 0 0 0 0.396875 0.768691 2 0.365625 0.731308 2 0 0 0 0 0 0 0 0 0 0 0 0
0 0.553492 0.505012 0.121703 0.203294 0.54375 0.471962 2 0.559375 0.462616 2 0.5375 0.457943 2 0.575 0.471962 2 0 0 0 0.596875 0.567757 1 0.515625 0.56542 2 0 0 0 0 0 0 0 0 0 0 0 0 0 0 0 0 0 0 0 0 0 0 0 0 0 0 0 0 0 0
0 0.700305 0.532582 0.0901719 0.305631 0 0 0 0 0 0 0 0 0 0 0 0 0.71875 0.46028 2 0.664062 0.553738 1 0.707812 0.570093 2 0 0 0 0 0 0 0 0 0 0 0 0 0 0 0 0 0 0 0 0 0 0 0 0 0 0 0 0 0 0
0 0.582695 0.283388 0.0735156 0.22285 0.559375 0.212616 2 0.567187 0.203271 2 0.5625 0.203271 2 0.58125 0.214953 2 0 0 0 0.582812 0.257009 2 0.56875 0.25 2 0 0 0 0 0 0 0 0 0 0 0 0 0 0 0 0 0 0 0 0 0 0 0 0 0 0 0 0 0 0
0 0.5 0.498832 0.996875 0.997664 0 0 0 0 0 0 0 0 0 0 0 0 0 0 0 0 0 0 0 0 0 0 0 0 0 0 0 0 0 0 0 0 0 0 0 0 0 0 0 0 0 0 0 0 0 0 0 0 0 0 0
