0 0.906109 0.408414 0.187782 0.338734 0.887029 0.36875 2 0.901673 0.348437 2 0.876569 0.348437 2 0 0 0 0 0 0 0 0 0 0 0 0 0.937238 0.564062 2 0 0 0 0.903765 0.44375 2 0 0 0 0 0 0 0 0 0 0 0 0 0 0 0 0 0 0 0 0 0
0 0.137521 0.64943 0.266632 0.188297 0 0 0 0 0 0 0 0 0 0 0 0 0 0 0 0 0 0 0 0 0 0 0 0 0 0 0 0.056485 0.625 2 0 0 0 0 0 0 0 0 0 0 0 0 0 0 0 0 0 0 0 0 0
0 0.0883264 0.443672 0.176653 0.268969 0.129707 0.371875 2 0 0 0 0.096234 0.3625 2 0 0 0 0.02092 0.382812 2 0.056485 0.451562 2 0 0 0 0 0 0 0 0 0 0 0 0 0 0 0 0 0 0 0 0 0 0 0 0 0 0 0 0 0 0 0 0 0
0 0.791318 0.435953 0.234686 0.373031 0.771966 0.334375 2 0.799163 0.317187 2 0.757322 0.323437 2 0 0 0 0 0 0 0.882845 0.396875 1 0.78661 0.398437 2 0.822175 0.584375 2 0.757322 0.512499 2 0.702928 0.582812 1 0.6841 0.546875 1 0.77615 0.598437 1 0.736401 0.579687 1 0 0 0 0 0 0 0 0 0 0 0 0
0 0.193504 0.420078 0.0582218 0.143063 0.198744 0.3875 2 0 0 0 0.190376 0.382812 2 0 0 0 0.165271 0.382812 1 0.177824 0.415625 2 0 0 0 0 0 0 0 0 0 0 0 0 0 0 0 0 0 0 0 0 0 0 0 0 0 0 0 0 0 0 0 0 0
0 0.250356 0.397789 0.0935565 0.0777344 0 0 0 0 0 0 0 0 0 0 0 0 0 0 0 0.263598 0.395312 2 0 0 0 0.236401 0.421875 2 0 0 0 0.219665 0.396875 2 0 0 0 0 0 0 0 0 0 0 0 0 0 0 0 0 0 0 0 0 0
0 0.649362 0.44182 0.219184 0.204641 0.627615 0.409375 2 0.633891 0.398437 2 0 0 0 0.675732 0.403125 2 0 0 0 0.713389 0.44375 2 0.717573 0.440625 2 0.652719 0.529687 2 0 0 0 0.579497 0.49375 2 0 0 0 0.715481 0.584375 1 0 0 0 0 0 0 0 0 0 0 0 0 0 0 0
0 0.539895 0.411305 0.120418 0.147859 0.502092 0.382812 2 0.508368 0.375 2 0.495815 0.376562 2 0.543933 0.379687 2 0 0 0 0.579497 0.417187 1 0.512552 0.4125 2 0.560669 0.485937 1 0 0 0 0.472803 0.45625 1 0 0 0 0 0 0 0 0 0 0 0 0 0 0 0 0 0 0 0 0 0
0 0.635753 0.336633 0.0497071 0.0364219 0 0 0 0 0 0 0 0 0 0 0 0 0 0 0 0 0 0 0 0 0 0 0 0 0 0 0 0 0 0 0 0 0 0 0 0 0 0 0 0 0 0 0 0 0 0 0 0 0 0 0
0 0.733358 0.355508 0.0963808 0.141984 0.688284 0.31875 2 0.696652 0.310937 2 0 0 0 0.719665 0.310937 2 0 0 0 0.719665 0.346875 1 0.757322 0.342187 1 0 0 0 0 0 0 0 0 0 0 0 0 0 0 0 0 0 0 0 0 0 0 0 0 0 0 0 0 0 0
0 0.282667 0.393562 0.0498536 0.0543438 0 0 0 0 0 0 0 0 0 0 0 0 0 0 0 0 0 0 0 0 0 0 0 0 0 0 0 0 0 0 0 0 0 0 0 0 0 0 0 0 0 0 0 0 0 0 0 0 0 0 0
0 0.159592 0.42782 0.0612762 0.146641 0 0 0 0 0 0 0 0 0 0 0 0 0 0 0 0.156903 0.429687 2 0.121338 0.435937 1 0 0 0 0 0 0 0 0 0 0 0 0 0.190376 0.514062 1 0.156903 0.523437 1 0 0 0 0 0 0 0 0 0 0 0 0
0 0.927123 0.617188 0.145753 0.101562 0 0 0 0 0 0 0 0 0 0 0 0 0 0 0 0 0 0 0 0 0 0 0 0 0 0 0 0 0 0 0.993723 0.621875 2 0 0 0 0 0 0 0 0 0 0 0 0 0 0 0 0 0 0
0 0.438285 0.382812 0.872385 0.2375 0 0 0 0 0 0 0 0 0 0 0 0 0 0 0 0 0 0 0 0 0 0 0 0 0 0 0 0 0 0 0 0 0 0 0 0 0 0 0 0 0 0 0 0 0 0 0 0 0 0 0
