0 0.397055 0.505531 0.330922 0.442979 0.451562 0.366666 2 0.45625 0.345833 2 0.439062 0.352083 2 0 0 0 0.423437 0.347916 2 0.470312 0.383333 2 0.392187 0.379166 2 0.517187 0.475 2 0.348437 0.4875 2 0.56875 0.427083 1 0.314062 0.4375 2 0.446875 0.529166 2 0.392187 0.527083 2 0.371875 0.53125 2 0.334375 0.525 2 0.360937 0.685416 2 0.3 0.689583 2
0 0.565102 0.491802 0.214672 0.627688 0.509375 0.272916 2 0.510937 0.256249 2 0.49375 0.272916 2 0.51875 0.216666 2 0 0 0 0.584375 0.24375 2 0.473437 0.2875 2 0.63125 0.3 2 0.504687 0.391666 2 0.604687 0.383333 2 0.560937 0.43125 2 0.614062 0.43125 2 0.53125 0.44375 2 0.623437 0.583333 2 0.539062 0.591666 2 0.634375 0.704166 2 0.553125 0.739583 2
0 0.277203 0.260448 0.0316875 0.0859792 0 0 0 0 0 0 0 0 0 0 0 0 0 0 0 0 0 0 0 0 0 0 0 0 0 0 0 0 0 0 0 0 0 0 0 0 0 0 0 0 0 0 0 0 0 0 0 0 0 0 0
0 0.183875 0.339521 0.0561875 0.157375 0.179687 0.279166 2 0.18125 0.275 2 0.176562 0.277083 2 0.185937 0.279166 2 0.171875 0.28125 2 0.19375 0.297916 2 0.167187 0.3 2 0.203125 0.322916 2 0.160937 0.325 2 0.19375 0.341666 2 0.175 0.341666 2 0.192187 0.341666 2 0.16875 0.341666 2 0.201562 0.360416 2 0.173437 0.358333 2 0.20625 0.4 2 0.173437 0.4 2
0 0.0776719 0.27325 0.0726875 0.1085 0 0 0 0 0 0 0 0 0 0 0 0 0 0 0 0 0 0 0 0 0 0 0 0 0 0 0 0 0 0 0 0 0 0 0 0 0 0 0 0 0 0 0 0 0 0 0 0 0 0 0
0 0.305063 0.330667 0.062125 0.157375 0.296875 0.275 2 0.3 0.272916 2 0.295312 0.272916 2 0 0 0 0 0 0 0.314062 0.289583 2 0.285937 0.289583 2 0.317187 0.314583 2 0.282812 0.314583 2 0.309375 0.327083 2 0.292187 0.33125 2 0.310937 0.327083 2 0.295312 0.329166 2 0.307812 0.339583 2 0.310937 0.35 2 0.301562 0.375 2 0.325 0.385416 2
0 0.411852 0.31174 0.0356094 0.0918542 0 0 0 0 0 0 0 0 0 0 0 0 0 0 0 0 0 0 0 0 0 0 0 0 0 0 0 0 0 0 0 0 0 0 0 0 0 0 0 0 0 0 0 0 0 0 0 0 0 0 0
0 0.256406 0.338396 0.0500938 0.162583 0.265625 0.279166 2 0 0 0 0.264062 0.272916 2 0 0 0 0.256249 0.275 2 0.267187 0.291666 2 0.24375 0.291666 2 0.275 0.322916 2 0.2375 0.322916 2 0.273437 0.341666 2 0.235937 0.347916 2 0.265625 0.3375 2 0.248437 0.3375 2 0.267187 0.364583 2 0.257812 0.36875 2 0.270312 0.397916 2 0.270312 0.4 2
0 0.137937 0.290458 0.056 0.136125 0 0 0 0 0 0 0 0 0 0 0 0 0 0 0 0 0 0 0 0 0 0 0 0 0 0 0 0 0 0 0 0 0 0 0 0 0 0 0 0 0 0 0 0 0 0 0 0 0 0 0
0 0.127766 0.347427 0.04525 0.156188 0.128124 0.283333 2 0.13125 0.279166 2 0.125 0.279166 2 0.134375 0.28125 1 0.11875 0.283333 2 0.139062 0.3 2 0.1125 0.302083 2 0.14375 0.329166 2 0.114062 0.33125 2 0.134375 0.352083 2 0.126562 0.354166 2 0.132812 0.3375 2 0.117187 0.34375 2 0.145312 0.364583 2 0.121875 0.36875 2 0.128124 0.395833 2 0.134375 0.397916 2
0 0.395359 0.318125 0.0269688 0.102417 0 0 0 0 0 0 0 0 0 0 0 0 0 0 0 0 0 0 0 0 0 0 0 0 0 0 0 0 0 0 0 0 0 0 0 0 0 0 0 0 0 0 0 0 0 0 0 0 0 0 0
0 0.334406 0.244344 0.0216875 0.0643542 0 0 0 0 0 0 0 0 0 0 0 0 0 0 0 0 0 0 0 0 0 0 0 0 0 0 0 0 0 0 0 0 0 0 0 0 0 0 0 0 0 0 0 0 0 0 0 0 0 0 0
0 0.319961 0.259094 0.0340469 0.0848125 0 0 0 0 0 0 0 0 0 0 0 0 0 0 0 0 0 0 0 0 0 0 0 0 0 0 0 0 0 0 0 0 0 0 0 0 0 0 0 0 0 0 0 0 0 0 0 0 0 0 0
0 0.217969 0.322917 0.351562 0.2375 0 0 0 0 0 0 0 0 0 0 0 0 0 0 0 0 0 0 0 0 0 0 0 0 0 0 0 0 0 0 0 0 0 0 0 0 0 0 0 0 0 0 0 0 0 0 0 0 0 0 0
