0 0.703109 0.396042 0.071625 0.244208 0 0 0 0 0 0 0 0 0 0.689062 0.295833 2 0.709375 0.295833 2 0.68125 0.314583 2 0.717187 0.316666 2 0 0 0 0.725 0.360416 2 0 0 0 0 0 0 0.673437 0.385416 2 0.698437 0.389583 2 0.68125 0.4375 2 0.690625 0.4375 2 0.682812 0.502083 2 0.68125 0.5 2
0 0.428992 0.293125 0.0597656 0.07675 0 0 0 0 0 0 0 0 0 0 0 0 0 0 0 0 0 0 0 0 0 0 0 0 0 0 0 0 0 0 0 0 0 0 0 0 0 0 0 0 0 0 0 0 0 0 0 0 0 0 0
0 0.304211 0.585396 0.281453 0.721333 0 0 0 0 0 0 0 0 0 0 0 0 0.246875 0.277083 2 0.185937 0.358333 2 0.2625 0.35 2 0.18125 0.41875 2 0.348437 0.447916 2 0 0 0 0.414062 0.491666 2 0.229687 0.5625 2 0.295312 0.560416 2 0.30625 0.691666 2 0.335937 0.716666 2 0.317187 0.83125 2 0.348437 0.88125 2
0 0.0470391 0.478948 0.0940781 0.417396 0 0 0 0 0 0 0.05 0.302083 1 0 0 0 0.04375 0.302083 2 0.010937 0.347916 2 0.045312 0.345833 1 0 0 0 0.090625 0.391666 1 0 0 0 0.085937 0.34375 1 0.028125 0.48125 2 0.053125 0.4875 2 0.045312 0.55625 2 0.06875 0.547916 2 0.060937 0.658333 2 0.020312 0.6375 2
0 0.372555 0.285552 0.0322969 0.0936042 0 0 0 0 0 0 0 0 0 0 0 0 0 0 0 0 0 0 0 0 0 0 0 0 0 0 0 0 0 0 0 0 0 0 0 0 0 0 0 0 0 0 0 0 0 0 0 0 0 0 0
0 0.406539 0.287938 0.0359219 0.0805 0 0 0 0 0 0 0 0 0 0 0 0 0 0 0 0 0 0 0 0 0 0 0 0 0 0 0 0 0 0 0 0 0 0 0 0 0 0 0 0 0 0 0 0 0 0 0 0 0 0 0
0 0.69182 0.256927 0.0330781 0.0970625 0 0 0 0 0 0 0 0 0 0 0 0 0 0 0 0 0 0 0 0 0 0 0 0 0 0 0 0 0 0 0 0 0 0 0 0 0 0 0 0 0 0 0 0 0 0 0 0 0 0 0
0 0.843031 0.237115 0.0198438 0.0722708 0 0 0 0 0 0 0 0 0 0 0 0 0 0 0 0 0 0 0 0 0 0 0 0 0 0 0 0 0 0 0 0 0 0 0 0 0 0 0 0 0 0 0 0 0 0 0 0 0 0 0
0 0.883352 0.242469 0.0189531 0.0748542 0 0 0 0 0 0 0 0 0 0 0 0 0 0 0 0 0 0 0 0 0 0 0 0 0 0 0 0 0 0 0 0 0 0 0 0 0 0 0 0 0 0 0 0 0 0 0 0 0 0 0
0 0.856992 0.231813 0.0140156 0.0760417 0 0 0 0 0 0 0 0 0 0 0 0 0 0 0 0 0 0 0 0 0 0 0 0 0 0 0 0 0 0 0 0 0 0 0 0 0 0 0 0 0 0 0 0 0 0 0 0 0 0 0
0 0.793703 0.240271 0.0262188 0.0677917 0 0 0 0 0 0 0 0 0 0 0 0 0 0 0 0 0 0 0 0 0 0 0 0 0 0 0 0 0 0 0 0 0 0 0 0 0 0 0 0 0 0 0 0 0 0 0 0 0 0 0
0 0.276758 0.28299 0.0276719 0.0600208 0 0 0 0 0 0 0 0 0 0 0 0 0 0 0 0 0 0 0 0 0 0 0 0 0 0 0 0 0 0 0 0 0 0 0 0 0 0 0 0 0 0 0 0 0 0 0 0 0 0 0
0 0.302258 0.317354 0.0608906 0.10825 0 0 0 0 0 0 0 0 0 0 0 0 0 0 0 0 0 0 0 0 0 0 0 0 0 0 0 0 0 0 0 0 0 0 0 0 0 0 0 0 0 0 0 0 0 0 0 0 0 0 0
0 0.549219 0.563542 0.898438 0.672917 0 0 0 0 0 0 0 0 0 0 0 0 0 0 0 0 0 0 0 0 0 0 0 0 0 0 0 0 0 0 0 0 0 0 0 0 0 0 0 0 0 0 0 0 0 0 0 0 0 0 0
