0 0.33832 0.589533 0.577109 0.820935 0.490625 0.364485 2 0 0 0 0.489062 0.329439 2 0 0 0 0.4375 0.31542 2 0.304687 0.31542 2 0.439062 0.446261 2 0.203125 0.49299 2 0.485937 0.649532 2 0.307812 0.584112 2 0.570312 0.764018 2 0.139062 0.721962 2 0.260937 0.808411 2 0 0 0 0 0 0 0 0 0 0 0 0
0 0.111711 0.402547 0.158672 0.568692 0.103125 0.158878 2 0.109375 0.151869 2 0.09375 0.151869 2 0.120312 0.156542 2 0.079687 0.158878 2 0.1375 0.217289 2 0.059375 0.217289 2 0 0 0 0 0 0 0.135937 0.280373 2 0.101562 0.280373 2 0.134375 0.380841 1 0.1 0.380841 1 0 0 0 0 0 0 0 0 0 0 0 0
0 0.543766 0.423143 0.1755 0.787266 0.534375 0.219626 2 0.545312 0.184579 2 0.520312 0.184579 2 0 0 0 0.467187 0.154205 1 0.521875 0.345794 2 0.41875 0.336448 1 0 0 0 0.475 0.537383 1 0 0 0 0.557812 0.696261 2 0.503125 0.719626 1 0.404687 0.761682 1 0 0 0 0 0 0 0 0 0 0 0 0
0 0.627148 0.482395 0.106703 0.465164 0.61875 0.308411 2 0.626562 0.299065 2 0.614062 0.299065 2 0.639062 0.306074 2 0.60625 0.303738 2 0.657812 0.366822 2 0.585937 0.357476 1 0.664062 0.443925 2 0 0 0 0.65625 0.521028 2 0 0 0 0.629687 0.549065 2 0.590625 0.544392 2 0.61875 0.658878 2 0.584375 0.656542 2 0 0 0 0 0 0
0 0.0816719 0.522535 0.140156 0.602687 0.082812 0.301401 2 0.0875 0.292056 2 0.076562 0.292056 2 0 0 0 0.05625 0.292056 2 0.101562 0.341121 2 0.029687 0.350467 2 0.125 0.401869 2 0.040625 0.42757 1 0.1375 0.42056 2 0.075 0.411214 2 0.1125 0.535046 2 0.073437 0.544392 2 0.089062 0.684579 2 0.10625 0.67757 2 0.075 0.7757 2 0.11875 0.787383 1
0 0.197961 0.354381 0.133891 0.377921 0.210937 0.212616 2 0.217187 0.196261 2 0.203125 0.198598 2 0.229687 0.214953 2 0.19375 0.207943 2 0.240625 0.278037 1 0.16875 0.273364 1 0 0 0 0 0 0 0 0 0 0 0 0 0.221875 0.42757 1 0.185937 0.42757 2 0 0 0 0 0 0 0 0 0 0 0 0
0 0.334758 0.230058 0.0874219 0.151192 0.367187 0.205607 2 0.371875 0.198598 1 0.360937 0.191588 2 0 0 0 0.342187 0.191588 2 0.376562 0.257009 1 0.317187 0.240654 1 0.384375 0.329439 1 0.284375 0.313084 1 0.367187 0.2757 1 0.310937 0.28271 2 0.351562 0.369158 1 0.325 0.366822 1 0 0 0 0 0 0 0 0 0 0 0 0
0 0.289391 0.244521 0.0614062 0.169182 0.298437 0.198598 2 0.3 0.191588 2 0.290625 0.191588 2 0.307812 0.196261 2 0.279687 0.203271 2 0.3125 0.247663 2 0.265625 0.254672 2 0 0 0 0 0 0 0 0 0 0 0 0 0 0 0 0 0 0 0 0 0 0 0 0 0 0 0 0 0 0
0 0.0465859 0.586519 0.0931719 0.804486 0 0 0 0 0 0 0 0 0 0 0 0 0 0 0 0 0 0 0 0 0 0 0 0 0 0 0 0 0 0 0 0 0 0 0 0 0 0 0 0 0 0 0 0 0 0 0 0 0 0 0
0 0.554289 0.353668 0.0627344 0.283084 0.53125 0.271028 1 0.5375 0.261682 2 0.525 0.261682 1 0 0 0 0 0 0 0.567187 0.317757 2 0.50625 0.317757 1 0.58125 0.401869 2 0 0 0 0.573437 0.448598 2 0 0 0 0.545312 0.464953 1 0.515625 0.464953 1 0 0 0 0 0 0 0 0 0 0 0 0
