0 0.45001 0.806312 0.352869 0.387375 0 0 0 0 0 0 0 0 0 0 0 0 0 0 0 0.370062 0.992187 2 0.446985 0.898437 2 0 0 0 0.453222 0.767187 2 0 0 0 0.430353 0.659375 2 0 0 0 0 0 0 0 0 0 0 0 0 0 0 0 0 0 0
0 0.583056 0.0707812 0.155468 0.123594 0.56133 0.042187 2 0.575883 0.0375 2 0.553014 0.035937 2 0.590436 0.042187 2 0.544698 0.04375 2 0.619542 0.071875 2 0.534303 0.065625 2 0.619542 0.13125 1 0.525987 0.11875 1 0 0 0 0 0 0 0.642411 0.14375 1 0.567567 0.139062 1 0 0 0 0 0 0 0 0 0 0 0 0
0 0.805405 0.0788672 0.126029 0.117828 0.787941 0.05625 2 0.798336 0.048437 2 0.781704 0.048437 2 0.817047 0.05 2 0.773388 0.053125 2 0.841995 0.076562 2 0.773388 0.075 2 0.846153 0.129687 1 0.756756 0.121875 2 0 0 0 0.74844 0.16875 1 0.854469 0.1625 1 0.802494 0.1625 1 0 0 0 0 0 0 0 0 0 0 0 0
0 0.707578 0.071375 0.0979002 0.127781 0.692307 0.0375 2 0.702702 0.03125 2 0.690228 0.03125 2 0.725571 0.03125 2 0 0 0 0.746361 0.078125 2 0.671517 0.073437 2 0.752598 0.132812 1 0.671517 0.129687 1 0 0 0 0 0 0 0 0 0 0 0 0 0 0 0 0 0 0 0 0 0 0 0 0
0 0.515301 0.0392656 0.238711 0.0785312 0 0 0 0 0 0 0 0 0 0 0 0 0 0 0 0 0 0 0 0 0 0.51975 0.035937 2 0.424116 0.020312 2 0.49896 0.03125 2 0.453222 0.021875 2 0.482328 0.05 2 0.430353 0.048437 2 0.459459 0.032812 2 0.413721 0.046875 2 0.451143 0.101562 1 0 0 0
0 0.327786 0.0416719 0.18052 0.0830625 0 0 0 0 0 0 0 0 0 0 0 0 0 0 0 0 0 0 0 0 0 0.386694 0.01875 2 0.305613 0.01875 2 0.324324 0.021875 2 0.361746 0.00625 2 0.388773 0.032812 2 0.336798 0.03125 2 0.29106 0.057812 2 0.241164 0.053125 1 0 0 0 0 0 0
0 0.610198 0.212039 0.152121 0.154984 0.638253 0.176562 1 0.646569 0.170312 1 0.629937 0.170312 1 0 0 0 0 0 0 0.692307 0.214062 1 0.575883 0.20625 2 0 0 0 0.548856 0.2625 2 0 0 0 0.584199 0.2875 1 0 0 0 0 0 0 0 0 0 0 0 0 0 0 0 0 0 0
0 0.235873 0.028875 0.164553 0.05775 0 0 0 0 0 0 0 0 0 0 0 0 0 0 0 0 0 0 0 0 0 0.295218 0.010937 2 0.245322 0.007812 2 0.243243 0.03125 2 0.224532 0.035937 2 0.278586 0.029687 2 0.24948 0.025 2 0.212058 0.042187 2 0.162162 0.0375 2 0 0 0 0 0 0
0 0.976985 0.209922 0.0460291 0.211719 0 0 0 0 0 0 0 0 0 0 0 0 0 0 0 0 0 0 0.993762 0.123437 2 0 0 0 0.97713 0.179687 2 0 0 0 0.983367 0.232812 2 0 0 0 0 0 0 0 0 0 0 0 0 0 0 0 0 0 0
0 0.160281 0.0362188 0.159439 0.0724375 0 0 0 0 0 0 0 0 0 0 0 0 0 0 0 0 0 0 0 0 0 0 0 0 0 0 0 0 0 0 0 0 0 0 0 0 0 0 0 0.170478 0.034375 1 0.095634 0.015625 2 0 0 0 0 0 0
