0 0.937625 0.465741 0.12475 0.3992 0 0 0 0 0 0 0 0 0 0 0 0 0.951562 0.327058 2 0.892187 0.374117 2 0.9625 0.36 2 0 0 0 0 0 0 0 0 0 0 0 0 0.903125 0.515294 2 0.95625 0.524705 2 0 0 0 0 0 0 0.973437 0.592941 1 0.932812 0.64 2
0 0.857672 0.425694 0.108469 0.378541 0.885937 0.29647 2 0 0 0 0.88125 0.289411 2 0 0 0 0.8625 0.282352 2 0.884375 0.317647 2 0.8375 0.32 2 0 0 0 0.84375 0.392941 2 0.876562 0.569411 2 0.892187 0.378823 1 0.871875 0.432941 2 0.828125 0.44 2 0 0 0 0.876562 0.477647 2 0 0 0 0.859375 0.574117 2
0 0.646148 0.560788 0.205766 0.547082 0.678125 0.362352 2 0.689062 0.348235 2 0.670312 0.343529 2 0.710937 0.355294 2 0 0 0 0.715625 0.421176 2 0.6625 0.4 1 0.670312 0.515294 2 0.6375 0.463529 2 0.596875 0.510588 2 0.592187 0.489411 2 0.6625 0.609411 2 0.632812 0.574117 2 0.559375 0.665882 2 0.553125 0.623529 2 0.601562 0.785882 1 0.595312 0.762352 2
0 0.625656 0.376247 0.0979063 0.204118 0.64375 0.334117 2 0.654687 0.322352 2 0.635937 0.32 2 0 0 0 0.628125 0.32 2 0.66875 0.397647 1 0.628125 0.36 2 0.673437 0.477647 1 0.621875 0.432941 2 0.632812 0.458823 1 0.590625 0.428235 2 0.634375 0.531764 1 0.603125 0.489411 1 0.553125 0.538823 1 0.54375 0.503529 1 0 0 0 0 0 0
0 0.567023 0.326494 0.128547 0.200565 0 0 0 0 0 0 0 0 0 0.554687 0.275294 2 0 0 0 0.58125 0.308235 2 0.5875 0.284705 2 0.560937 0.383529 2 0.554687 0.352941 2 0.526562 0.374117 2 0.53125 0.367058 2 0.596875 0.421176 1 0.604687 0.411764 1 0 0 0 0 0 0 0 0 0 0 0 0
0 0.477859 0.287129 0.0890312 0.141976 0.48125 0.254117 2 0.484375 0.249411 2 0.475 0.249411 2 0 0 0 0.4625 0.254117 2 0.5 0.277647 2 0.446875 0.28 2 0.514062 0.338823 1 0.440625 0.33647 2 0.489062 0.350588 1 0 0 0 0 0 0 0 0 0 0 0 0 0 0 0 0 0 0 0 0 0
0 0.375812 0.317871 0.0745313 0.172212 0.371875 0.272941 2 0 0 0 0.364062 0.270588 2 0 0 0 0.351562 0.272941 2 0.370312 0.310588 2 0.351562 0.315294 2 0.4 0.350588 2 0.384375 0.36 2 0.4 0.324705 2 0.390625 0.324705 2 0.382812 0.383529 1 0.365625 0.390588 2 0 0 0 0 0 0 0 0 0 0 0 0
0 0.335531 0.341329 0.0565625 0.168447 0.340625 0.308235 2 0.34375 0.298823 2 0.334375 0.301176 2 0 0 0 0.317187 0.29647 2 0.348437 0.327058 2 0.301562 0.338823 1 0.353125 0.397647 2 0 0 0 0.348437 0.437647 1 0 0 0 0.34375 0.437647 1 0.3125 0.44 1 0 0 0 0 0 0 0 0 0 0 0 0
0 0.269352 0.430341 0.0940156 0.294376 0.29375 0.338823 2 0.296875 0.324705 2 0.28125 0.329411 2 0 0 0 0.265625 0.348235 2 0.296875 0.395294 2 0.253125 0.411764 2 0 0 0 0.270312 0.534117 2 0 0 0 0 0 0 0.3 0.545882 1 0.270312 0.583529 1 0 0 0 0 0 0 0 0 0 0 0 0
0 0.683516 0.240824 0.0790625 0.1552 0 0 0 0 0 0 0 0 0 0.667187 0.188235 2 0.69375 0.188235 2 0.6625 0.218823 2 0.701562 0.218823 2 0.648437 0.242352 2 0.714062 0.254117 2 0.657812 0.209411 2 0.720312 0.289411 2 0.673437 0.301176 1 0.701562 0.298823 1 0 0 0 0 0 0 0 0 0 0 0 0
0 0.223984 0.5978 0.249156 0.663741 0.182812 0.343529 2 0.1875 0.327058 2 0.164062 0.331764 2 0 0 0 0.139062 0.338823 2 0.1875 0.418823 2 0.125 0.451764 2 0.209375 0.531764 2 0.148437 0.588235 2 0.2625 0.590588 1 0.234375 0.61647 2 0.235937 0.6 2 0.189062 0.649411 2 0.325 0.647058 2 0.304687 0.694117 2 0.279687 0.809411 2 0.282812 0.882352 2
0 0.0919297 0.426953 0.0896406 0.341247 0.096875 0.308235 2 0.103125 0.298823 2 0.090625 0.303529 2 0 0 0 0 0 0 0.121875 0.322352 2 0.089062 0.324705 2 0.123437 0.390588 2 0.092187 0.381176 2 0.084375 0.388235 2 0.064062 0.378823 2 0.10625 0.430588 2 0.079687 0.428235 1 0.073437 0.465882 2 0.054687 0.463529 2 0.078125 0.545882 2 0.090625 0.541176 2
0 0.375836 0.174247 0.0450781 0.0507059 0 0 0 0 0 0 0 0 0 0 0 0 0 0 0 0 0 0 0 0 0 0 0 0 0 0 0 0 0 0 0 0 0 0 0 0 0 0 0 0 0 0 0 0 0 0 0 0 0 0 0
