0 0.202258 0.351159 0.0722344 0.203536 0 0 0 0 0 0 0 0 0 0.190625 0.271662 2 0 0 0 0.19375 0.288056 2 0.204687 0.288056 2 0.190625 0.320843 2 0 0 0 0.179687 0.309133 2 0 0 0 0.190625 0.339578 2 0.201562 0.34192 2 0.176562 0.381733 2 0.2 0.393442 2 0.182812 0.440281 2 0.23125 0.428571 2
0 0.339969 0.342014 0.0561562 0.112974 0 0 0 0 0 0 0 0 0 0 0 0 0 0 0 0 0 0 0 0 0 0 0 0 0 0 0 0 0 0 0 0 0 0 0 0 0 0 0 0 0 0 0 0 0 0 0 0 0 0 0
0 0.36393 0.33596 0.0193594 0.105363 0 0 0 0 0 0 0 0 0 0 0 0 0 0 0 0 0 0 0 0 0 0 0 0 0 0 0 0 0 0 0 0 0 0 0 0 0 0 0 0 0 0 0 0 0 0 0 0 0 0 0
0 0.354328 0.295492 0.012875 0.0320609 0 0 0 0 0 0 0 0 0 0 0 0 0 0 0 0 0 0 0 0 0 0 0 0 0 0 0 0 0 0 0 0 0 0 0 0 0 0 0 0 0 0 0 0 0 0 0 0 0 0 0
0 0.759078 0.673653 0.235719 0.422155 0.826562 0.508196 1 0.828125 0.50117 2 0 0 0 0.848437 0.510538 2 0 0 0 0.857812 0.566744 2 0.846875 0.543325 2 0.807812 0.64637 2 0 0 0 0.759375 0.629976 2 0 0 0 0.809375 0.669789 2 0.796875 0.637002 2 0.723437 0.690866 2 0.723437 0.648711 2 0.7125 0.826697 2 0.68125 0.782201 2
0 0.778586 0.345855 0.0435469 0.111756 0 0 0 0 0 0 0 0 0 0 0 0 0 0 0 0 0 0 0 0 0 0 0 0 0 0 0 0 0 0 0 0 0 0 0 0 0 0 0 0 0 0 0 0 0 0 0 0 0 0 0
0 0.432734 0.28733 0.0152187 0.0449649 0 0 0 0 0 0 0 0 0 0 0 0 0 0 0 0 0 0 0 0 0 0 0 0 0 0 0 0 0 0 0 0 0 0 0 0 0 0 0 0 0 0 0 0 0 0 0 0 0 0 0
0 0.749648 0.332412 0.0657344 0.110211 0 0 0 0 0 0 0 0 0 0 0 0 0 0 0 0 0 0 0 0 0 0 0 0 0 0 0 0 0 0 0 0 0 0 0 0 0 0 0 0 0 0 0 0 0 0 0 0 0 0 0
0 0.687984 0.318068 0.0263125 0.0752459 0 0 0 0 0 0 0 0 0 0 0 0 0 0 0 0 0 0 0 0 0 0 0 0 0 0 0 0 0 0 0 0 0 0 0 0 0 0 0 0 0 0 0 0 0 0 0 0 0 0 0
0 0.518602 0.318255 0.0322344 0.0548712 0 0 0 0 0 0 0 0 0 0 0 0 0 0 0 0 0 0 0 0 0 0 0 0 0 0 0 0 0 0 0 0 0 0 0 0 0 0 0 0 0 0 0 0 0 0 0 0 0 0 0
0 0.641094 0.291311 0.0204688 0.0896956 0 0 0 0 0 0 0 0 0 0 0 0 0 0 0 0 0 0 0 0 0 0 0 0 0 0 0 0 0 0 0 0 0 0 0 0 0 0 0 0 0 0 0 0 0 0 0 0 0 0 0
0 0.723992 0.293712 0.0144531 0.0288759 0 0 0 0 0 0 0 0 0 0 0 0 0 0 0 0 0 0 0 0 0 0 0 0 0 0 0 0 0 0 0 0 0 0 0 0 0 0 0 0 0 0 0 0 0 0 0 0 0 0 0
0 0.71407 0.295855 0.0126719 0.0323653 0 0 0 0 0 0 0 0 0 0 0 0 0 0 0 0 0 0 0 0 0 0 0 0 0 0 0 0 0 0 0 0 0 0 0 0 0 0 0 0 0 0 0 0 0 0 0 0 0 0 0
0 0.507031 0.327869 0.501563 0.210773 0 0 0 0 0 0 0 0 0 0 0 0 0 0 0 0 0 0 0 0 0 0 0 0 0 0 0 0 0 0 0 0 0 0 0 0 0 0 0 0 0 0 0 0 0 0 0 0 0 0 0
