0 0.445539 0.472528 0.103391 0.474901 0.420312 0.313465 2 0.421875 0.30022 2 0 0 0 0.442187 0.284768 2 0 0 0 0.460937 0.33554 2 0.445312 0.337748 2 0.473437 0.441501 2 0 0 0 0.465625 0.507726 2 0 0 0 0.446875 0.505518 2 0.428125 0.509933 2 0.439062 0.600441 2 0.426562 0.604856 2 0 0 0 0 0 0
0 0.817406 0.343013 0.0769062 0.211015 0.828125 0.262693 2 0.834375 0.260485 2 0.823437 0.260485 2 0.8375 0.267108 2 0.815625 0.267108 2 0.846875 0.295805 2 0.803125 0.304635 2 0.85 0.333333 2 0.789062 0.322295 2 0.826562 0.350993 2 0 0 0 0.845312 0.37969 2 0.8125 0.381898 1 0.842187 0.450331 1 0.814062 0.445916 1 0 0 0 0 0 0
0 0.578812 0.304779 0.0534375 0.186424 0.553125 0.24724 2 0.55625 0.23841 2 0 0 0 0.567187 0.245033 2 0 0 0 0.585937 0.284768 2 0 0 0 0.59375 0.328918 2 0 0 0 0.579687 0.381898 2 0 0 0 0.589062 0.37969 2 0 0 0 0 0 0 0 0 0 0 0 0 0 0 0
0 0.305758 0.313035 0.0752344 0.22064 0 0 0 0 0 0 0 0 0 0.29375 0.23841 2 0.320312 0.23841 2 0.285937 0.271523 2 0.329687 0.27373 2 0.26875 0.315673 2 0.334375 0.328918 2 0.276562 0.33554 1 0 0 0 0.289062 0.381898 2 0.323437 0.381898 1 0 0 0 0 0 0 0 0 0 0 0 0
0 0.164578 0.625684 0.329156 0.583377 0.203125 0.498896 2 0.215625 0.467991 2 0.19375 0.481236 2 0 0 0 0.139062 0.456953 2 0.204687 0.512141 2 0.057812 0.516556 2 0.232812 0.640176 2 0.0125 0.649006 2 0.276562 0.754966 2 0.076562 0.737306 2 0.11875 0.735099 2 0.026562 0.735099 2 0.1125 0.960264 1 0.026562 0.964679 1 0 0 0 0 0 0
0 0.914453 0.35947 0.0870937 0.319912 0.895312 0.24724 2 0.898437 0.240618 2 0 0 0 0.909375 0.240618 2 0 0 0 0.93125 0.28256 2 0.8875 0.28256 2 0.935937 0.337748 2 0.875 0.324503 2 0.946875 0.375275 2 0.896875 0.322295 2 0.925 0.357615 2 0.892187 0.357615 2 0.923437 0.426048 2 0.892187 0.430463 2 0.926562 0.492273 2 0.896875 0.490066 2
0 0.663172 0.560817 0.379406 0.849095 0.667187 0.302428 2 0.676562 0.271523 2 0 0 0 0.740625 0.245033 2 0 0 0 0.732812 0.377483 2 0.8 0.375275 2 0.626562 0.492273 2 0 0 0 0.525 0.536423 2 0 0 0 0.748437 0.693156 2 0.810937 0.677704 2 0.578125 0.865342 2 0 0 0 0 0 0 0 0 0
0 0.0702656 0.422042 0.10275 0.143068 0 0 0 0 0 0 0 0 0 0 0 0 0 0 0 0.120312 0.415011 1 0.039062 0.448123 2 0 0 0 0 0 0 0 0 0 0 0 0 0 0 0 0 0 0 0 0 0 0 0 0 0 0 0 0 0 0
0 0.226328 0.316634 0.086875 0.161302 0 0 0 0 0 0 0 0 0 0.23125 0.2649 1 0 0 0 0.226562 0.293598 2 0.2625 0.295805 2 0.20625 0.333333 2 0 0 0 0.196875 0.32671 2 0 0 0 0.234375 0.373068 2 0.260937 0.375275 1 0 0 0 0 0 0 0 0 0 0 0 0
0 0.437898 0.299989 0.0967656 0.209294 0 0 0 0 0 0 0 0 0 0 0 0 0 0 0 0.464062 0.284768 1 0.425 0.284768 1 0.464062 0.364238 1 0.404687 0.350993 2 0.420312 0.381898 1 0.404687 0.37086 2 0 0 0 0 0 0 0 0 0 0 0 0 0 0 0 0 0 0
0 0.355359 0.273819 0.0377188 0.111656 0 0 0 0 0 0 0 0 0 0 0 0 0 0 0 0 0 0 0 0 0 0 0 0 0 0 0 0 0 0 0 0 0 0 0 0 0 0 0 0 0 0 0 0 0 0 0 0 0 0 0
0 0.379578 0.289801 0.06025 0.129051 0 0 0 0 0 0 0 0 0 0 0 0 0 0 0 0 0 0 0 0 0 0 0 0 0 0 0 0 0 0 0 0 0 0 0 0 0 0 0 0 0 0 0 0 0 0 0 0 0 0 0
0 0.137453 0.308808 0.122469 0.176424 0 0 0 0 0 0 0 0 0 0.140625 0.2649 2 0 0 0 0.15 0.295805 2 0.103125 0.284768 2 0.167187 0.32671 2 0.082812 0.331125 2 0.179687 0.31788 2 0.090625 0.357615 2 0.139062 0.386313 1 0.095312 0.37969 2 0 0 0 0 0 0 0 0 0 0 0 0
0 0.60625 0.317881 0.784375 0.260486 0 0 0 0 0 0 0 0 0 0 0 0 0 0 0 0 0 0 0 0 0 0 0 0 0 0 0 0 0 0 0 0 0 0 0 0 0 0 0 0 0 0 0 0 0 0 0 0 0 0 0
