0 0.0667422 0.786739 0.0813281 0.319108 0.079687 0.654462 1 0.076562 0.647597 2 0 0 0 0.067187 0.654462 2 0 0 0 0.070312 0.675057 2 0.046875 0.693363 2 0 0 0 0.039062 0.75286 2 0 0 0 0.040625 0.812356 2 0.079687 0.771167 2 0.0625 0.79405 2 0.079687 0.864988 2 0.0625 0.869565 2 0.08125 0.913043 2 0.060937 0.93135 2
0 0.105273 0.609577 0.0888281 0.182906 0 0 0 0 0 0 0 0 0 0 0 0 0 0 0 0 0 0 0 0 0 0 0 0 0 0 0 0 0 0 0 0 0 0 0 0 0 0 0 0 0 0 0 0 0 0 0 0 0 0 0
0 0.117742 0.577517 0.0725156 0.172975 0.10625 0.514874 2 0 0 0 0.103125 0.510297 2 0 0 0 0.092187 0.514874 2 0.107812 0.53318 1 0.0875 0.544622 2 0.121875 0.565217 2 0.1 0.583524 2 0.140625 0.576659 2 0.125 0.578947 2 0.110937 0.599542 2 0.096875 0.608695 1 0.126562 0.620137 2 0.120312 0.640732 1 0 0 0 0.13125 0.686498 1
0 0.190586 0.552952 0.0529844 0.248741 0.189062 0.457665 2 0 0 0 0.184375 0.455377 2 0 0 0 0.173437 0.455377 2 0.195312 0.47826 2 0.170312 0.49199 1 0.204687 0.503432 2 0 0 0 0.204687 0.530892 2 0.190625 0.540045 1 0.201562 0.553775 2 0.182812 0.56064 1 0.203125 0.608695 2 0.189062 0.613272 1 0.198437 0.649885 2 0 0 0
0 0.274367 0.392746 0.0331406 0.158261 0 0 0 0 0 0 0 0 0 0 0 0 0 0 0 0 0 0 0 0 0 0 0 0 0 0 0 0 0 0 0 0 0 0 0 0 0 0 0 0 0 0 0 0 0 0 0 0 0 0 0
0 0.342016 0.392597 0.04525 0.188627 0.340625 0.322654 2 0.342187 0.318077 2 0.3375 0.318077 2 0.346875 0.315789 2 0 0 0 0.357812 0.336384 2 0.332812 0.338672 2 0 0 0 0.326562 0.356979 2 0 0 0 0.325 0.368421 2 0.35 0.384439 2 0.335937 0.382151 2 0.34375 0.425629 2 0 0 0 0.346875 0.4508 2 0 0 0
0 0.179703 0.544668 0.0386875 0.109153 0 0 0 0 0 0 0 0 0 0 0 0 0 0 0 0 0 0 0 0 0 0 0 0 0 0 0 0 0 0 0 0 0 0 0 0 0 0 0 0 0 0 0 0 0 0 0 0 0 0 0
0 0.0854297 0.633455 0.104797 0.180366 0.065625 0.558352 2 0 0 0 0.0625 0.558352 2 0 0 0 0.054687 0.562929 2 0.067187 0.572082 2 0.042187 0.594965 2 0.090625 0.5881 1 0.048437 0.631578 2 0.082812 0.592677 2 0.06875 0.608695 2 0.08125 0.617848 2 0.064062 0.62929 1 0.103125 0.636155 2 0.103125 0.649885 2 0.109375 0.686498 2 0.110937 0.707093 2
0 0.312453 0.401373 0.03325 0.12833 0 0 0 0 0 0 0 0 0 0 0 0 0 0 0 0 0 0 0 0 0 0 0 0 0 0 0 0 0 0 0 0 0 0 0 0 0 0 0 0 0 0 0 0 0 0 0 0 0 0 0
0 0.572234 0.453341 0.049875 0.0736384 0 0 0 0 0 0 0 0 0 0 0 0 0 0 0 0 0 0 0 0 0 0 0 0 0 0 0 0 0 0 0 0 0 0 0 0 0 0 0 0 0 0 0 0 0 0 0 0 0 0 0
0 0.180383 0.66095 0.0573594 0.266522 0.18125 0.544622 1 0 0 0 0.178125 0.542334 2 0 0 0 0.173437 0.553775 2 0.154687 0.57437 2 0.175 0.585812 2 0 0 0 0.196875 0.61556 2 0 0 0 0 0 0 0.165625 0.665903 2 0.179687 0.672768 2 0.185937 0.71167 2 0.175 0.716247 2 0.190625 0.762013 2 0.175 0.775743 2
