0 0.253289 0.831687 0.0612031 0.153667 0 0 0 0 0 0 0 0 0 0 0 0 0 0 0 0.25 0.795833 2 0.273437 0.789583 2 0.245312 0.829166 2 0 0 0 0.240625 0.83125 2 0 0 0 0.257812 0.84375 2 0.273437 0.839583 2 0.226562 0.847916 2 0 0 0 0.234375 0.8875 2 0 0 0
0 0.906531 0.825479 0.05525 0.227667 0.915625 0.741666 2 0.915625 0.7375 2 0.910937 0.7375 2 0 0 0 0.901562 0.7375 1 0.909375 0.766666 2 0.895312 0.76875 2 0 0 0 0.89375 0.797916 2 0 0 0 0.90625 0.827083 2 0.914062 0.829166 2 0.901562 0.829166 2 0.910937 0.872916 2 0.909375 0.879166 2 0.910937 0.922916 2 0.910937 0.927083 1
0 0.87243 0.797615 0.0170156 0.0699375 0 0 0 0 0 0 0 0 0 0 0 0 0 0 0 0 0 0 0 0 0 0 0 0 0 0 0 0 0 0 0 0 0 0 0 0 0 0 0 0 0 0 0 0 0 0 0 0 0 0 0
0 0.600023 0.855104 0.0291406 0.066625 0 0 0 0 0 0 0 0 0 0 0 0 0 0 0 0 0 0 0 0 0 0 0 0 0 0 0 0 0 0 0 0 0 0 0 0 0 0 0 0 0 0 0 0 0 0 0 0 0 0 0
0 0.689766 0.803438 0.0454375 0.141375 0 0 0 0 0 0 0 0 0 0.682812 0.75 2 0.690625 0.75 2 0.679687 0.7625 2 0.695312 0.760416 2 0.670312 0.789583 2 0.707812 0.785416 2 0.670312 0.804166 2 0.703125 0.802083 2 0.679687 0.804166 2 0.695312 0.804166 2 0.679687 0.8375 2 0.695312 0.83125 2 0.676562 0.864583 2 0.696875 0.864583 2
0 0.416766 0.809927 0.0083125 0.0378958 0 0 0 0 0 0 0 0 0 0 0 0 0 0 0 0 0 0 0 0 0 0 0 0 0 0 0 0 0 0 0 0 0 0 0 0 0 0 0 0 0 0 0 0 0 0 0 0 0 0 0
0 0.539727 0.79026 0.0101094 0.0387708 0 0 0 0 0 0 0 0 0 0 0 0 0 0 0 0 0 0 0 0 0 0 0 0 0 0 0 0 0 0 0 0 0 0 0 0 0 0 0 0 0 0 0 0 0 0 0 0 0 0 0
0 0.372039 0.843021 0.0536406 0.0938333 0 0 0 0 0 0 0 0 0 0 0 0 0 0 0 0 0 0 0 0 0 0 0 0 0 0 0 0 0 0 0 0 0 0 0 0 0 0 0 0 0 0 0 0 0 0 0 0 0 0 0
0 0.179227 0.874719 0.0303594 0.0723125 0 0 0 0 0 0 0 0 0 0 0 0 0 0 0 0 0 0 0 0 0 0 0 0 0 0 0 0 0 0 0 0 0 0 0 0 0 0 0 0 0 0 0 0 0 0 0 0 0 0 0
0 0.750312 0.894198 0.0521875 0.163854 0 0 0 0 0 0 0 0 0 0 0 0 0 0 0 0.73125 0.852083 2 0.75625 0.85 2 0.729687 0.872916 2 0.760937 0.877083 2 0 0 0 0.770312 0.895833 2 0.740625 0.9 2 0.754687 0.897916 2 0.735937 0.927083 2 0.753125 0.93125 2 0.742187 0.95 2 0.754687 0.96875 2
0 0.649461 0.845698 0.0422344 0.0936042 0 0 0 0 0 0 0 0 0 0 0 0 0 0 0 0 0 0 0 0 0 0 0 0 0 0 0 0 0 0 0 0 0 0 0 0 0 0 0 0 0 0 0 0 0 0 0 0 0 0 0
0 0.957102 0.84275 0.0443281 0.19775 0.953125 0.75625 2 0.954687 0.754166 2 0.95 0.754166 2 0 0 0 0.946875 0.758333 2 0.9625 0.775 2 0.942187 0.779166 2 0.971875 0.80625 2 0.94375 0.810416 2 0.971875 0.827083 2 0.9625 0.829166 2 0.96875 0.8375 2 0.951562 0.839583 2 0.96875 0.870833 2 0.953125 0.872916 2 0.96875 0.91875 2 0.957812 0.91875 2
0 0.197281 0.824698 0.0115 0.0400625 0 0 0 0 0 0 0 0 0 0 0 0 0 0 0 0 0 0 0 0 0 0 0 0 0 0 0 0 0 0 0 0 0 0 0 0 0 0 0 0 0 0 0 0 0 0 0 0 0 0 0
0 0.396094 0.845833 0.770312 0.15 0 0 0 0 0 0 0 0 0 0 0 0 0 0 0 0 0 0 0 0 0 0 0 0 0 0 0 0 0 0 0 0 0 0 0 0 0 0 0 0 0 0 0 0 0 0 0 0 0 0 0
