0 0.203922 0.432124 0.0924375 0.243967 0.225 0.338028 2 0.228125 0.330985 2 0.220312 0.328638 2 0 0 0 0 0 0 0.2375 0.363849 2 0.204687 0.352112 2 0.239062 0.403755 2 0.1875 0.382629 2 0.2375 0.42723 2 0.185937 0.410798 2 0.226562 0.42723 2 0.201562 0.420187 2 0.23125 0.476525 2 0.196875 0.469483 2 0.242187 0.539906 2 0.171875 0.525821 2
0 0.308055 0.148838 0.0210469 0.0535446 0 0 0 0 0 0 0 0 0 0 0 0 0 0 0 0 0 0 0 0 0 0 0 0 0 0 0 0 0 0 0 0 0 0 0 0 0 0 0 0 0 0 0 0 0 0 0 0 0 0 0
0 0.160367 0.119296 0.0151719 0.0439906 0 0 0 0 0 0 0 0 0 0 0 0 0 0 0 0 0 0 0 0 0 0 0 0 0 0 0 0 0 0 0 0 0 0 0 0 0 0 0 0 0 0 0 0 0 0 0 0 0 0 0
0 0.496648 0.48831 0.0730469 0.221033 0.512499 0.403755 2 0.514062 0.399061 2 0.509375 0.399061 2 0 0 0 0.504687 0.396713 2 0.523437 0.424882 2 0.492187 0.420187 2 0.529687 0.448356 2 0.485937 0.446009 2 0.528125 0.457746 2 0.484375 0.457746 2 0.515625 0.485915 2 0.49375 0.483568 2 0.514062 0.532863 2 0.484375 0.530516 2 0.521875 0.577464 2 0.467187 0.572769 2
0 0.387195 0.345986 0.0345469 0.121315 0 0 0 0 0 0 0 0 0 0 0 0 0 0 0 0 0 0 0 0 0 0 0 0 0 0 0 0 0 0 0 0 0 0 0 0 0 0 0 0 0 0 0 0 0 0 0 0 0 0 0
0 0.820609 0.48439 0.078125 0.219108 0.832812 0.396713 2 0.835937 0.394366 2 0.83125 0.392018 2 0.839062 0.396713 2 0.825 0.394366 2 0.842187 0.420187 2 0.817187 0.415492 2 0.842187 0.460093 2 0.796875 0.448356 2 0.853125 0.485915 2 0.809375 0.483568 2 0.829687 0.488262 2 0.817187 0.483568 2 0.826562 0.537558 2 0.803125 0.530516 2 0.821875 0.575117 2 0.79375 0.570422 2
0 0.808641 0.364495 0.0451562 0.109413 0 0 0 0 0 0 0 0 0 0 0 0 0 0 0 0 0 0 0 0 0 0 0 0 0 0 0 0 0 0 0 0 0 0 0 0 0 0 0 0 0 0 0 0 0 0 0 0 0 0 0
0 0.429336 0.280563 0.0429531 0.0838967 0 0 0 0 0 0 0 0 0 0 0 0 0 0 0 0 0 0 0 0 0 0 0 0 0 0 0 0 0 0 0 0 0 0 0 0 0 0 0 0 0 0 0 0 0 0 0 0 0 0 0
0 0.737547 0.244695 0.0228125 0.084507 0 0 0 0 0 0 0 0 0 0 0 0 0 0 0 0 0 0 0 0 0 0 0 0 0 0 0 0 0 0 0 0 0 0 0 0 0 0 0 0 0 0 0 0 0 0 0 0 0 0 0
0 0.885125 0.22331 0.0335625 0.0628169 0 0 0 0 0 0 0 0 0 0 0 0 0 0 0 0 0 0 0 0 0 0 0 0 0 0 0 0 0 0 0 0 0 0 0 0 0 0 0 0 0 0 0 0 0 0 0 0 0 0 0
0 0.717352 0.157664 0.0284844 0.049554 0 0 0 0 0 0 0 0 0 0 0 0 0 0 0 0 0 0 0 0 0 0 0 0 0 0 0 0 0 0 0 0 0 0 0 0 0 0 0 0 0 0 0 0 0 0 0 0 0 0 0
0 0.440289 0.175634 0.0168281 0.0530986 0 0 0 0 0 0 0 0 0 0 0 0 0 0 0 0 0 0 0 0 0 0 0 0 0 0 0 0 0 0 0 0 0 0 0 0 0 0 0 0 0 0 0 0 0 0 0 0 0 0 0
0 0.45582 0.191009 0.0220156 0.0712207 0 0 0 0 0 0 0 0 0 0 0 0 0 0 0 0 0 0 0 0 0 0 0 0 0 0 0 0 0 0 0 0 0 0 0 0 0 0 0 0 0 0 0 0 0 0 0 0 0 0 0
0 0.507812 0.185446 0.98125 0.370892 0 0 0 0 0 0 0 0 0 0 0 0 0 0 0 0 0 0 0 0 0 0 0 0 0 0 0 0 0 0 0 0 0 0 0 0 0 0 0 0 0 0 0 0 0 0 0 0 0 0 0
