0 0.515938 0.613083 0.672813 0.773833 0.525 0.554166 2 0 0 0 0 0 0 0.648437 0.475 2 0.385937 0.50625 2 0.676562 0.735416 2 0.310937 0.733333 2 0 0 0 0 0 0 0.696875 0.825 2 0.332812 0.814583 2 0 0 0 0 0 0 0 0 0 0 0 0 0 0 0 0 0 0
0 0.755125 0.284656 0.04625 0.186021 0 0 0 0 0 0 0 0 0 0 0 0 0 0 0 0.748437 0.235416 1 0.767187 0.235416 2 0.742187 0.260416 2 0.770312 0.2625 2 0 0 0 0 0 0 0.75 0.289583 2 0.7625 0.2875 2 0.753125 0.322916 2 0.7625 0.329166 2 0.740625 0.35 2 0.760937 0.366666 2
0 0.697992 0.283417 0.0498906 0.199542 0 0 0 0 0 0 0 0 0 0 0 0 0 0 0 0.68125 0.225 2 0.709375 0.220833 2 0.678125 0.258333 2 0.717187 0.245833 2 0.676562 0.28125 2 0.715625 0.264583 2 0.682812 0.28125 2 0.698437 0.279166 2 0.69375 0.33125 2 0.704687 0.322916 2 0.7 0.3625 2 0.6875 0.347916 2
0 0.648977 0.3105 0.0445156 0.132417 0 0 0 0 0 0 0 0 0 0 0 0 0 0 0 0.645312 0.272916 2 0.660937 0.270833 2 0 0 0 0 0 0 0 0 0 0 0 0 0.645312 0.304166 2 0.660937 0.304166 2 0.646875 0.327083 2 0.659375 0.329166 2 0.64375 0.347916 2 0.659375 0.354166 2
0 0.593961 0.24326 0.0316719 0.0779375 0 0 0 0 0 0 0 0 0 0 0 0 0 0 0 0 0 0 0 0 0 0 0 0 0 0 0 0 0 0 0 0 0 0 0 0 0 0 0 0 0 0 0 0 0 0 0 0 0 0 0
0 0.568234 0.223229 0.026875 0.0600417 0 0 0 0 0 0 0 0 0 0 0 0 0 0 0 0 0 0 0 0 0 0 0 0 0 0 0 0 0 0 0 0 0 0 0 0 0 0 0 0 0 0 0 0 0 0 0 0 0 0 0
0 0.0265391 0.227667 0.0115781 0.04275 0 0 0 0 0 0 0 0 0 0 0 0 0 0 0 0 0 0 0 0 0 0 0 0 0 0 0 0 0 0 0 0 0 0 0 0 0 0 0 0 0 0 0 0 0 0 0 0 0 0 0
0 0.541547 0.220365 0.0215312 0.0228125 0 0 0 0 0 0 0 0 0 0 0 0 0 0 0 0 0 0 0 0 0 0 0 0 0 0 0 0 0 0 0 0 0 0 0 0 0 0 0 0 0 0 0 0 0 0 0 0 0 0 0
0 0.073125 0.295698 0.0503125 0.112646 0 0 0 0 0 0 0 0 0 0 0 0 0 0 0 0 0 0 0 0 0 0 0 0 0 0 0 0 0 0 0 0 0 0 0 0 0 0 0 0 0 0 0 0 0 0 0 0 0 0 0
0 0.622477 0.266115 0.0316719 0.122979 0 0 0 0 0 0 0 0 0 0 0 0 0 0 0 0 0 0 0 0 0 0 0 0 0 0 0 0 0 0 0 0 0 0 0 0 0 0 0 0 0 0 0 0 0 0 0 0 0 0 0
