0 0.03775 0.480984 0.0755 0.393349 0.04375 0.33021 2 0.05 0.325526 2 0.0375 0.325526 2 0 0 0 0.028125 0.33021 2 0.05 0.372365 2 0.023437 0.374707 2 0 0 0 0.023437 0.437939 2 0 0 0 0.029687 0.489461 2 0.040625 0.487119 2 0.021875 0.491803 2 0 0 0 0.03125 0.569086 2 0 0 0 0.040625 0.667447 2
0 0.25025 0.424169 0.0528438 0.0804684 0 0 0 0 0 0 0 0 0 0 0 0 0 0 0 0 0 0 0 0 0 0 0 0 0 0 0 0 0 0 0 0 0 0 0 0 0 0 0 0 0 0 0 0 0 0 0 0 0 0 0
0 0.218562 0.43589 0.035375 0.0523419 0 0 0 0 0 0 0 0 0 0 0 0 0 0 0 0 0 0 0 0 0 0 0 0 0 0 0 0 0 0 0 0 0 0 0 0 0 0 0 0 0 0 0 0 0 0 0 0 0 0 0
0 0.752055 0.388794 0.0551094 0.128407 0.770312 0.365339 2 0.770312 0.355971 2 0.765625 0.358313 2 0 0 0 0.75625 0.362997 2 0.760937 0.40281 1 0.729687 0.405152 2 0 0 0 0 0 0 0 0 0 0 0 0 0.7625 0.437939 2 0.74375 0.437939 2 0 0 0 0 0 0 0 0 0 0 0 0
0 0.724672 0.368607 0.0799062 0.163864 0.746875 0.33021 1 0.753125 0.323185 2 0.742187 0.323185 2 0 0 0 0.732812 0.327868 2 0.753125 0.367681 1 0.723437 0.367681 2 0 0 0 0 0 0 0 0 0 0 0 0 0 0 0 0 0 0 0 0 0 0 0 0 0 0 0 0 0 0
0 0.679383 0.370504 0.0513906 0.113466 0.69375 0.348946 2 0 0 0 0.689062 0.346604 2 0 0 0 0.673437 0.353629 2 0.685937 0.386416 2 0.66875 0.416861 1 0 0 0 0 0 0 0 0 0 0 0 0 0 0 0 0 0 0 0 0 0 0 0 0 0 0 0 0 0 0
0 0.628906 0.329543 0.034625 0.0808665 0 0 0 0 0 0 0 0 0 0 0 0 0 0 0 0 0 0 0 0 0 0 0 0 0 0 0 0 0 0 0 0 0 0 0 0 0 0 0 0 0 0 0 0 0 0 0 0 0 0 0
0 0.848516 0.387763 0.0650312 0.153607 0.860937 0.353629 2 0.8625 0.344262 2 0.857812 0.344262 2 0 0 0 0.840625 0.346604 2 0.8625 0.388758 2 0.83125 0.386416 2 0 0 0 0.829687 0.473067 1 0 0 0 0 0 0 0.871875 0.484777 1 0.854687 0.484777 1 0 0 0 0 0 0 0 0 0 0 0 0
0 0.944602 0.410234 0.0746406 0.143232 0.95 0.379391 2 0.95625 0.372365 2 0.94375 0.372365 2 0 0 0 0.932812 0.372365 2 0.954687 0.412177 2 0.921875 0.409836 2 0.975 0.468384 2 0.932812 0.459016 2 0.953125 0.461358 2 0 0 0 0 0 0 0 0 0 0 0 0 0 0 0 0 0 0 0 0 0
0 0.579383 0.453981 0.297047 0.63363 0.467187 0.248243 2 0.473437 0.236533 2 0 0 0 0.503125 0.23185 2 0 0 0 0.559375 0.266978 2 0 0 0 0.582812 0.40281 2 0 0 0 0.523437 0.444964 1 0 0 0 0.68125 0.470725 2 0 0 0 0.60625 0.477751 2 0 0 0 0.696875 0.681498 2 0 0 0
0 0.816039 0.383232 0.0842969 0.15541 0.823437 0.348946 2 0 0 0 0.820312 0.339578 2 0 0 0 0.809375 0.344262 2 0 0 0 0.785937 0.374707 2 0 0 0 0.807812 0.423887 2 0 0 0 0.842187 0.384074 2 0 0 0 0.79375 0.475409 1 0 0 0 0 0 0 0 0 0 0 0 0
0 0.144703 0.412834 0.102469 0.255269 0.171875 0.327868 2 0 0 0 0.167187 0.320843 2 0 0 0 0.153125 0.320843 2 0.167187 0.351288 2 0.125 0.358313 2 0 0 0 0.1 0.426229 2 0 0 0 0.115625 0.491803 2 0.160937 0.480093 1 0.128124 0.491803 2 0 0 0 0 0 0 0 0 0 0 0 0
0 0.980109 0.409356 0.0397813 0.147845 0 0 0 0 0 0 0 0 0 0 0 0 0 0 0 0 0 0 0 0 0 0 0 0 0 0 0 0 0 0 0 0 0 0 0 0 0 0 0 0 0 0 0 0 0 0 0 0 0 0 0
0 0.202344 0.516393 0.289062 0.344262 0 0 0 0 0 0 0 0 0 0 0 0 0 0 0 0 0 0 0 0 0 0 0 0 0 0 0 0 0 0 0 0 0 0 0 0 0 0 0 0 0 0 0 0 0 0 0 0 0 0 0
