0 0.336815 0.555055 0.55911 0.822484 0.550351 0.225 2 0 0 0 0.529274 0.214062 2 0 0 0 0.466042 0.225 2 0.552693 0.29375 2 0.29274 0.290625 2 0.505854 0.403125 2 0.14754 0.379687 2 0.386416 0.404687 2 0.121779 0.353125 2 0.461358 0.5375 2 0.346604 0.525 2 0.489461 0.746875 2 0.456674 0.704687 2 0.222482 0.870312 2 0.426229 0.926562 2
0 0.544075 0.0774375 0.169227 0.145281 0.484777 0.020312 2 0.494145 0.017187 2 0.477751 0.017187 2 0.515222 0.01875 2 0 0 0 0.531615 0.054687 2 0.461358 0.05625 2 0.557377 0.101562 2 0.473067 0.114062 1 0 0 0 0.545667 0.121875 1 0.543325 0.120312 2 0.491803 0.121875 1 0.613583 0.134375 2 0.552693 0.142187 1 0 0 0 0 0 0
0 0.377635 0.0656484 0.173911 0.131297 0.388758 0.007812 2 0.393442 0.001562 2 0.381733 0.001562 2 0 0 0 0.348946 0.001562 1 0.407494 0.0375 2 0.320843 0.035937 2 0.444964 0.089062 2 0.346604 0.075 2 0.3911 0.0875 2 0.407494 0.076562 2 0.412177 0.120312 1 0.353629 0.120312 1 0 0 0 0 0 0 0 0 0 0 0 0
0 0.255234 0.169906 0.126768 0.201031 0.271662 0.104687 2 0.276346 0.098437 2 0.259953 0.098437 2 0 0 0 0.229508 0.103125 2 0.304449 0.142187 2 0.201405 0.145312 2 0.309133 0.198437 2 0.196721 0.201562 1 0.297423 0.229687 2 0.266978 0.240625 2 0.29274 0.235937 2 0.23185 0.2375 2 0 0 0 0 0 0 0 0 0 0 0 0
0 0.107354 0.156195 0.172553 0.161516 0.138173 0.109375 2 0.140515 0.103125 2 0.126463 0.103125 2 0 0 0 0.093676 0.110937 2 0.161592 0.145312 2 0.060889 0.146875 2 0 0 0 0.081967 0.203125 2 0 0 0 0.131147 0.234375 1 0.154566 0.235937 1 0.081967 0.239062 1 0 0 0 0 0 0 0 0 0 0 0 0
0 0.0580445 0.271164 0.113044 0.141578 0.079625 0.229687 2 0.084309 0.225 2 0.063231 0.226562 2 0 0 0 0.032786 0.23125 2 0.103044 0.271875 2 0 0 0 0 0 0 0 0 0 0 0 0 0 0 0 0 0 0 0 0 0 0 0 0 0 0 0 0 0 0 0 0 0
0 0.625304 0.0656484 0.159133 0.126016 0 0 0 0 0 0 0 0 0 0 0 0 0 0 0 0.674473 0.034375 2 0.569086 0.035937 2 0.686182 0.084375 1 0.57377 0.084375 2 0.68384 0.115625 1 0.641686 0.117187 2 0.662763 0.109375 1 0.604215 0.107812 2 0 0 0 0 0 0 0 0 0 0 0 0
0 0.646768 0.271242 0.163653 0.178422 0.632318 0.221875 2 0.639344 0.214062 2 0.620608 0.215625 2 0 0 0 0.592505 0.223437 2 0.686182 0.248437 2 0.578454 0.257812 2 0.709601 0.285937 2 0.615925 0.298437 2 0.627634 0.301562 2 0.693208 0.303125 2 0.688524 0.342187 2 0.606557 0.346875 1 0 0 0 0 0 0 0 0 0 0 0 0
0 0.798946 0.280664 0.184824 0.165609 0.779859 0.226562 2 0.784543 0.221875 2 0.768149 0.223437 2 0 0 0 0.740046 0.229687 2 0.81733 0.2625 2 0.714285 0.26875 1 0.850117 0.310937 2 0.721311 0.321875 2 0.838407 0.329687 2 0.798594 0.329687 1 0.831381 0.33125 1 0.758782 0.3375 1 0.875878 0.345312 2 0 0 0 0 0 0 0 0 0
0 0.655105 0.332586 0.117892 0.0719219 0.665105 0.335937 2 0.667447 0.326562 2 0.651053 0.328125 2 0 0 0 0.615925 0.329687 2 0.686182 0.364062 2 0.58548 0.364062 1 0 0 0 0 0 0 0 0 0 0 0 0 0 0 0 0 0 0 0 0 0 0 0 0 0 0 0 0 0 0
0 0.0517447 0.344477 0.103489 0.0738906 0.053864 0.345312 2 0.056206 0.334375 2 0.039812 0.334375 2 0 0 0 0.009367 0.340625 2 0.084309 0.375 2 0 0 0 0 0 0 0 0 0 0 0 0 0 0 0 0 0 0 0 0 0 0 0 0 0 0 0 0 0 0 0 0 0
0 0.785867 0.328359 0.151358 0.0787812 0.814988 0.326562 2 0.822014 0.320312 2 0.80562 0.320312 2 0 0 0 0.770491 0.326562 2 0.843091 0.35625 2 0.749414 0.354687 2 0 0 0 0 0 0 0 0 0 0 0 0 0 0 0 0 0 0 0 0 0 0 0 0 0 0 0 0 0 0
0 0.767225 0.137859 0.109204 0.109844 0.786885 0.10625 2 0.791569 0.103125 2 0.777517 0.104687 2 0 0 0 0.747072 0.109375 2 0.803278 0.139062 2 0.735362 0.13125 2 0 0 0 0.725995 0.189062 1 0 0 0 0.775175 0.151562 2 0 0 0 0 0 0 0 0 0 0 0 0 0 0 0 0 0 0
0 0.512881 0.153125 0.955504 0.30625 0 0 0 0 0 0 0 0 0 0 0 0 0 0 0 0 0 0 0 0 0 0 0 0 0 0 0 0 0 0 0 0 0 0 0 0 0 0 0 0 0 0 0 0 0 0 0 0 0 0 0
