0 0.706469 0.476698 0.0469375 0.134104 0.690625 0.43125 2 0.692187 0.427083 2 0.6875 0.429166 2 0.701562 0.427083 2 0 0 0 0.710937 0.452083 2 0.696875 0.452083 2 0.715625 0.483333 2 0 0 0 0.710937 0.516666 2 0.682812 0.50625 1 0.707812 0.520833 2 0.7 0.516666 2 0.6875 0.55 1 0.709375 0.55625 1 0 0 0 0 0 0
0 0.934437 0.565281 0.0775 0.279146 0.921875 0.452083 2 0.925 0.445833 2 0.917187 0.447916 2 0.93125 0.441666 2 0 0 0 0.953125 0.479166 2 0.915625 0.485416 2 0.957812 0.520833 2 0.907812 0.529166 2 0.965625 0.5625 2 0.904687 0.560416 2 0.951562 0.5625 2 0.926562 0.564583 2 0.95 0.616666 2 0.929687 0.620833 2 0.95 0.675 2 0.934375 0.685416 2
0 0.891422 0.542792 0.0666563 0.283042 0.879687 0.433333 1 0 0 0 0 0 0 0.882812 0.429166 2 0.896875 0.427083 2 0.890625 0.45625 2 0.903125 0.447916 2 0.890625 0.504166 2 0 0 0 0.876562 0.514583 2 0 0 0 0.890625 0.535416 2 0 0 0 0.898437 0.597916 2 0 0 0 0.909375 0.660416 2 0 0 0
0 0.635391 0.478656 0.0471875 0.121354 0 0 0 0 0 0 0 0 0 0 0 0 0.648437 0.4375 2 0.640625 0.45 2 0.629687 0.452083 2 0 0 0 0.620312 0.491666 2 0 0 0 0.617187 0.522916 2 0.6375 0.527083 1 0.626562 0.533333 1 0 0 0 0 0 0 0 0 0 0 0 0
0 0.606906 0.487958 0.0339062 0.136417 0 0 0 0 0 0 0 0 0 0 0 0 0 0 0 0 0 0 0 0 0 0 0 0 0 0 0 0 0 0 0 0 0 0 0 0 0 0 0 0 0 0 0 0 0 0 0 0 0 0 0
0 0.78068 0.521865 0.0318906 0.0892708 0 0 0 0 0 0 0 0 0 0 0 0 0 0 0 0 0 0 0 0 0 0 0 0 0 0 0 0 0 0 0 0 0 0 0 0 0 0 0 0 0 0 0 0 0 0 0 0 0 0 0
0 0.509125 0.486323 0.0459375 0.119979 0.503125 0.447916 2 0.504687 0.445833 2 0.5 0.445833 2 0.510937 0.445833 2 0.496875 0.447916 2 0.523437 0.470833 2 0.490625 0.470833 2 0.528125 0.495833 2 0 0 0 0 0 0 0 0 0 0.517187 0.535416 2 0.5 0.533333 2 0 0 0 0 0 0 0 0 0 0 0 0
0 0.399008 0.532771 0.0440156 0.2015 0.417187 0.452083 1 0 0 0 0.415625 0.447916 2 0 0 0 0.409375 0.45 2 0.389062 0.483333 2 0.404687 0.475 2 0.384375 0.522916 2 0.4 0.512499 2 0.401562 0.539583 2 0.396875 0.545833 2 0.403125 0.541666 2 0.407812 0.541666 2 0.404687 0.589583 2 0.407812 0.591666 2 0.403125 0.64375 1 0.40625 0.64375 1
0 0.129781 0.494385 0.252812 0.988771 0 0 0 0 0 0 0 0 0 0 0 0 0 0 0 0.16875 0.002083 1 0.040625 0.002083 2 0.25 0.16875 2 0.054687 0.227083 2 0.203125 0.11875 2 0.139062 0.083333 2 0.185937 0.2625 2 0.101562 0.266666 2 0.232812 0.635416 2 0.128124 0.65625 2 0.159375 0.85 2 0.145312 0.908333 2
0 0.348234 0.543031 0.04275 0.190021 0.34375 0.470833 2 0 0 0 0.339062 0.46875 2 0 0 0 0.33125 0.475 2 0.345312 0.4875 2 0.329687 0.489583 1 0.360937 0.49375 2 0 0 0 0.351562 0.472916 2 0 0 0 0.348437 0.539583 2 0.335937 0.54375 1 0.351562 0.58125 2 0 0 0 0.353125 0.629166 2 0 0 0
0 0.434438 0.542823 0.0374688 0.193479 0.440625 0.470833 2 0 0 0 0.440625 0.466666 2 0 0 0 0.4375 0.464583 2 0.417187 0.48125 2 0.435937 0.4875 2 0 0 0 0.434375 0.522916 2 0 0 0 0.446875 0.545833 1 0 0 0 0.432812 0.545833 2 0 0 0 0.440625 0.59375 2 0 0 0 0.445312 0.639583 1
0 0.322508 0.543479 0.0478281 0.180542 0.325 0.472916 2 0.326562 0.466666 2 0.321875 0.466666 2 0 0 0 0.314062 0.46875 2 0.332812 0.489583 1 0.303125 0.489583 1 0.332812 0.522916 2 0.304687 0.520833 2 0.325 0.495833 2 0.323437 0.520833 2 0.328125 0.541666 2 0.315625 0.541666 2 0.332812 0.589583 2 0.31875 0.591666 2 0.339062 0.63125 1 0.323437 0.622916 1
