0 0.398891 0.471297 0.271344 0.516893 0.464062 0.271028 2 0.457812 0.261682 2 0 0 0 0 0 0 0 0 0 0.3875 0.317757 2 0.467187 0.313084 2 0.359375 0.336448 2 0.434375 0.294392 2 0.364062 0.287383 2 0.395312 0.28271 2 0.389062 0.469626 2 0.420312 0.483644 2 0.465625 0.572429 2 0.365625 0.588785 2 0.490625 0.700934 2 0.2875 0.679906 2
0 0.0803281 0.571472 0.160656 0.359299 0 0 0 0 0 0 0 0 0 0 0 0 0.045312 0.455607 2 0.0625 0.5 2 0.026562 0.511682 2 0.10625 0.516355 2 0 0 0 0.145312 0.530373 2 0.046875 0.59813 2 0.035937 0.614485 2 0.003125 0.621495 2 0.10625 0.626168 2 0.079687 0.628504 2 0.045312 0.703271 2 0.003125 0.712616 2
0 0.594938 0.424977 0.0582187 0.273879 0.592187 0.31542 2 0.595312 0.310747 2 0.589062 0.308411 2 0 0 0 0.58125 0.310747 2 0.60625 0.338785 2 0.578125 0.343457 2 0.620312 0.378504 2 0.585937 0.380841 2 0.6 0.371495 2 0.614062 0.373831 2 0.60625 0.411214 2 0.58125 0.415887 2 0.60625 0.471962 2 0.584375 0.462616 2 0.60625 0.537383 2 0.576562 0.535046 2
0 0.65518 0.420257 0.0627969 0.273879 0.653125 0.308411 2 0.65625 0.301401 2 0.65 0.301401 2 0.657812 0.301401 2 0.642187 0.303738 2 0.667187 0.329439 2 0.635937 0.329439 2 0.678125 0.359813 2 0.640625 0.359813 2 0.65625 0.366822 2 0.664062 0.357476 2 0.665625 0.413551 2 0.64375 0.413551 2 0.665625 0.476635 2 0.6375 0.476635 2 0.667187 0.537383 2 0.632812 0.542056 2
0 0.732812 0.483014 0.0819375 0.149159 0.721875 0.429906 2 0.725 0.42757 2 0.71875 0.42757 2 0.728125 0.429906 2 0.714062 0.429906 2 0.73125 0.448598 2 0.709375 0.448598 2 0.759375 0.471962 2 0.701562 0.471962 2 0.75625 0.511682 2 0.723437 0.497663 2 0.73125 0.5 2 0.710937 0.5 2 0.751562 0.476635 2 0.698437 0.478971 2 0.759375 0.535046 2 0.701562 0.53271 2
0 0.777227 0.466098 0.0647969 0.180561 0.776562 0.401869 2 0.779687 0.397196 2 0.773437 0.394859 2 0 0 0 0.767187 0.394859 1 0.782812 0.415887 2 0.7625 0.418224 2 0.796875 0.450934 2 0.76875 0.453271 2 0.798437 0.457943 2 0.776562 0.42056 2 0.773437 0.46028 2 0.753125 0.46028 1 0.798437 0.469626 2 0.775 0.474299 2 0.790625 0.537383 2 0.767187 0.535046 1
0 0.798922 0.436157 0.0312812 0.150818 0 0 0 0 0 0 0 0 0 0 0 0 0 0 0 0 0 0 0 0 0 0 0 0 0 0 0 0 0 0 0 0 0 0 0 0 0 0 0 0 0 0 0 0 0 0 0 0 0 0 0
0 0.0495938 0.159556 0.0510938 0.0719159 0 0 0 0 0 0 0 0 0 0 0 0 0 0 0 0 0 0 0 0 0 0 0 0 0 0 0 0 0 0 0 0 0 0 0 0 0 0 0 0 0 0 0 0 0 0 0 0 0 0 0
0 0.968125 0.417979 0.06375 0.256192 0.973437 0.322429 2 0.976562 0.31542 2 0.970312 0.31542 2 0 0 0 0.9625 0.317757 1 0.984375 0.341121 1 0.95 0.338785 2 0.985937 0.376168 2 0.942187 0.364485 2 0.985937 0.394859 2 0.934375 0.392523 1 0.976562 0.399532 2 0.964062 0.401869 2 0.995312 0.450934 2 0.971875 0.46028 2 0.985937 0.504672 1 0.982812 0.518691 2
0 0.469578 0.174428 0.0420312 0.0620327 0 0 0 0 0 0 0 0 0 0 0 0 0 0 0 0 0 0 0 0 0 0 0 0 0 0 0 0 0 0 0 0 0 0 0 0 0 0 0 0 0 0 0 0 0 0 0 0 0 0 0
0 0.332875 0.167418 0.0375625 0.0606776 0 0 0 0 0 0 0 0 0 0 0 0 0 0 0 0 0 0 0 0 0 0 0 0 0 0 0 0 0 0 0 0 0 0 0 0 0 0 0 0 0 0 0 0 0 0 0 0 0 0 0
0 0.286195 0.485654 0.0757031 0.170981 0.298437 0.432242 2 0.3 0.42757 2 0.29375 0.42757 2 0.304687 0.429906 2 0.2875 0.432242 2 0.30625 0.457943 2 0.273437 0.455607 2 0.30625 0.488317 2 0.285937 0.49299 2 0.295312 0.502336 2 0.307812 0.488317 2 0.275 0.514018 2 0.259375 0.518691 2 0.298437 0.514018 2 0.25 0.56542 1 0.296875 0.563084 2 0 0 0
0 0.865703 0.464299 0.0785937 0.186449 0.853125 0.392523 2 0.85625 0.390186 2 0.848437 0.390186 2 0 0 0 0.842187 0.392523 1 0.865625 0.42056 1 0.834375 0.42056 2 0.864062 0.469626 2 0.839062 0.46028 2 0.859375 0.490654 2 0.860937 0.485981 2 0.859375 0.474299 2 0.8375 0.476635 2 0.896875 0.471962 2 0.846875 0.471962 2 0.885937 0.537383 2 0.848437 0.539719 2
0 0.471875 0.30257 0.94375 0.567757 0 0 0 0 0 0 0 0 0 0 0 0 0 0 0 0 0 0 0 0 0 0 0 0 0 0 0 0 0 0 0 0 0 0 0 0 0 0 0 0 0 0 0 0 0 0 0 0 0 0 0
