0 0.258431 0.560678 0.103366 0.280899 0.277777 0.480392 2 0.281045 0.468954 2 0.264705 0.472222 2 0 0 0 0.232026 0.478758 2 0.254901 0.534313 2 0.228758 0.545751 1 0.253267 0.609477 2 0.240196 0.640522 2 0.279411 0.637254 2 0.308823 0.656862 1 0 0 0 0.214052 0.665032 2 0 0 0 0.330065 0.694444 1 0 0 0 0.343137 0.831699 1
0 0.263995 0.69933 0.326944 0.461405 0.253267 0.516339 2 0 0 0 0.24183 0.504901 2 0 0 0 0.215686 0.513071 2 0.161764 0.560457 2 0.197712 0.570261 2 0 0 0 0.156862 0.686274 2 0 0 0 0.137254 0.787581 2 0.116013 0.732026 2 0.129084 0.751633 2 0.312091 0.758169 2 0.321895 0.727124 1 0.282679 0.898692 2 0.372549 0.828431 2
0 0.600588 0.534289 0.171111 0.245997 0.537581 0.457516 2 0.547385 0.45098 2 0 0 0 0.576797 0.457516 2 0 0 0 0.604575 0.485294 2 0.566993 0.480392 2 0.552287 0.560457 2 0.529411 0.545751 2 0.531045 0.532679 2 0.539215 0.573529 2 0.638888 0.607843 2 0.604575 0.599673 2 0 0 0 0 0 0 0 0 0 0 0 0
0 0.693922 0.697116 0.263889 0.493611 0.656862 0.506535 1 0.663398 0.495098 2 0 0 0 0.689542 0.511437 2 0 0 0 0.69281 0.563725 2 0.777777 0.562091 2 0.620915 0.678104 2 0 0 0 0.589869 0.656862 2 0 0 0 0.730392 0.758169 2 0.781045 0.753267 2 0.625816 0.75 2 0.62745 0.687908 2 0.65196 0.915032 2 0.557189 0.833333 1
0 0.299714 0.41223 0.040049 0.0509314 0 0 0 0 0 0 0 0 0 0 0 0 0 0 0 0 0 0 0 0 0 0 0 0 0 0 0 0 0 0 0 0 0 0 0 0 0 0 0 0 0 0 0 0 0 0 0 0 0 0 0
0 0.475596 0.43777 0.0736438 0.0890686 0 0 0 0.45098 0.419934 2 0 0 0 0.464052 0.423202 2 0 0 0 0.462418 0.45915 2 0.495098 0.45098 1 0 0 0 0.455882 0.465686 2 0 0 0 0.446078 0.44281 2 0 0 0 0 0 0 0 0 0 0 0 0 0 0 0 0 0 0
0 0.742582 0.481601 0.102712 0.172157 0.702614 0.454248 1 0.705882 0.444444 2 0.696078 0.449346 1 0.736928 0.447712 2 0 0 0 0 0 0 0 0 0 0 0 0 0 0 0 0 0 0 0 0 0 0 0 0 0 0 0 0 0 0 0 0 0 0 0 0 0 0 0
0 0.301487 0.516495 0.101536 0.203775 0.316993 0.468954 2 0 0 0 0.303921 0.460784 2 0 0 0 0.271241 0.465686 1 0.303921 0.501633 2 0.261437 0.517973 1 0.336601 0.537581 2 0.271241 0.589869 1 0.334967 0.503267 2 0.308823 0.571895 2 0.302287 0.599673 2 0.271241 0.611111 1 0 0 0 0 0 0 0 0 0 0 0 0
0 0.422672 0.442614 0.0631536 0.068366 0 0 0 0 0 0 0 0 0 0 0 0 0 0 0 0 0 0 0 0 0 0 0 0 0 0 0 0 0 0 0 0 0 0 0 0 0 0 0 0 0 0 0 0 0 0 0 0 0 0 0
0 0.390147 0.45576 0.0820588 0.0871732 0 0 0 0.356209 0.447712 2 0 0 0 0.366013 0.447712 2 0 0 0 0.364379 0.477124 2 0.419934 0.47549 2 0.361111 0.534313 1 0 0 0 0 0 0 0 0 0 0 0 0 0 0 0 0 0 0 0 0 0 0 0 0 0 0 0
0 0.547729 0.399444 0.0447059 0.0461111 0 0 0 0 0 0 0 0 0 0 0 0 0 0 0 0 0 0 0 0 0 0 0 0 0 0 0 0 0 0 0 0 0 0 0 0 0 0 0 0 0 0 0 0 0 0 0 0 0 0 0
0 0.199142 0.447794 0.0520752 0.0602614 0 0 0 0 0 0 0 0 0 0 0 0 0 0 0 0 0 0 0 0 0 0 0 0 0 0 0 0 0 0 0 0 0 0 0 0 0 0 0 0 0 0 0 0 0 0 0 0 0 0 0
0 0.530163 0.464681 0.0501961 0.122042 0 0 0 0 0 0 0 0 0 0 0 0 0 0 0 0 0 0 0 0 0 0 0 0 0 0 0 0 0 0 0 0 0 0 0 0 0 0 0 0 0 0 0 0 0 0 0 0 0 0 0
