0 0.529094 0.442354 0.407156 0.63815 0.534375 0.23185 2 0.540625 0.217798 2 0.526562 0.217798 2 0 0 0 0.503125 0.203747 2 0.557812 0.222482 2 0.459375 0.285714 2 0.6 0.210772 2 0.415625 0.355971 2 0.642187 0.206088 2 0.357812 0.409836 2 0.5875 0.400468 2 0.532812 0.433255 2 0.648437 0.444964 2 0.557812 0.52459 2 0.678125 0.639344 2 0.589062 0.69555 2
0 0.876531 0.580761 0.0899062 0.385222 0.84375 0.442622 2 0.85 0.428571 2 0 0 0 0.873437 0.423887 2 0 0 0 0.865625 0.449648 2 0.898437 0.477751 2 0.882812 0.503512 2 0.917187 0.557377 1 0.851562 0.578454 2 0.876562 0.620608 2 0.873437 0.608899 2 0.907812 0.620608 2 0.857812 0.737704 2 0.870312 0.735362 2 0 0 0 0 0 0
0 0.361992 0.654333 0.0701406 0.150164 0 0 0 0 0 0 0 0 0 0 0 0 0 0 0 0 0 0 0 0 0 0 0 0 0 0 0 0 0 0 0 0 0 0 0 0 0 0 0 0 0 0 0 0 0 0 0 0 0 0 0
0 0.376453 0.877342 0.0729687 0.142974 0.367187 0.831381 2 0.36875 0.826697 2 0.367187 0.829039 2 0.373437 0.824355 2 0 0 0 0.379687 0.833723 2 0.364062 0.847775 2 0.398437 0.843091 2 0.357812 0.864168 2 0.404687 0.859484 2 0.346875 0.875878 2 0.3875 0.87822 2 0.373437 0.885245 2 0.390625 0.911007 2 0.367187 0.908665 2 0.39375 0.941451 2 0.360937 0.943793 1
0 0.393594 0.690398 0.0264688 0.0886651 0 0 0 0 0 0 0 0 0 0 0 0 0 0 0 0 0 0 0 0 0 0 0 0 0 0 0 0 0 0 0 0 0 0 0 0 0 0 0 0 0 0 0 0 0 0 0 0 0 0 0
0 0.274289 0.830304 0.0261719 0.0915222 0 0 0 0 0 0 0 0 0 0 0 0 0 0 0 0 0 0 0 0 0 0 0 0 0 0 0 0 0 0 0 0 0 0 0 0 0 0 0 0 0 0 0 0 0 0 0 0 0 0 0
0 0.218117 0.809274 0.0763906 0.158923 0 0 0 0 0 0 0 0 0 0 0 0 0 0 0 0 0 0 0 0 0 0 0 0 0 0 0 0 0 0 0 0 0 0 0 0 0 0 0 0 0 0 0 0 0 0 0 0 0 0 0
0 0.0641172 0.856288 0.0992031 0.145176 0.051562 0.814988 2 0.051562 0.810304 2 0.05 0.812646 2 0 0 0 0.04375 0.81733 2 0.053125 0.819672 2 0.039062 0.831381 2 0.06875 0.803278 2 0.025 0.843091 2 0.079687 0.789227 2 0.01875 0.864168 2 0.060937 0.859484 2 0.053125 0.868852 2 0.08125 0.864168 2 0.0625 0.875878 2 0.1 0.892271 2 0.075 0.911007 2
0 0.94368 0.628782 0.0935156 0.225574 0 0 0 0 0 0 0 0 0 0.934375 0.56206 2 0 0 0 0.957812 0.62295 2 0.915625 0.620608 1 0.975 0.702576 2 0 0 0 0.935937 0.700234 2 0 0 0 0 0 0 0 0 0 0 0 0 0 0 0 0 0 0 0 0 0
0 0.40575 0.906171 0.0189375 0.0832553 0 0 0 0 0 0 0 0 0 0 0 0 0 0 0 0 0 0 0 0 0 0 0 0 0 0 0 0 0 0 0 0 0 0 0 0 0 0 0 0 0 0 0 0 0 0 0 0 0 0 0
0 0.150125 0.847834 0.02825 0.0825527 0 0 0 0 0 0 0 0 0 0 0 0 0 0 0 0 0 0 0 0 0 0 0 0 0 0 0 0 0 0 0 0 0 0 0 0 0 0 0 0 0 0 0 0 0 0 0 0 0 0 0
0 0.1675 0.854883 0.011875 0.0350585 0 0 0 0 0 0 0 0 0 0 0 0 0 0 0 0 0 0 0 0 0 0 0 0 0 0 0 0 0 0 0 0 0 0 0 0 0 0 0 0 0 0 0 0 0 0 0 0 0 0 0
