0 0.535539 0.473875 0.0415781 0.148167 0.542187 0.416666 2 0 0 0 0.540625 0.4125 2 0 0 0 0.534375 0.410416 2 0.540625 0.43125 2 0.526562 0.425 2 0.542187 0.452083 2 0.523437 0.454166 2 0 0 0 0 0 0 0.539062 0.46875 2 0.529687 0.46875 2 0.540625 0.508333 2 0.53125 0.502083 2 0.540625 0.53125 2 0.521875 0.522916 2
0 0.65357 0.437365 0.0326094 0.0904792 0 0 0 0 0 0 0 0 0 0 0 0 0 0 0 0 0 0 0 0 0 0 0 0 0 0 0 0 0 0 0 0 0 0 0 0 0 0 0 0 0 0 0 0 0 0 0 0 0 0 0
0 0.685102 0.455333 0.0323281 0.119042 0 0 0 0 0 0 0 0 0 0 0 0 0 0 0 0 0 0 0 0 0 0 0 0 0 0 0 0 0 0 0 0 0 0 0 0 0 0 0 0 0 0 0 0 0 0 0 0 0 0 0
0 0.731734 0.434198 0.03975 0.0861458 0 0 0 0 0 0 0 0 0 0 0 0 0 0 0 0 0 0 0 0 0 0 0 0 0 0 0 0 0 0 0 0 0 0 0 0 0 0 0 0 0 0 0 0 0 0 0 0 0 0 0
0 0.871352 0.457302 0.0438281 0.119104 0 0 0 0 0 0 0 0 0 0.873437 0.40625 2 0 0 0 0.867187 0.422916 2 0.885937 0.422916 2 0.859375 0.441666 2 0.896875 0.435416 1 0.851562 0.458333 2 0.8875 0.441666 2 0.86875 0.4625 2 0.88125 0.4625 2 0.870312 0.497916 2 0.882812 0.497916 2 0 0 0 0 0 0
0 0.834273 0.447573 0.0300156 0.109063 0 0 0 0 0 0 0 0 0 0 0 0 0 0 0 0 0 0 0 0 0 0 0 0 0 0 0 0 0 0 0 0 0 0 0 0 0 0 0 0 0 0 0 0 0 0 0 0 0 0 0
0 0.722266 0.51825 0.105219 0.105208 0 0 0 0 0 0 0 0 0 0.715625 0.491666 2 0 0 0 0.7375 0.489583 2 0.696875 0.51875 2 0.759375 0.508333 2 0.678125 0.552083 2 0.7625 0.529166 2 0 0 0 0.75 0.547916 2 0.723437 0.554166 2 0 0 0 0 0 0 0 0 0 0 0 0
0 0.372742 0.479302 0.0418594 0.126479 0 0 0 0 0 0 0 0 0 0 0 0 0 0 0 0.359375 0.41875 2 0.38125 0.41875 2 0.354687 0.4375 2 0.389062 0.439583 2 0.360937 0.447916 2 0.382812 0.452083 2 0.364062 0.460416 2 0.378125 0.460416 2 0.36875 0.5 2 0.382812 0.5 2 0.370312 0.53125 2 0.378125 0.525 2
0 0.403062 0.432938 0.0238125 0.0433333 0 0 0 0 0 0 0 0 0 0 0 0 0 0 0 0 0 0 0 0 0 0 0 0 0 0 0 0 0 0 0 0 0 0 0 0 0 0 0 0 0 0 0 0 0 0 0 0 0 0 0
0 0.273258 0.529698 0.0305781 0.0743542 0 0 0 0 0 0 0 0 0 0 0 0 0 0 0 0 0 0 0 0 0 0 0 0 0 0 0 0 0 0 0 0 0 0 0 0 0 0 0 0 0 0 0 0 0 0 0 0 0 0 0
0 0.473555 0.465292 0.0373281 0.117167 0 0 0 0 0 0 0 0 0 0 0 0 0 0 0 0 0 0 0 0 0 0 0 0 0 0 0 0 0 0 0 0 0 0 0 0 0 0 0 0 0 0 0 0 0 0 0 0 0 0 0
0 0.606477 0.445531 0.0199531 0.0755625 0 0 0 0 0 0 0 0 0 0 0 0 0 0 0 0 0 0 0 0 0 0 0 0 0 0 0 0 0 0 0 0 0 0 0 0 0 0 0 0 0 0 0 0 0 0 0 0 0 0 0
0 0.783906 0.465844 0.0324062 0.112146 0 0 0 0 0 0 0 0 0 0 0 0 0 0 0 0 0 0 0 0 0 0 0 0 0 0 0 0 0 0 0 0 0 0 0 0 0 0 0 0 0 0 0 0 0 0 0 0 0 0 0
0 0.5875 0.45625 0.821875 0.708333 0 0 0 0 0 0 0 0 0 0 0 0 0 0 0 0 0 0 0 0 0 0 0 0 0 0 0 0 0 0 0 0 0 0 0 0 0 0 0 0 0 0 0 0 0 0 0 0 0 0 0
