0 0.596484 0.34493 0.0363125 0.0450467 0 0 0 0 0 0 0 0 0 0 0 0 0 0 0 0 0 0 0 0 0 0 0 0 0 0 0 0 0 0 0 0 0 0 0 0 0 0 0 0 0 0 0 0 0 0 0 0 0 0 0
0 0.32343 0.331308 0.0320469 0.0649065 0 0 0 0 0 0 0 0 0 0 0 0 0 0 0 0 0 0 0 0 0 0 0 0 0 0 0 0 0 0 0 0 0 0 0 0 0 0 0 0 0 0 0 0 0 0 0 0 0 0 0
0 0.247008 0.293481 0.0281094 0.0698598 0 0 0 0 0 0 0 0 0 0 0 0 0 0 0 0 0 0 0 0 0 0 0 0 0 0 0 0 0 0 0 0 0 0 0 0 0 0 0 0 0 0 0 0 0 0 0 0 0 0 0
0 0.245703 0.177255 0.027625 0.041285 0 0 0 0 0 0 0 0 0 0 0 0 0 0 0 0 0 0 0 0 0 0 0 0 0 0 0 0 0 0 0 0 0 0 0 0 0 0 0 0 0 0 0 0 0 0 0 0 0 0 0
0 0.460242 0.393727 0.161609 0.492827 0.5 0.189252 2 0 0 0 0.495312 0.184579 2 0 0 0 0.48125 0.184579 2 0.4625 0.233644 2 0.465625 0.235981 2 0.457812 0.308411 2 0.445312 0.313084 2 0.485937 0.310747 2 0.476562 0.322429 2 0.426562 0.322429 2 0.423437 0.322429 2 0.44375 0.478971 2 0.442187 0.478971 2 0.421875 0.586448 2 0.4375 0.602803 2
0 0.247187 0.206963 0.0195312 0.0389252 0 0 0 0 0 0 0 0 0 0 0 0 0 0 0 0 0 0 0 0 0 0 0 0 0 0 0 0 0 0 0 0 0 0 0 0 0 0 0 0 0 0 0 0 0 0 0 0 0 0 0
0 0.822789 0.37528 0.0556094 0.139346 0.81875 0.329439 2 0.820312 0.324766 2 0.815625 0.324766 2 0.823437 0.324766 2 0.810937 0.327102 2 0.826562 0.345794 2 0.803125 0.345794 2 0.835937 0.376168 2 0.803125 0.373831 2 0.826562 0.373831 2 0.814062 0.373831 2 0.823437 0.385514 2 0.807812 0.385514 2 0.835937 0.390186 2 0.815625 0.390186 2 0.840625 0.432242 2 0.821875 0.436915 2
0 0.63843 0.332675 0.0284844 0.0605374 0 0 0 0 0 0 0 0 0 0 0 0 0 0 0 0 0 0 0 0 0 0 0 0 0 0 0 0 0 0 0 0 0 0 0 0 0 0 0 0 0 0 0 0 0 0 0 0 0 0 0
0 0.574992 0.337745 0.0188281 0.061285 0 0 0 0 0 0 0 0 0 0 0 0 0 0 0 0 0 0 0 0 0 0 0 0 0 0 0 0 0 0 0 0 0 0 0 0 0 0 0 0 0 0 0 0 0 0 0 0 0 0 0
0 0.545648 0.330911 0.0424531 0.0692991 0 0 0 0 0 0 0 0 0 0 0 0 0 0 0 0 0 0 0 0 0 0 0 0 0 0 0 0 0 0 0 0 0 0 0 0 0 0 0 0 0 0 0 0 0 0 0 0 0 0 0
0 0.737875 0.323843 0.037125 0.0785748 0 0 0 0 0 0 0 0 0 0 0 0 0 0 0 0 0 0 0 0 0 0 0 0 0 0 0 0 0 0 0 0 0 0 0 0 0 0 0 0 0 0 0 0 0 0 0 0 0 0 0
0 0.727859 0.28479 0.0259062 0.0587383 0 0 0 0 0 0 0 0 0 0 0 0 0 0 0 0 0 0 0 0 0 0 0 0 0 0 0 0 0 0 0 0 0 0 0 0 0 0 0 0 0 0 0 0 0 0 0 0 0 0 0
0 0.764984 0.281437 0.0292187 0.0487617 0 0 0 0 0 0 0 0 0 0 0 0 0 0 0 0 0 0 0 0 0 0 0 0 0 0 0 0 0 0 0 0 0 0 0 0 0 0 0 0 0 0 0 0 0 0 0 0 0 0 0
0 0.5 0.473131 0.996875 0.946262 0 0 0 0 0 0 0 0 0 0 0 0 0 0 0 0 0 0 0 0 0 0 0 0 0 0 0 0 0 0 0 0 0 0 0 0 0 0 0 0 0 0 0 0 0 0 0 0 0 0 0
