0 0.549383 0.326187 0.252266 0.38375 0.560937 0.266666 2 0 0 0 0.553125 0.256249 2 0 0 0 0.512499 0.235416 2 0.554687 0.314583 2 0.464062 0.314583 2 0.560937 0.464583 2 0.445312 0.470833 2 0.604687 0.477083 2 0.53125 0.441666 2 0.553125 0.508333 1 0.476562 0.529166 1 0 0 0 0 0 0 0 0 0 0 0 0
0 0.409398 0.234 0.177859 0.26175 0.403125 0.191666 2 0.403125 0.172916 2 0 0 0 0.421875 0.16875 2 0 0 0 0.432812 0.216666 2 0.470312 0.204166 2 0.420312 0.341666 2 0.44375 0.31875 1 0.39375 0.325 2 0.364062 0.30625 2 0 0 0 0 0 0 0 0 0 0 0 0 0 0 0 0 0 0
0 0.638813 0.287948 0.113062 0.319354 0.639062 0.25 2 0.648437 0.241666 2 0.632812 0.233333 2 0 0 0 0.604687 0.208333 2 0.640625 0.291666 2 0.56875 0.291666 1 0.634375 0.39375 2 0.559375 0.395833 1 0.676562 0.404166 2 0.610937 0.45 1 0 0 0 0 0 0 0 0 0 0 0 0 0 0 0 0 0 0
0 0.860773 0.213708 0.0573906 0.120208 0.8875 0.2 1 0 0 0 0.884375 0.189583 2 0 0 0 0.865625 0.19375 2 0 0 0 0.865625 0.25 2 0 0 0 0 0 0 0.901562 0.260416 1 0.904687 0.26875 1 0 0 0 0 0 0 0 0 0 0 0 0 0 0 0 0 0 0
0 0.250281 0.314604 0.332031 0.624708 0.320312 0.183333 2 0 0 0 0.317187 0.154166 2 0 0 0 0.257812 0.104166 2 0.198437 0.26875 2 0.16875 0.291666 2 0.254687 0.458333 2 0.23125 0.560416 2 0.34375 0.552083 2 0.382812 0.6375 1 0.204687 0.720833 1 0.179687 0.735416 1 0 0 0 0 0 0 0 0 0 0 0 0
0 0.954938 0.188875 0.0631875 0.105667 0 0 0 0 0 0 0 0 0 0 0 0 0 0 0 0 0 0 0 0 0 0 0 0 0 0 0 0 0 0 0 0 0 0 0 0 0 0 0 0 0 0 0 0 0 0 0 0 0 0 0
0 0.978852 0.159 0.0422969 0.151667 0.992187 0.10625 2 0.992187 0.104166 2 0.9875 0.104166 2 0 0 0 0.976562 0.104166 2 0.996875 0.139583 2 0.957812 0.147916 1 0 0 0 0 0 0 0 0 0 0 0 0 0 0 0 0.967187 0.208333 1 0 0 0 0 0 0 0 0 0 0 0 0
0 0.880953 0.511344 0.238094 0.319729 0 0 0 0 0 0 0 0 0 0 0 0 0 0 0 0 0 0 0 0 0 0 0 0 0 0 0 0.85625 0.470833 2 0.898437 0.425 2 0 0 0 0 0 0 0 0 0 0 0 0 0 0 0 0 0 0
0 0.805133 0.183865 0.0900469 0.109146 0.834375 0.175 2 0 0 0 0.828125 0.166666 2 0 0 0 0.809375 0.16875 2 0.840625 0.2125 2 0.782812 0.2125 2 0 0 0 0 0 0 0 0 0 0 0 0 0 0 0 0 0 0 0 0 0 0 0 0 0 0 0 0 0 0
0 0.340453 0.226969 0.121344 0.143813 0.354687 0.191666 2 0.357812 0.18125 2 0.346875 0.183333 2 0 0 0 0.326562 0.185416 2 0.365625 0.21875 2 0.304687 0.220833 1 0.392187 0.2625 2 0.284375 0.28125 2 0 0 0 0.320312 0.3125 1 0 0 0 0 0 0 0 0 0 0 0 0 0 0 0 0 0 0
0 0.948594 0.228083 0.08825 0.119667 0 0 0 0 0 0 0 0 0 0 0 0 0.971875 0.2 2 0.925 0.222916 2 0.971875 0.2375 2 0 0 0 0.985937 0.29375 1 0 0 0 0 0 0 0.91875 0.320833 1 0.960937 0.333333 1 0 0 0 0 0 0 0 0 0 0 0 0
0 0.877984 0.145927 0.0277187 0.0336875 0 0 0 0 0 0 0 0 0 0 0 0 0 0 0 0 0 0 0 0 0 0 0 0 0 0 0 0 0 0 0 0 0 0 0 0 0 0 0 0 0 0 0 0 0 0 0 0 0 0 0
0 0.772695 0.163 0.0644219 0.120083 0 0 0 0 0 0 0 0 0 0 0 0 0 0 0 0 0 0 0 0 0 0 0 0 0 0 0 0 0 0 0 0 0 0 0 0 0 0 0 0 0 0 0 0 0 0 0 0 0 0 0
0 0.377344 0.183333 0.0453125 0.108333 0 0 0 0 0 0 0 0 0 0 0 0 0 0 0 0 0 0 0 0 0 0 0 0 0 0 0 0 0 0 0 0 0 0 0 0 0 0 0 0 0 0 0 0 0 0 0 0 0 0 0
