0 0.0511016 0.639322 0.0901719 0.177523 0 0 0 0 0 0 0.05625 0.570093 2 0 0 0 0.048437 0.574766 2 0.025 0.591121 2 0.046875 0.59813 2 0 0 0 0.071875 0.621495 2 0 0 0 0.084375 0.630841 2 0.017187 0.67056 2 0.034375 0.67757 2 0.048437 0.647196 2 0.08125 0.644859 2 0.028125 0.691588 2 0.070312 0.698598 2
0 0.163398 0.339661 0.0460781 0.153575 0 0 0 0 0 0 0 0 0 0 0 0 0 0 0 0 0 0 0 0 0 0 0 0 0 0 0 0 0 0 0 0 0 0 0 0 0 0 0 0 0 0 0 0 0 0 0 0 0 0 0
0 0.902367 0.239498 0.0283594 0.0828738 0 0 0 0 0 0 0 0 0 0 0 0 0 0 0 0 0 0 0 0 0 0 0 0 0 0 0 0 0 0 0 0 0 0 0 0 0 0 0 0 0 0 0 0 0 0 0 0 0 0 0
0 0.880992 0.241893 0.0258906 0.0598131 0 0 0 0 0 0 0 0 0 0 0 0 0 0 0 0 0 0 0 0 0 0 0 0 0 0 0 0 0 0 0 0 0 0 0 0 0 0 0 0 0 0 0 0 0 0 0 0 0 0 0
0 0.853445 0.237815 0.0412969 0.0718458 0 0 0 0 0 0 0 0 0 0 0 0 0 0 0 0 0 0 0 0 0 0 0 0 0 0 0 0 0 0 0 0 0 0 0 0 0 0 0 0 0 0 0 0 0 0 0 0 0 0 0
0 0.820133 0.206554 0.0391094 0.055257 0 0 0 0 0 0 0 0 0 0 0 0 0 0 0 0 0 0 0 0 0 0 0 0 0 0 0 0 0 0 0 0 0 0 0 0 0 0 0 0 0 0 0 0 0 0 0 0 0 0 0
0 0.715734 0.213446 0.0327188 0.0655374 0 0 0 0 0 0 0 0 0 0 0 0 0 0 0 0 0 0 0 0 0 0 0 0 0 0 0 0 0 0 0 0 0 0 0 0 0 0 0 0 0 0 0 0 0 0 0 0 0 0 0
0 0.771367 0.254813 0.0339844 0.0764953 0 0 0 0 0 0 0 0 0 0 0 0 0 0 0 0 0 0 0 0 0 0 0 0 0 0 0 0 0 0 0 0 0 0 0 0 0 0 0 0 0 0 0 0 0 0 0 0 0 0 0
0 0.823984 0.24722 0.0263437 0.0443925 0 0 0 0 0 0 0 0 0 0 0 0 0 0 0 0 0 0 0 0 0 0 0 0 0 0 0 0 0 0 0 0 0 0 0 0 0 0 0 0 0 0 0 0 0 0 0 0 0 0 0
0 0.994109 0.267196 0.0117813 0.0488318 0 0 0 0 0 0 0 0 0 0 0 0 0 0 0 0 0 0 0 0 0 0 0 0 0 0 0 0 0 0 0 0 0 0 0 0 0 0 0 0 0 0 0 0 0 0 0 0 0 0 0
0 0.786523 0.208306 0.0212656 0.0617523 0 0 0 0 0 0 0 0 0 0 0 0 0 0 0 0 0 0 0 0 0 0 0 0 0 0 0 0 0 0 0 0 0 0 0 0 0 0 0 0 0 0 0 0 0 0 0 0 0 0 0
0 0.815875 0.310993 0.030625 0.0423131 0 0 0 0 0 0 0 0 0 0 0 0 0 0 0 0 0 0 0 0 0 0 0 0 0 0 0 0 0 0 0 0 0 0 0 0 0 0 0 0 0 0 0 0 0 0 0 0 0 0 0
0 0.804148 0.622044 0.101234 0.271238 0 0 0 0 0 0 0 0 0 0.809375 0.507009 2 0 0 0 0.796875 0.530373 2 0.825 0.546728 2 0.78125 0.572429 2 0.796875 0.56542 2 0.770312 0.570093 2 0.776562 0.556074 2 0.79375 0.607476 2 0.810937 0.614485 2 0.778125 0.656542 2 0.823437 0.675233 2 0.764062 0.719626 2 0.8375 0.726635 2
0 0.5 0.337617 0.996875 0.675234 0 0 0 0 0 0 0 0 0 0 0 0 0 0 0 0 0 0 0 0 0 0 0 0 0 0 0 0 0 0 0 0 0 0 0 0 0 0 0 0 0 0 0 0 0 0 0 0 0 0 0
