0 0.722418 0.227758 0.441285 0.337734 0.780373 0.109375 2 0.796728 0.104687 2 0.78271 0.098437 2 0 0 0 0.764018 0.0875 2 0.806074 0.132812 2 0.731308 0.107812 2 0.873831 0.171875 2 0.654205 0.125 2 0.904205 0.164062 2 0.649532 0.142187 2 0.703271 0.223437 2 0.656542 0.220312 2 0.78271 0.270312 2 0.626168 0.28125 2 0.703271 0.35625 2 0.528037 0.370312 2
0 0.661811 0.451852 0.0683879 0.0965469 0 0 0 0 0 0 0 0 0 0 0 0 0 0 0 0.691588 0.417187 2 0.661214 0.407812 2 0.686915 0.439062 2 0.647196 0.43125 2 0.686915 0.457812 2 0.649532 0.451562 2 0.675233 0.464062 2 0.656542 0.459375 2 0.67056 0.4875 2 0.647196 0.484375 2 0 0 0 0 0 0
0 0.762839 0.483539 0.0649766 0.0623594 0 0 0 0 0 0 0 0 0 0 0 0 0 0 0 0 0 0 0 0 0 0 0 0 0 0 0 0 0 0 0 0 0 0 0 0 0 0 0 0 0 0 0 0 0 0 0 0 0 0 0
0 0.827909 0.476617 0.0770794 0.0951094 0 0 0 0 0 0 0 0 0 0.820093 0.445312 2 0 0 0 0.824766 0.45625 2 0.85514 0.464062 2 0.813084 0.475 2 0 0 0 0.801401 0.495312 2 0 0 0 0.822429 0.496875 2 0.850467 0.501562 2 0 0 0 0 0 0 0 0 0 0 0 0
0 0.882745 0.49832 0.0561449 0.0625781 0 0 0 0 0 0 0 0 0 0 0 0 0 0 0 0 0 0 0 0 0 0 0 0 0 0 0 0 0 0 0 0 0 0 0 0 0 0 0 0 0 0 0 0 0 0 0 0 0 0 0
0 0.962173 0.505133 0.058972 0.0529219 0 0 0 0 0 0 0 0 0 0 0 0 0 0 0 0 0 0 0 0 0 0 0 0 0 0 0 0 0 0 0 0 0 0 0 0 0 0 0 0 0 0 0 0 0 0 0 0 0 0 0
0 0.312886 0.354102 0.133201 0.194953 0 0 0 0 0 0 0 0 0 0.324766 0.270312 2 0.362149 0.276562 2 0.296728 0.3 2 0.357476 0.304687 2 0.268691 0.332812 2 0.362149 0.339062 2 0 0 0 0.371495 0.359375 2 0.285046 0.378125 2 0.329439 0.379687 2 0.271028 0.429687 2 0.320093 0.43125 1 0.252336 0.470312 1 0.310747 0.475 1
0 0.0760514 0.288344 0.0903738 0.13925 0 0 0 0 0 0 0 0 0 0 0 0 0 0 0 0.107476 0.254687 2 0.072429 0.251562 2 0.093457 0.270312 2 0.053738 0.257812 2 0.091121 0.253125 2 0.06542 0.246875 2 0.077102 0.29375 2 0.056074 0.289062 2 0.072429 0.335937 2 0.042056 0.33125 2 0 0 0 0 0 0
0 0.600327 0.456883 0.0777103 0.0702344 0 0 0 0 0 0 0 0 0 0 0 0 0 0 0 0 0 0 0 0 0 0 0 0 0 0 0 0 0 0 0 0 0 0 0 0 0 0 0 0 0 0 0 0 0 0 0 0 0 0 0
0 0.71514 0.479687 0.0429439 0.0555312 0 0 0 0 0 0 0 0 0 0 0 0 0 0 0 0 0 0 0 0 0 0 0 0 0 0 0 0 0 0 0 0 0 0 0 0 0 0 0 0 0 0 0 0 0 0 0 0 0 0 0
0 0.186051 0.347336 0.101636 0.0822656 0.226635 0.328125 2 0.226635 0.321875 2 0.212616 0.321875 2 0 0 0 0.198598 0.31875 2 0.219626 0.339062 2 0.172897 0.326562 2 0 0 0 0 0 0 0 0 0 0 0 0 0.198598 0.364062 2 0.156542 0.359375 2 0.203271 0.354687 2 0.156542 0.335937 2 0.172897 0.370312 2 0.140186 0.351562 1
0 0.505923 0.349664 0.0758178 0.0502656 0 0 0 0 0 0 0 0 0 0 0 0 0 0 0 0 0 0 0 0 0 0 0 0 0 0 0 0 0 0 0 0 0 0 0 0 0 0 0 0 0 0 0 0 0 0 0 0 0 0 0
0 0.70396 0.470313 0.0570327 0.0610938 0 0 0 0 0 0 0 0 0 0 0 0 0 0 0 0 0 0 0 0 0 0 0 0 0 0 0 0 0 0 0 0 0 0 0 0 0 0 0 0 0 0 0 0 0 0 0 0 0 0 0
