0 0.206836 0.551833 0.369953 0.869958 0.167187 0.256249 2 0.192187 0.233333 2 0.14375 0.222916 2 0 0 0 0.085937 0.241666 2 0.221875 0.397916 2 0.045312 0.404166 2 0.259375 0.610416 2 0.007812 0.597916 1 0.3125 0.73125 2 0 0 0 0.240625 0.835416 2 0.110937 0.84375 2 0 0 0 0 0 0 0 0 0 0 0 0
0 0.33532 0.482583 0.190422 0.478 0 0 0 0 0 0 0 0 0 0 0 0 0.3125 0.347916 2 0.234375 0.447916 1 0.345312 0.452083 2 0 0 0 0.407812 0.595833 2 0 0 0 0.409375 0.514583 2 0.239062 0.714583 1 0.307812 0.733333 1 0 0 0 0 0 0 0 0 0 0 0 0
0 0.608844 0.611406 0.306937 0.777188 0.55625 0.34375 2 0.573437 0.316666 2 0.539062 0.316666 2 0.6125 0.335416 2 0.520312 0.333333 2 0.689062 0.5 2 0.49375 0.49375 2 0.789062 0.664583 1 0.471875 0.595833 2 0.717187 0.766666 1 0.489062 0.714583 2 0.651562 0.879166 2 0.548437 0.8625 2 0 0 0 0 0 0 0 0 0 0 0 0
0 0.766008 0.568167 0.466859 0.840458 0.739062 0.34375 2 0.776562 0.314583 2 0.714062 0.333333 2 0.854687 0.310416 2 0 0 0 0.984375 0.4625 2 0.796875 0.512499 2 0 0 0 0.801562 0.691666 2 0 0 0 0.632812 0.779166 2 0 0 0 0 0 0 0 0 0 0 0 0 0 0 0 0 0 0
0 0.448836 0.619146 0.159016 0.761708 0 0 0 0 0 0 0 0 0 0.467187 0.3125 1 0.523437 0.314583 1 0.426562 0.379166 2 0.534375 0.3875 1 0 0 0 0 0 0 0 0 0 0 0 0 0.425 0.6 1 0.510937 0.608333 1 0.434375 0.783333 2 0 0 0 0.395312 0.98125 2 0 0 0
0 0.383461 0.392854 0.0905781 0.224667 0.35625 0.364583 2 0.35625 0.35 2 0 0 0 0.38125 0.322916 2 0 0 0 0.423437 0.385416 1 0 0 0 0 0 0 0 0 0 0 0 0 0 0 0 0.432812 0.604166 1 0 0 0 0 0 0 0 0 0 0 0 0 0 0 0
0 0.218055 0.346219 0.0638281 0.100687 0.232812 0.360416 2 0.24375 0.345833 2 0.220312 0.34375 2 0 0 0 0 0 0 0 0 0 0 0 0 0 0 0 0 0 0 0 0 0 0 0 0 0 0 0 0 0 0 0 0 0 0 0 0 0 0 0 0 0 0
0 0.932992 0.351531 0.0556406 0.0935625 0 0 0 0 0 0 0 0 0 0.9125 0.35 2 0 0 0 0.895312 0.416666 1 0.96875 0.416666 1 0 0 0 0 0 0 0 0 0 0 0 0 0 0 0 0 0 0 0 0 0 0 0 0 0 0 0 0 0 0
0 0.885508 0.340646 0.0444844 0.0997917 0 0 0 0 0 0 0 0 0 0 0 0 0 0 0 0 0 0 0 0 0 0 0 0 0 0 0 0 0 0 0 0 0 0 0 0 0 0 0 0 0 0 0 0 0 0 0 0 0 0 0
0 0.642258 0.36775 0.0453906 0.0831667 0 0 0 0 0 0 0 0 0 0 0 0 0 0 0 0 0 0 0 0 0 0 0 0 0 0 0 0 0 0 0 0 0 0 0 0 0 0 0 0 0 0 0 0 0 0 0 0 0 0 0
0 0.974719 0.359448 0.0505625 0.102188 0 0 0 0 0 0 0 0 0 0 0 0 0 0 0 0 0 0 0 0 0 0 0 0 0 0 0 0 0 0 0 0 0 0 0 0 0 0 0 0 0 0 0 0 0 0 0 0 0 0 0
0 0.690328 0.398562 0.08175 0.081125 0 0 0 0 0 0 0 0 0 0 0 0 0 0 0 0.659375 0.385416 2 0.714062 0.3875 1 0 0 0 0 0 0 0 0 0 0 0 0 0 0 0 0 0 0 0 0 0 0 0 0 0 0 0 0 0 0
