0 0.465367 0.575 0.231422 0.822083 0 0 0 0 0 0 0 0 0 0.415625 0.364583 1 0.484375 0.375 2 0.378125 0.489583 2 0.507812 0.458333 2 0.375 0.6375 2 0.557812 0.329166 2 0 0 0 0.5375 0.2125 2 0.41875 0.75 2 0.498437 0.74375 2 0 0 0 0 0 0 0 0 0 0 0 0
0 0.634547 0.679781 0.173594 0.617979 0.595312 0.445833 2 0.60625 0.429166 2 0.585937 0.43125 2 0.628125 0.43125 2 0.576562 0.441666 1 0.659375 0.50625 2 0.576562 0.529166 2 0.717187 0.566666 2 0.5625 0.608333 2 0.65 0.560416 2 0.578125 0.635416 2 0.673437 0.7125 2 0.60625 0.725 2 0.68125 0.895833 2 0.625 0.902083 2 0 0 0 0 0 0
0 0.215602 0.616708 0.122484 0.541375 0.20625 0.452083 2 0.214062 0.441666 2 0.2 0.44375 1 0.228125 0.454166 2 0 0 0 0.240625 0.489583 2 0.185937 0.489583 2 0.25 0.429166 2 0.165625 0.429166 2 0.240625 0.372916 2 0.18125 0.375 2 0.2375 0.654166 2 0.19375 0.654166 2 0.253125 0.7375 2 0.201562 0.754166 2 0.257812 0.79375 2 0.215625 0.854166 2
0 0.147562 0.524208 0.0512813 0.229708 0.160937 0.427083 2 0.1625 0.422916 2 0.15625 0.422916 2 0 0 0 0.146875 0.425 2 0.167187 0.452083 1 0.142187 0.45 2 0 0 0 0.126562 0.483333 2 0 0 0 0.13125 0.483333 2 0.167187 0.512499 1 0.15 0.510416 2 0.154687 0.560416 2 0.15625 0.554166 2 0.1375 0.60625 2 0.164062 0.6125 2
0 0.0295 0.638865 0.0585312 0.259188 0.025 0.552083 2 0.028125 0.547916 2 0.01875 0.547916 2 0 0 0 0.010937 0.545833 2 0.03125 0.56875 2 0.007812 0.56875 2 0.040625 0.535416 2 0.001562 0.54375 2 0.026562 0.51875 2 0.009375 0.516666 2 0.028125 0.635416 2 0.00625 0.6375 2 0.029687 0.691666 2 0.007812 0.689583 2 0.032812 0.75 2 0.001562 0.74375 1
0 0.0631797 0.466969 0.0451094 0.116146 0 0 0 0 0 0 0 0 0 0 0 0 0 0 0 0 0 0 0 0 0 0 0 0 0 0 0 0 0 0 0 0 0 0 0 0 0 0 0 0 0 0 0 0 0 0 0 0 0 0 0
0 0.0315469 0.460135 0.0424062 0.118104 0 0 0 0 0 0 0 0 0 0 0 0 0 0 0 0 0 0 0 0 0 0 0 0 0 0 0 0 0 0 0 0 0 0 0 0 0 0 0 0 0 0 0 0 0 0 0 0 0 0 0
0 0.0138281 0.461625 0.0276563 0.121667 0 0 0 0 0 0 0 0 0 0 0 0 0 0 0 0 0 0 0 0 0 0 0 0 0 0 0 0 0 0 0 0 0 0 0 0 0 0 0 0 0 0 0 0 0 0 0 0 0 0 0
0 0.98818 0.648771 0.0236406 0.42225 0 0 0 0 0 0 0 0 0 0 0 0 0 0 0 0 0 0 0.990625 0.502083 2 0 0 0 0 0 0 0 0 0 0 0 0 0 0 0 0 0 0 0 0 0 0 0 0 0 0 0 0.9875 0.845833 2
0 0.706336 0.444667 0.0284219 0.06575 0 0 0 0 0 0 0 0 0 0 0 0 0 0 0 0 0 0 0 0 0 0 0 0 0 0 0 0 0 0 0 0 0 0 0 0 0 0 0 0 0 0 0 0 0 0 0 0 0 0 0
