0 0.179461 0.463556 0.0885469 0.328662 0.182812 0.330985 2 0.185937 0.326291 2 0.179687 0.323943 2 0 0 0 0.167187 0.321596 2 0.1875 0.359154 2 0.151562 0.35446 2 0.19375 0.40845 2 0.140625 0.406103 2 0.195312 0.455399 2 0.167187 0.406103 2 0.185937 0.450704 2 0.160937 0.450704 2 0.189062 0.523474 2 0.15625 0.521126 2 0.198437 0.600938 2 0.159375 0.603286 2
0 0.0723594 0.480399 0.0976875 0.327653 0 0 0 0 0 0 0 0 0 0.054687 0.34507 2 0.073437 0.340375 2 0.05 0.377934 2 0.089062 0.375586 2 0.0375 0.42723 2 0.101562 0.420187 2 0.028125 0.474178 2 0.107812 0.469483 2 0.059375 0.47183 2 0.084375 0.469483 2 0.064062 0.549295 2 0.075 0.542253 2 0.075 0.61737 2 0.06875 0.596244 2
0 0.316891 0.388216 0.0263437 0.132441 0 0 0 0 0 0 0 0 0 0 0 0 0 0 0 0 0 0 0 0 0 0 0 0 0 0 0 0 0 0 0 0 0 0 0 0 0 0 0 0 0 0 0 0 0 0 0 0 0 0 0
0 0.249102 0.378146 0.0210781 0.0935211 0 0 0 0 0 0 0 0 0 0 0 0 0 0 0 0 0 0 0 0 0 0 0 0 0 0 0 0 0 0 0 0 0 0 0 0 0 0 0 0 0 0 0 0 0 0 0 0 0 0 0
0 0.339711 0.339824 0.0208594 0.0520423 0 0 0 0 0 0 0 0 0 0 0 0 0 0 0 0 0 0 0 0 0 0 0 0 0 0 0 0 0 0 0 0 0 0 0 0 0 0 0 0 0 0 0 0 0 0 0 0 0 0 0
0 0.396313 0.33716 0.0200938 0.0297653 0 0 0 0 0 0 0 0 0 0 0 0 0 0 0 0 0 0 0 0 0 0 0 0 0 0 0 0 0 0 0 0 0 0 0 0 0 0 0 0 0 0 0 0 0 0 0 0 0 0 0
0 0.274094 0.391725 0.0327188 0.124624 0 0 0 0 0 0 0 0 0 0 0 0 0 0 0 0 0 0 0 0 0 0 0 0 0 0 0 0 0 0 0 0 0 0 0 0 0 0 0 0 0 0 0 0 0 0 0 0 0 0 0
0 0.97925 0.458979 0.0415 0.232324 0.970312 0.366197 2 0.971875 0.361502 2 0 0 0 0.978125 0.361502 2 0 0 0 0.976562 0.380281 2 0.992187 0.380281 2 0.992187 0.40845 2 0 0 0 0 0 0 0 0 0 0.979687 0.448356 2 0.99375 0.446009 2 0.979687 0.502347 2 0.989062 0.504694 2 0.979687 0.551643 2 0.990625 0.549295 2
0 0.895883 0.406538 0.0171406 0.0772535 0 0 0 0 0 0 0 0 0 0 0 0 0 0 0 0 0 0 0 0 0 0 0 0 0 0 0 0 0 0 0 0 0 0 0 0 0 0 0 0 0 0 0 0 0 0 0 0 0 0 0
0 0.131937 0.458028 0.0464062 0.247371 0 0 0 0 0 0 0 0 0 0 0 0 0 0 0 0 0 0 0.13125 0.375586 2 0 0 0 0.1125 0.392018 2 0 0 0 0.121875 0.375586 2 0 0 0 0.132812 0.434272 2 0 0 0 0.129687 0.507042 2 0 0 0 0.123437 0.556338 2
0 0.36325 0.339272 0.0261562 0.0341315 0 0 0 0 0 0 0 0 0 0 0 0 0 0 0 0 0 0 0 0 0 0 0 0 0 0 0 0 0 0 0 0 0 0 0 0 0 0 0 0 0 0 0 0 0 0 0 0 0 0 0
0 0.289062 0.387711 0.0200938 0.123592 0 0 0 0 0 0 0 0 0 0 0 0 0 0 0 0 0 0 0 0 0 0 0 0 0 0 0 0 0 0 0 0 0 0 0 0 0 0 0 0 0 0 0 0 0 0 0 0 0 0 0
0 0.258141 0.369237 0.0175625 0.0934038 0 0 0 0 0 0 0 0 0 0 0 0 0 0 0 0 0 0 0 0 0 0 0 0 0 0 0 0 0 0 0 0 0 0 0 0 0 0 0 0 0 0 0 0 0 0 0 0 0 0 0
