0 0.870492 0.525836 0.259016 0.687641 0.955503 0.234375 2 0.964871 0.223437 2 0.929742 0.225 2 0 0 0 0.882903 0.23125 2 0 0 0 0.843091 0.303125 2 0 0 0 0.779859 0.404687 2 0 0 0 0.789227 0.496875 2 0.967213 0.485937 2 0.880562 0.490625 2 0.978922 0.6625 2 0.845433 0.664062 2 0.990632 0.801562 2 0.8548 0.785937 2
0 0.720726 0.227477 0.131663 0.222984 0.74473 0.165625 2 0.75644 0.154687 2 0.718969 0.153125 2 0 0 0 0.665105 0.1625 1 0.754098 0.235937 2 0.655737 0.245312 1 0 0 0 0 0 0 0 0 0 0 0 0 0.770491 0.40625 1 0 0 0 0 0 0 0 0 0 0 0 0 0 0 0
0 0.839672 0.238219 0.0746136 0.0729375 0 0 0 0 0 0 0 0 0 0 0 0 0.871194 0.253125 2 0 0 0 0 0 0 0 0 0 0 0 0 0 0 0 0 0 0 0 0 0 0 0 0 0 0 0 0 0 0 0 0 0 0 0 0
0 0.367799 0.307789 0.211382 0.270047 0.4637 0.246875 2 0 0 0 0.437939 0.235937 2 0 0 0 0.355971 0.246875 2 0.360655 0.310937 2 0.334894 0.314062 2 0 0 0 0.311475 0.410937 1 0 0 0 0.440281 0.41875 1 0.405152 0.525 1 0.377049 0.529687 1 0 0 0 0 0 0 0 0 0 0 0 0
0 0.310621 0.577461 0.359836 0.821172 0.250585 0.25 2 0.259953 0.229687 2 0.222482 0.234375 2 0 0 0 0 0 0 0.295081 0.360937 2 0.138173 0.360937 1 0.318501 0.471875 2 0.15925 0.517187 2 0.421545 0.45 2 0.323185 0.479687 2 0.285714 0.610937 2 0.166276 0.629687 1 0.248243 0.8125 2 0.17096 0.83125 1 0.210772 0.985937 1 0.163934 0.992187 1
0 0.249169 0.378625 0.44007 0.488 0 0 0 0 0 0 0.210772 0.235937 2 0 0 0 0.15925 0.2375 2 0 0 0 0.185011 0.342187 2 0 0 0 0.238875 0.525 2 0 0 0 0.379391 0.512499 2 0 0 0 0 0 0 0 0 0 0 0 0 0 0 0 0 0 0
0 0.204227 0.514641 0.408454 0.950437 0.255269 0.242187 1 0.259953 0.226562 1 0.222482 0.23125 1 0 0 0 0.149882 0.242187 1 0.283372 0.348437 1 0.046838 0.3625 1 0.351288 0.479687 1 0.15925 0.523437 1 0.548009 0.50625 1 0.33021 0.471875 1 0.288056 0.634375 2 0.177985 0.645312 2 0.26932 0.8375 1 0.173302 0.8375 1 0.243559 0.984375 1 0 0 0
0 0.473208 0.272594 0.1163 0.213656 0.484777 0.226562 2 0.494145 0.217187 2 0.466042 0.214062 2 0 0 0 0.407494 0.226562 1 0.545667 0.310937 1 0.365339 0.30625 1 0.557377 0.423437 1 0.325526 0.420312 1 0.505854 0.464062 1 0 0 0 0 0 0 0 0 0 0 0 0 0 0 0 0 0 0 0 0 0
0 0.779836 0.224344 0.0609368 0.101312 0 0 0 0 0 0 0 0 0 0 0 0 0 0 0 0 0 0 0 0 0 0 0 0 0 0 0 0 0 0 0 0 0 0 0 0 0 0 0 0 0 0 0 0 0 0 0 0 0 0 0
0 0.671944 0.552805 0.42103 0.786516 0.704918 0.215625 1 0 0 0 0.669789 0.204687 2 0 0 0 0.62295 0.223437 2 0.679156 0.295312 1 0.580796 0.289062 2 0.784543 0.353125 1 0.644028 0.373437 2 0.824355 0.353125 1 0.786885 0.317187 2 0.697892 0.49375 2 0.639344 0.498437 2 0.754098 0.704687 2 0.618266 0.7 2 0.768149 0.889062 2 0.569086 0.882812 2
0 0.553958 0.201375 0.0674005 0.0835313 0 0 0 0 0 0 0 0 0 0 0 0 0 0 0 0 0 0 0 0 0 0 0 0 0 0 0 0 0 0 0 0 0 0 0 0 0 0 0 0 0 0 0 0 0 0 0 0 0 0 0
0 0.680468 0.334766 0.0474473 0.131156 0.702576 0.217187 1 0 0 0 0.679156 0.207812 1 0 0 0 0.615925 0.223437 1 0.672131 0.282812 2 0.592505 0.279687 1 0.768149 0.346875 1 0.648711 0.373437 1 0 0 0 0.775175 0.315625 1 0 0 0 0.62295 0.459375 1 0 0 0 0 0 0 0 0 0 0 0 0
0 0.442588 0.147133 0.141475 0.0710781 0 0 0 0 0 0 0 0 0 0 0 0 0.395784 0.170312 2 0 0 0 0 0 0 0 0 0 0 0 0 0 0 0 0 0 0 0 0 0 0 0 0 0 0 0 0 0 0 0 0 0 0 0 0
