0 0.700883 0.655729 0.0649531 0.467318 0.679687 0.475294 1 0.685937 0.468235 2 0 0 0 0.7125 0.472941 2 0 0 0 0 0 0 0 0 0 0 0 0 0 0 0 0 0 0 0 0 0 0 0 0 0 0 0 0 0 0 0 0 0 0 0 0 0 0 0
0 0.513687 0.535247 0.0228437 0.0816941 0 0 0 0 0 0 0 0 0 0 0 0 0 0 0 0 0 0 0 0 0 0 0 0 0 0 0 0 0 0 0 0 0 0 0 0 0 0 0 0 0 0 0 0 0 0 0 0 0 0 0
0 0.201398 0.578647 0.0284219 0.110141 0 0 0 0 0 0 0 0 0 0 0 0 0 0 0 0 0 0 0 0 0 0 0 0 0 0 0 0 0 0 0 0 0 0 0 0 0 0 0 0 0 0 0 0 0 0 0 0 0 0 0
0 0.0974453 0.588024 0.0262969 0.142635 0 0 0 0 0 0 0 0 0 0 0 0 0 0 0 0 0 0 0 0 0 0 0 0 0 0 0 0 0 0 0 0 0 0 0 0 0 0 0 0 0 0 0 0 0 0 0 0 0 0 0
0 0.753336 0.688024 0.0802969 0.492847 0.71875 0.508235 2 0.725 0.494117 2 0 0 0 0.75 0.49647 2 0 0 0 0.776562 0.552941 2 0.735937 0.552941 2 0 0 0 0 0 0 0 0 0 0 0 0 0.764062 0.727058 2 0.746875 0.727058 2 0.760937 0.861176 2 0.74375 0.868235 2 0.771875 0.988235 1 0.751562 0.990588 1
0 0.476781 0.831459 0.213406 0.314588 0 0 0 0 0 0 0 0 0 0.403125 0.889411 2 0 0 0 0 0 0 0 0 0 0 0 0 0 0 0 0 0 0 0 0 0 0 0 0 0 0 0 0 0 0 0 0 0 0 0 0 0 0 0
0 0.07825 0.6018 0.0269375 0.154894 0 0 0 0 0 0 0 0 0 0 0 0 0 0 0 0 0 0 0 0 0 0 0 0 0 0 0 0 0 0 0 0 0 0 0 0 0 0 0 0 0 0 0 0 0 0 0 0 0 0 0
0 0.245836 0.567918 0.0159219 0.100729 0 0 0 0 0 0 0 0 0 0 0 0 0 0 0 0 0 0 0 0 0 0 0 0 0 0 0 0 0 0 0 0 0 0 0 0 0 0 0 0 0 0 0 0 0 0 0 0 0 0 0
0 0.462648 0.534071 0.0140469 0.0532706 0 0 0 0 0 0 0 0 0 0 0 0 0 0 0 0 0 0 0 0 0 0 0 0 0 0 0 0 0 0 0 0 0 0 0 0 0 0 0 0 0 0 0 0 0 0 0 0 0 0 0
0 0.933375 0.447553 0.0675625 0.0880941 0.93125 0.477647 2 0.940625 0.463529 2 0.921875 0.461176 2 0 0 0 0 0 0 0 0 0 0 0 0 0 0 0 0 0 0 0 0 0 0 0 0 0 0 0 0 0 0 0 0 0 0 0 0 0 0 0 0 0 0
0 0.771008 0.684412 0.120734 0.496118 0.715625 0.508235 1 0.725 0.491764 1 0 0 0 0.748437 0.491764 1 0 0 0 0.779687 0.56 2 0.734375 0.56 1 0.746875 0.642352 2 0 0 0 0.723437 0.569411 2 0 0 0 0.7625 0.767058 1 0.742187 0.762352 1 0.764062 0.887058 1 0.75 0.889411 1 0 0 0 0 0 0
0 0.165563 0.608082 0.0488438 0.0953647 0 0 0 0 0 0 0 0 0 0 0 0 0 0 0 0 0 0 0 0 0 0 0 0 0 0 0 0 0 0 0 0 0 0 0 0 0 0 0 0 0 0 0 0 0 0 0 0 0 0 0
0 0.0607031 0.604376 0.031625 0.175576 0 0 0 0 0 0 0 0 0 0 0 0 0 0 0 0 0 0 0 0 0 0 0 0 0 0 0 0 0 0 0 0 0 0 0 0 0 0 0 0 0 0 0 0 0 0 0 0 0 0 0
0 0.501563 0.690588 0.99375 0.614118 0 0 0 0 0 0 0 0 0 0 0 0 0 0 0 0 0 0 0 0 0 0 0 0 0 0 0 0 0 0 0 0 0 0 0 0 0 0 0 0 0 0 0 0 0 0 0 0 0 0 0
