0 0.399562 0.662916 0.184406 0.64719 0.421875 0.40281 2 0.428125 0.3911 2 0.414062 0.386416 2 0 0 0 0.378125 0.405152 2 0.40625 0.475409 2 0.339062 0.482435 2 0.4375 0.620608 2 0.340625 0.611241 2 0.4625 0.597189 2 0.415625 0.557377 2 0.425 0.740046 2 0.379687 0.749414 2 0.428125 0.91569 2 0.390625 0.934426 2 0 0 0 0 0 0
0 0.801375 0.679778 0.148438 0.613466 0.85 0.426229 2 0 0 0 0.839062 0.412177 2 0 0 0 0.809375 0.421545 2 0.823437 0.487119 2 0.773437 0.489461 2 0 0 0 0.748437 0.569086 2 0 0 0 0.810937 0.57377 2 0.829687 0.676814 2 0.798437 0.681498 2 0.832812 0.840749 2 0.789062 0.852459 1 0.835937 0.97658 2 0 0 0
0 0.728383 0.520504 0.0597031 0.268454 0.754687 0.428571 2 0 0 0 0.753125 0.419203 2 0 0 0 0.740625 0.426229 2 0.714062 0.468384 2 0.735937 0.470725 2 0 0 0 0.759375 0.529274 1 0 0 0 0 0 0 0.717187 0.592505 2 0.739062 0.594847 1 0 0 0 0 0 0 0 0 0 0 0 0
0 0.939297 0.563665 0.121406 0.849438 0 0 0 0 0 0 0 0 0 0.9625 0.248243 2 0 0 0 0.946875 0.400468 2 0 0 0 0.914062 0.601873 2 0 0 0 0 0 0 0 0 0 0.976562 0.782201 2 0 0 0 0 0 0 0 0 0 0 0 0 0 0 0
0 0.168664 0.649871 0.103453 0.465176 0 0 0 0.151562 0.45199 2 0 0 0 0.160937 0.447306 2 0 0 0 0.146875 0.51288 2 0.20625 0.508196 2 0.134375 0.57377 2 0 0 0 0 0 0 0 0 0 0.164062 0.64637 2 0.19375 0.641686 2 0.176562 0.74473 2 0.196875 0.725995 2 0.182812 0.843091 2 0.203125 0.822014 2
0 0.242617 0.621101 0.0736406 0.374941 0.214062 0.475409 1 0.214062 0.466042 2 0 0 0 0.223437 0.461358 2 0 0 0 0.25 0.491803 2 0.246875 0.491803 2 0.248437 0.569086 2 0.232812 0.543325 2 0.2375 0.62295 2 0.217187 0.510538 2 0.251562 0.613583 2 0.25 0.611241 2 0.259375 0.68384 2 0.256249 0.68384 2 0.26875 0.770491 2 0.257812 0.758782 2
0 0.0863359 0.669906 0.0758281 0.397002 0.054687 0.508196 2 0.059375 0.50117 2 0 0 0 0.06875 0.505854 2 0 0 0 0.079687 0.550351 2 0.10625 0.548009 2 0.070312 0.606557 1 0 0 0 0.042187 0.594847 1 0 0 0 0.08125 0.672131 2 0.104687 0.665105 1 0.08125 0.754098 1 0.104687 0.749414 2 0.082812 0.838407 2 0.10625 0.81733 2
0 0.0397344 0.686511 0.0764688 0.478642 0 0 0 0 0 0 0 0 0 0 0 0 0 0 0 0 0 0 0.035937 0.529274 2 0 0 0 0.067187 0.592505 2 0 0 0 0.040625 0.587822 2 0 0 0 0.032812 0.615925 2 0 0 0 0.026562 0.770491 2 0 0 0 0.021875 0.892271 2
0 0.30343 0.596323 0.0530156 0.286417 0.284375 0.482435 2 0.2875 0.473067 2 0 0 0 0.296875 0.473067 2 0 0 0 0.307812 0.50117 2 0.304687 0.50117 2 0 0 0 0 0 0 0 0 0 0.285937 0.536299 2 0.307812 0.599531 2 0.303125 0.599531 2 0 0 0 0.289062 0.644028 2 0 0 0 0.303125 0.704918 2
0 0.753836 0.473864 0.0184531 0.0323653 0 0 0 0 0 0 0 0 0 0 0 0 0 0 0 0 0 0 0 0 0 0 0 0 0 0 0 0 0 0 0 0 0 0 0 0 0 0 0 0 0 0 0 0 0 0 0 0 0 0 0
0 0.764898 0.48123 0.0332031 0.0690632 0 0 0 0 0 0 0 0 0 0 0 0 0 0 0 0 0 0 0 0 0 0 0 0 0 0 0 0 0 0 0 0 0 0 0 0 0 0 0 0 0 0 0 0 0 0 0 0 0 0 0
0 0.587547 0.5 0.14725 0.263513 0.6 0.430913 2 0.603125 0.419203 2 0.589062 0.421545 2 0 0 0 0.570312 0.430913 2 0.628125 0.487119 2 0.545312 0.491803 2 0.653125 0.56206 2 0.526562 0.576112 2 0.640625 0.559718 2 0.58125 0.569086 2 0.623437 0.64637 1 0.573437 0.648711 1 0 0 0 0 0 0 0 0 0 0 0 0
0 0.634594 0.468208 0.0464062 0.102974 0 0 0 0 0 0 0 0 0 0 0 0 0 0 0 0 0 0 0 0 0 0 0 0 0 0 0 0 0 0 0 0 0 0 0 0 0 0 0 0 0 0 0 0 0 0 0 0 0 0 0
