0 0.716664 0.611241 0.395828 0.692131 0.7375 0.351288 2 0 0 0 0.732812 0.34192 2 0 0 0 0.701562 0.351288 2 0.648437 0.407494 2 0.728125 0.416861 2 0.648437 0.522248 2 0 0 0 0 0 0 0 0 0 0.735937 0.63466 2 0.70625 0.637002 2 0.798437 0.721311 2 0.660937 0.800936 2 0.8375 0.899297 2 0.551562 0.871194 2
0 0.275328 0.741604 0.303281 0.41459 0.296875 0.601873 2 0 0 0 0.285937 0.590163 2 0 0 0 0.253125 0.604215 2 0.309375 0.653395 2 0.221875 0.653395 2 0.35625 0.714285 2 0.135937 0.714285 2 0.3875 0.75644 2 0.159375 0.782201 2 0.273437 0.826697 2 0.209375 0.819672 2 0.339062 0.772833 2 0.232812 0.765807 2 0.303125 0.901639 2 0.173437 0.911007 2
0 0.931992 0.0840984 0.131484 0.168197 0.945312 0.018735 2 0.951562 0.011709 2 0.939062 0.011709 2 0 0 0 0.921875 0.018735 2 0.973437 0.077283 2 0.892187 0.079625 2 0.985937 0.149882 2 0.875 0.14754 2 0.96875 0.194379 1 0.896875 0.196721 1 0.9625 0.215456 1 0.904687 0.210772 1 0 0 0 0 0 0 0 0 0 0 0 0
0 0.811875 0.0831499 0.124438 0.1663 0.817187 0.035128 2 0.823437 0.028103 2 0.810937 0.028103 2 0.83125 0.035128 2 0.795312 0.032786 2 0.839062 0.084309 2 0.789062 0.084309 2 0.864062 0.17096 1 0.7625 0.173302 1 0 0 0 0 0 0 0.825 0.20843 1 0.803125 0.210772 1 0 0 0 0 0 0 0 0 0 0 0 0
0 0.663461 0.0916745 0.137297 0.162787 0.6625 0.067915 2 0.66875 0.060889 2 0.65625 0.058548 2 0.68125 0.056206 2 0.646875 0.053864 2 0.707812 0.11007 2 0.629687 0.103044 2 0 0 0 0.604687 0.15925 2 0 0 0 0.640625 0.201405 1 0 0 0 0 0 0 0 0 0 0 0 0 0 0 0 0 0 0
0 0.281133 0.11123 0.141797 0.222459 0 0 0 0 0 0 0 0 0 0 0 0 0 0 0 0 0 0 0 0 0 0.328125 0.039812 2 0.245312 0.046838 2 0 0 0 0 0 0 0.298437 0.121779 2 0.264062 0.107728 2 0.339062 0.107728 2 0.242187 0.063231 2 0.304687 0.194379 2 0.229687 0.156908 2
0 0.127445 0.0809016 0.0959531 0.157307 0 0 0 0 0 0 0 0 0 0 0 0 0 0 0 0 0 0 0 0 0 0 0 0 0 0 0 0 0 0 0 0 0 0.1375 0.096018 2 0.1 0.096018 2 0.1625 0.011709 2 0.115625 0.018735 2 0.140625 0.124121 2 0.109375 0.121779 2
0 0.0522266 0.100187 0.0900781 0.200375 0 0 0 0 0 0 0 0 0 0 0 0 0 0 0 0.051562 0.021077 2 0.0375 0.044496 2 0.070312 0.077283 2 0.020312 0.105386 1 0.065625 0.133489 1 0 0 0 0.065625 0.138173 1 0.045312 0.138173 1 0 0 0 0 0 0 0 0 0 0 0 0
0 0.672773 0.0414637 0.118328 0.0829274 0 0 0 0 0 0 0 0 0 0 0 0 0 0 0 0.709375 0.004683 2 0 0 0 0.721875 0.063231 2 0.635937 0.060889 2 0 0 0 0 0 0 0 0 0 0 0 0 0 0 0 0 0 0 0 0 0 0 0 0
0 0.547461 0.0915925 0.100734 0.175738 0.551562 0.053864 2 0.557812 0.042154 2 0.54375 0.042154 2 0 0 0 0.532812 0.051522 2 0.584375 0.103044 2 0.510937 0.103044 2 0.585937 0.177985 2 0.515625 0.180327 1 0.557812 0.128805 2 0.546875 0.121779 2 0 0 0 0 0 0 0 0 0 0 0 0 0 0 0 0 0 0
0 0.116688 0.662342 0.20225 0.56459 0 0 0 0 0 0 0 0 0 0 0 0 0.153125 0.444964 2 0.167187 0.51288 2 0.095312 0.515222 2 0.175 0.601873 2 0.04375 0.569086 2 0.221875 0.658079 1 0.067187 0.658079 2 0.132812 0.672131 2 0.076562 0.672131 2 0.195312 0.714285 1 0.098437 0.75644 2 0.16875 0.885245 1 0.034375 0.896955 2
0 0.53657 0.0658899 0.147172 0.128689 0.551562 0.053864 1 0.559375 0.044496 1 0.545312 0.044496 1 0.564062 0.051522 1 0.53125 0.053864 1 0.582812 0.107728 1 0.517187 0.105386 1 0.589062 0.177985 1 0.512499 0.177985 1 0.559375 0.131147 1 0.548437 0.119437 1 0 0 0 0 0 0 0 0 0 0 0 0 0 0 0 0 0 0
