0 0.797282 0.533969 0.338894 0.389719 0 0 0 0 0 0 0 0 0 0.675294 0.384375 2 0.69647 0.365625 2 0.734117 0.4125 2 0.769411 0.385937 1 0.778823 0.45625 2 0 0 0 0.81647 0.489062 2 0 0 0 0.809411 0.529687 2 0.847058 0.514062 2 0.85647 0.610937 2 0.887058 0.601562 2 0.910588 0.690625 2 0.93647 0.679687 2
0 0.669471 0.470484 0.162094 0.198344 0 0 0 0 0 0 0 0 0 0.6 0.39375 2 0.621176 0.389062 2 0.597647 0.423437 2 0.65647 0.40625 2 0.6 0.453125 2 0.675294 0.43125 2 0 0 0 0 0 0 0.649411 0.48125 2 0.682352 0.471875 2 0.668235 0.521875 2 0.703529 0.517187 2 0.69647 0.5625 2 0.722352 0.557812 2
0 0.427024 0.501086 0.146424 0.213891 0.404705 0.428125 2 0.409411 0.421875 2 0.392941 0.423437 2 0.418823 0.423437 2 0.378823 0.429687 2 0.421176 0.445312 2 0.374117 0.45625 2 0 0 0 0.4 0.490625 2 0.465882 0.4625 2 0.409411 0.453125 2 0.45647 0.525 2 0.428235 0.526562 2 0.498823 0.592187 1 0.458823 0.609375 1 0 0 0 0 0 0
0 0.301776 0.560156 0.158282 0.210188 0.282352 0.479687 2 0.289411 0.471875 2 0.272941 0.475 2 0 0 0 0.25647 0.48125 2 0.32 0.504687 2 0.24 0.517187 1 0.350588 0.55 2 0.249411 0.553125 2 0.343529 0.576562 2 0.28 0.529687 2 0.341176 0.59375 2 0.282352 0.607812 1 0.367058 0.65 2 0 0 0 0 0 0 0 0 0
0 0.119929 0.614727 0.237882 0.296328 0.065882 0.514062 2 0.075294 0.50625 2 0.054117 0.509375 2 0 0 0 0.028235 0.517187 2 0.124705 0.539062 2 0.01647 0.553125 2 0.164705 0.596875 2 0.037647 0.626562 1 0.138823 0.546875 2 0.08 0.570312 2 0.16 0.626562 2 0.089411 0.642187 2 0.21647 0.735937 2 0.164705 0.764062 1 0.251764 0.825 1 0.218823 0.85 1
0 0.204024 0.609281 0.172988 0.262656 0.171764 0.50625 2 0.174117 0.501562 2 0.16 0.503125 2 0 0 0 0.134117 0.50625 2 0.17647 0.526562 2 0.129411 0.535937 1 0 0 0 0.190588 0.589062 2 0 0 0 0.2 0.5375 2 0.232941 0.6125 2 0.197647 0.61875 2 0.254117 0.665625 2 0.221176 0.673437 2 0.28 0.720312 2 0.251764 0.740625 1
0 0.529729 0.481383 0.114753 0.163984 0 0 0 0 0 0 0 0 0 0.491764 0.421875 1 0.517647 0.421875 2 0.49647 0.448437 2 0.501176 0.45 2 0 0 0 0.49647 0.489062 2 0 0 0 0.534117 0.478125 2 0.524705 0.512499 2 0.527058 0.512499 2 0 0 0 0 0 0 0 0 0 0 0 0
0 0.723212 0.343672 0.553576 0.687344 0 0 0 0.621176 0.103125 2 0 0 0 0.661176 0.028125 2 0 0 0 0.97647 0.304687 2 0 0 0 0 0 0 0 0 0 0 0 0 0 0 0 0 0 0 0 0 0 0 0 0 0 0 0 0 0 0 0 0 0
0 0.810659 0.361945 0.186965 0.132328 0.769411 0.33125 2 0.769411 0.3125 2 0.750588 0.332812 2 0.804705 0.292187 1 0 0 0 0.85647 0.3125 2 0 0 0 0.922352 0.379687 1 0 0 0 0.825882 0.389062 2 0 0 0 0 0 0 0 0 0 0 0 0 0 0 0 0 0 0 0 0 0
0 0.110035 0.508758 0.0475529 0.0444844 0 0 0 0 0 0 0 0 0 0 0 0 0 0 0 0 0 0 0 0 0 0 0 0 0 0 0 0 0 0 0 0 0 0 0 0 0 0 0 0 0 0 0 0 0 0 0 0 0 0 0
0 0.2524 0.466234 0.0332235 0.038125 0 0 0 0 0 0 0 0 0 0 0 0 0 0 0 0 0 0 0 0 0 0 0 0 0 0 0 0 0 0 0 0 0 0 0 0 0 0 0 0 0 0 0 0 0 0 0 0 0 0 0
0 0.191047 0.463695 0.0359294 0.0969844 0 0 0 0 0 0 0 0 0 0 0 0 0 0 0 0 0 0 0 0 0 0 0 0 0 0 0 0 0 0 0 0 0 0 0 0 0 0 0 0 0 0 0 0 0 0 0 0 0 0 0
0 0.600118 0.479461 0.116518 0.167391 0 0 0 0 0 0 0.57647 0.409375 2 0 0 0 0.567058 0.4125 2 0 0 0 0.567058 0.429687 2 0 0 0 0.585882 0.464062 2 0 0 0 0.611764 0.479687 2 0.564705 0.489062 2 0.585882 0.48125 2 0.602352 0.526562 2 0.618823 0.520312 2 0.614117 0.55625 2 0.637647 0.554687 2
0 0.455294 0.53125 0.910588 0.784375 0 0 0 0 0 0 0 0 0 0 0 0 0 0 0 0 0 0 0 0 0 0 0 0 0 0 0 0 0 0 0 0 0 0 0 0 0 0 0 0 0 0 0 0 0 0 0 0 0 0 0
