0 0.931797 0.372956 0.0550937 0.0990664 0 0 0 0 0 0 0 0 0 0 0 0 0 0 0 0 0 0 0 0 0 0 0 0 0 0 0 0 0 0 0 0 0 0 0 0 0 0 0 0 0 0 0 0 0 0 0 0 0 0 0
0 0.749781 0.482656 0.048625 0.264108 0.74375 0.381742 2 0.748437 0.375518 2 0.739062 0.377593 1 0.757812 0.379668 2 0 0 0 0.757812 0.406639 2 0.746875 0.404564 2 0.748437 0.448132 2 0 0 0 0.732812 0.470954 2 0 0 0 0.754687 0.475103 2 0.740625 0.468879 2 0.75 0.535269 2 0.74375 0.539419 2 0.751562 0.59751 2 0.745312 0.589211 2
0 0.271656 0.568683 0.116094 0.311473 0.260937 0.46058 2 0.264062 0.450207 2 0.253125 0.452282 2 0.270312 0.448132 2 0.246875 0.456431 2 0.284375 0.485477 2 0.240625 0.497925 2 0 0 0 0.229687 0.541493 2 0 0 0 0.228125 0.589211 2 0.289062 0.574688 2 0.264062 0.580912 2 0.3 0.62863 2 0.275 0.641078 2 0.303125 0.680497 2 0.278125 0.69502 2
0 0.161766 0.531712 0.0772188 0.269357 0 0 0 0 0 0 0 0 0 0.142187 0.437759 2 0 0 0 0.134375 0.46473 2 0.16875 0.458506 2 0.13125 0.506224 2 0.182812 0.493775 2 0.134375 0.529045 2 0.182812 0.520746 2 0.142187 0.533195 2 0.16875 0.529045 2 0.151562 0.585062 2 0.179687 0.578838 2 0.159375 0.634854 2 0.184375 0.62863 2
0 0.104539 0.471815 0.0436406 0.10334 0 0 0 0 0 0 0 0 0 0 0 0 0 0 0 0 0 0 0 0 0 0 0 0 0 0 0 0 0 0 0 0 0 0 0 0 0 0 0 0 0 0 0 0 0 0 0 0 0 0 0
0 0.0776797 0.548465 0.124953 0.307178 0 0 0 0 0 0 0 0 0 0.032812 0.427385 2 0.064062 0.421161 2 0.021875 0.450207 2 0.079687 0.454356 2 0 0 0 0.103125 0.497925 2 0 0 0 0.126562 0.535269 2 0.03125 0.568464 2 0.067187 0.564315 2 0.051562 0.643153 2 0.09375 0.587136 2 0.059375 0.724066 1 0.092187 0.659751 2
0 0.0154141 0.58472 0.0297344 0.281473 0 0 0 0 0 0 0 0 0 0 0 0 0.003125 0.468879 2 0 0 0 0.015625 0.504149 2 0 0 0 0 0 0 0 0 0 0 0 0 0 0 0 0.010937 0.56224 2 0 0.641078 1 0.014062 0.641078 2 0.007812 0.690871 2 0.0125 0.701244 2
0 0.802273 0.484803 0.0602344 0.222635 0.817187 0.392116 2 0 0 0 0.810937 0.387966 2 0 0 0 0.803125 0.396265 2 0.815625 0.414937 2 0.790625 0.423236 2 0.823437 0.437759 2 0.7875 0.458506 2 0.825 0.46058 2 0.8 0.477178 2 0.8125 0.497925 2 0.790625 0.493775 2 0.810937 0.541493 2 0.782812 0.539419 2 0.807812 0.580912 2 0.779687 0.585062 2
0 0.211641 0.498734 0.0182812 0.0651452 0 0 0 0 0 0 0 0 0 0 0 0 0 0 0 0 0 0 0 0 0 0 0 0 0 0 0 0 0 0 0 0 0 0 0 0 0 0 0 0 0 0 0 0 0 0 0 0 0 0 0
0 0.692703 0.435934 0.045 0.145021 0.68125 0.390041 2 0.684375 0.383817 2 0.678125 0.385892 2 0.689062 0.385892 2 0.673437 0.390041 2 0.7 0.408713 2 0.678125 0.410788 2 0.710937 0.441908 2 0 0 0 0.690625 0.441908 2 0 0 0 0.696875 0.475103 2 0.678125 0.475103 2 0.695312 0.52697 1 0.678125 0.522821 1 0 0 0 0 0 0
0 0.632492 0.42862 0.0681094 0.139855 0.61875 0.392116 2 0.61875 0.385892 2 0 0 0 0.629687 0.381742 2 0 0 0 0.632812 0.400414 2 0.654687 0.400414 2 0.629687 0.441908 2 0 0 0 0.6125 0.437759 2 0 0 0 0.6375 0.477178 1 0.654687 0.477178 2 0 0 0 0 0 0 0 0 0 0 0 0
0 0.702406 0.402438 0.02175 0.0637552 0 0 0 0 0 0 0 0 0 0 0 0 0 0 0 0 0 0 0 0 0 0 0 0 0 0 0 0 0 0 0 0 0 0 0 0 0 0 0 0 0 0 0 0 0 0 0 0 0 0 0
0 0.981406 0.413237 0.0371875 0.167012 0 0 0 0 0 0 0 0 0 0 0 0 0 0 0 0 0 0 0 0 0 0 0 0 0 0 0 0 0 0 0 0 0 0 0 0 0 0 0 0 0 0 0 0 0 0 0 0 0 0 0
0 0.46875 0.478216 0.55 0.23444 0 0 0 0 0 0 0 0 0 0 0 0 0 0 0 0 0 0 0 0 0 0 0 0 0 0 0 0 0 0 0 0 0 0 0 0 0 0 0 0 0 0 0 0 0 0 0 0 0 0 0
