0 0.734941 0.375695 0.324543 0.235891 0.803278 0.3375 2 0.826697 0.332812 2 0.80562 0.325 2 0.8548 0.334375 2 0 0 0 0.833723 0.371875 2 0.875878 0.348437 2 0.737704 0.4125 2 0.793911 0.30625 2 0.62295 0.4125 2 0.751756 0.28125 2 0.768149 0.479687 2 0.810304 0.464062 2 0.733021 0.364062 2 0.672131 0.359375 2 0.601873 0.428125 2 0.599531 0.44375 1
0 0.442295 0.738102 0.127775 0.0877656 0.4637 0.729687 2 0.475409 0.726562 2 0.454332 0.721875 2 0.473067 0.734375 2 0.428571 0.720312 2 0.449648 0.759375 2 0.412177 0.75 2 0 0 0 0 0 0 0 0 0 0 0 0 0 0 0 0 0 0 0 0 0 0 0 0 0 0 0 0 0 0
0 0.647131 0.810211 0.10082 0.0653281 0 0 0 0 0 0 0 0 0 0 0 0 0 0 0 0 0 0 0 0 0 0 0 0 0 0 0 0 0 0 0 0 0 0 0 0 0 0 0 0 0 0 0 0 0 0 0 0 0 0 0
0 0.819883 0.928344 0.108056 0.143313 0.840749 0.88125 2 0.852459 0.878125 2 0.833723 0.875 2 0.857142 0.889062 2 0.81733 0.88125 2 0.852459 0.921875 2 0.810304 0.903125 2 0.847775 0.95625 2 0.770491 0.926562 2 0 0 0 0.807962 0.965625 2 0.833723 0.996875 2 0.798594 0.985937 2 0 0 0 0 0 0 0 0 0 0 0 0
0 0.911089 0.940953 0.100117 0.118094 0.903981 0.914062 2 0.913348 0.909375 2 0.896955 0.907812 2 0 0 0 0 0 0 0.936768 0.93125 2 0.873536 0.929687 2 0 0 0 0 0 0 0 0 0 0 0 0 0.918032 0.98125 2 0.889929 0.978125 2 0 0 0 0 0 0 0 0 0 0 0 0
0 0.716885 0.827484 0.0868852 0.0454375 0 0 0 0 0 0 0 0 0 0 0 0 0 0 0 0 0 0 0 0 0 0 0 0 0 0 0 0 0 0 0 0 0 0 0 0 0 0 0 0 0 0 0 0 0 0 0 0 0 0 0
0 0.232705 0.674633 0.077541 0.0970469 0 0 0 0 0 0 0 0 0 0 0 0 0 0 0 0 0 0 0 0 0 0 0 0 0 0 0 0 0 0 0 0 0 0 0 0 0 0 0 0 0 0 0 0 0 0 0 0 0 0 0
0 0.547974 0.789398 0.0785246 0.108422 0.57377 0.760937 2 0.580796 0.759375 2 0.566744 0.754687 2 0 0 0 0.548009 0.75625 2 0.566744 0.784375 2 0.52459 0.776562 2 0 0 0 0.508196 0.810937 1 0 0 0 0.559718 0.8125 2 0.559718 0.859375 1 0.517564 0.851562 1 0 0 0 0 0 0 0 0 0 0 0 0
0 0.163864 0.5835 0.164637 0.237844 0.173302 0.575 2 0.189695 0.571875 2 0.166276 0.56875 2 0.201405 0.579687 2 0.149882 0.570312 2 0.206088 0.604687 2 0.124121 0.590625 2 0.227166 0.56875 2 0.140515 0.540625 2 0.206088 0.517187 2 0.156908 0.489062 2 0 0 0 0 0 0 0 0 0 0 0 0 0 0 0 0 0 0
0 0.490012 0.801164 0.0601171 0.0727344 0 0 0 0 0 0 0 0 0 0 0 0 0 0 0 0 0 0 0 0 0 0 0 0 0 0 0 0 0 0 0 0 0 0 0 0 0 0 0 0 0 0 0 0 0 0 0 0 0 0 0
0 0.0582319 0.599758 0.112155 0.116047 0.088992 0.573437 2 0.100702 0.570312 2 0.074941 0.565625 2 0 0 0 0.051522 0.56875 2 0.081967 0.609375 2 0.023419 0.590625 2 0.074941 0.654687 2 0 0 0 0.103044 0.653125 1 0.065573 0.634375 2 0 0 0 0 0 0 0 0 0 0 0 0 0 0 0 0 0 0
0 0.573009 0.840594 0.0739813 0.0691563 0 0 0 0 0 0 0 0 0 0 0 0 0 0 0 0 0 0 0 0 0 0 0 0 0 0 0 0 0 0 0 0 0 0 0 0 0 0 0 0 0 0 0 0 0 0 0 0 0 0 0
0 0.280293 0.707836 0.0750117 0.0615781 0 0 0 0 0 0 0 0 0 0 0 0 0 0 0 0 0 0 0 0 0 0 0 0 0 0 0 0 0 0 0 0 0 0 0 0 0 0 0 0 0 0 0 0 0 0 0 0 0 0 0
0 0.618267 0.851562 0.0562061 0.06875 0 0 0 0 0 0 0 0 0 0 0 0 0 0 0 0 0 0 0 0 0 0 0 0 0 0 0 0 0 0 0 0 0 0 0 0 0 0 0 0 0 0 0 0 0 0 0 0 0 0 0
