0 0.330727 0.573419 0.0135781 0.0464169 0 0 0 0 0 0 0 0 0 0 0 0 0 0 0 0 0 0 0 0 0 0 0 0 0 0 0 0 0 0 0 0 0 0 0 0 0 0 0 0 0 0 0 0 0 0 0 0 0 0 0
0 0.831047 0.871218 0.0659687 0.251756 0 0 0 0 0 0 0 0 0 0 0 0 0 0 0 0.820312 0.798594 2 0.845312 0.800936 2 0.817187 0.833723 2 0 0 0 0.809375 0.861826 2 0 0 0 0.81875 0.880562 2 0.845312 0.892271 2 0.804687 0.91569 2 0.834375 0.932084 2 0.820312 0.981264 1 0.854687 0.985948 2
0 0.647406 0.773361 0.0370313 0.187143 0 0 0 0 0 0 0 0 0 0 0 0 0 0 0 0.635937 0.721311 2 0.654687 0.714285 2 0.632812 0.74473 2 0.65625 0.747072 2 0.629687 0.765807 1 0 0 0 0.639062 0.763466 1 0.653125 0.761124 2 0.639062 0.798594 2 0.648437 0.796252 2 0.6375 0.836065 2 0.645312 0.819672 2
0 0.609297 0.719251 0.0207188 0.0789696 0 0 0 0 0 0 0 0 0 0 0 0 0 0 0 0 0 0 0 0 0 0 0 0 0 0 0 0 0 0 0 0 0 0 0 0 0 0 0 0 0 0 0 0 0 0 0 0 0 0 0
0 0.539719 0.694403 0.0329375 0.0548478 0 0 0 0 0 0 0 0 0 0 0 0 0 0 0 0 0 0 0 0 0 0 0 0 0 0 0 0 0 0 0 0 0 0 0 0 0 0 0 0 0 0 0 0 0 0 0 0 0 0 0
0 0.435867 0.679274 0.0194219 0.0720843 0 0 0 0 0 0 0 0 0 0 0 0 0 0 0 0 0 0 0 0 0 0 0 0 0 0 0 0 0 0 0 0 0 0 0 0 0 0 0 0 0 0 0 0 0 0 0 0 0 0 0
0 0.974523 0.774286 0.0509531 0.109742 0 0 0 0 0 0 0 0 0 0 0 0 0 0 0 0 0 0 0 0 0 0 0 0 0 0 0 0 0 0 0 0 0 0 0 0 0 0 0 0 0 0 0 0 0 0 0 0 0 0 0
0 0.59693 0.812482 0.0230469 0.11363 0 0 0 0 0 0 0 0 0 0 0 0 0 0 0 0 0 0 0 0 0 0 0 0 0 0 0 0 0 0 0 0 0 0 0 0 0 0 0 0 0 0 0 0 0 0 0 0 0 0 0
0 0.578664 0.758009 0.0462656 0.15452 0 0 0 0 0 0 0 0 0 0 0 0 0 0 0 0 0 0 0 0 0 0 0 0 0 0 0 0 0 0 0 0 0 0 0 0 0 0 0 0 0 0 0 0 0 0 0 0 0 0 0
0 0.183414 0.493618 0.00482812 0.0166042 0 0 0 0 0 0 0 0 0 0 0 0 0 0 0 0 0 0 0 0 0 0 0 0 0 0 0 0 0 0 0 0 0 0 0 0 0 0 0 0 0 0 0 0 0 0 0 0 0 0 0
0 0.534695 0.77096 0.0362344 0.115316 0 0 0 0 0 0 0 0 0 0 0 0 0 0 0 0 0 0 0 0 0 0 0 0 0 0 0 0 0 0 0 0 0 0 0 0 0 0 0 0 0 0 0 0 0 0 0 0 0 0 0
0 0.771258 0.842564 0.0477656 0.215574 0 0 0 0 0 0 0 0 0 0 0 0 0 0 0 0.7625 0.775175 2 0.782812 0.775175 2 0.753125 0.800936 2 0.7875 0.80562 2 0.759375 0.824355 2 0.778125 0.822014 2 0.764062 0.845433 2 0.779687 0.843091 2 0.764062 0.894613 2 0.773437 0.892271 2 0.770312 0.941451 2 0.778125 0.936768 2
0 0.748062 0.81356 0.0244688 0.17096 0 0 0 0 0 0 0 0 0 0 0 0 0 0 0 0 0 0 0 0 0 0 0 0 0 0 0 0 0 0 0 0 0 0 0 0 0 0 0 0 0 0 0 0 0 0 0 0 0 0 0
0 0.530469 0.699063 0.726562 0.447307 0 0 0 0 0 0 0 0 0 0 0 0 0 0 0 0 0 0 0 0 0 0 0 0 0 0 0 0 0 0 0 0 0 0 0 0 0 0 0 0 0 0 0 0 0 0 0 0 0 0 0
