0 0.864062 0.682594 0.135219 0.101729 0 0 0 0 0 0 0 0 0 0 0 0 0 0 0 0.840625 0.658333 2 0.810937 0.68125 2 0.882812 0.68125 2 0.823437 0.710416 2 0.876562 0.714583 2 0.814062 0.710416 2 0.871875 0.677083 2 0.860937 0.702083 2 0.9125 0.69375 2 0 0 0 0.914062 0.672916 2 0 0 0
0 0.207969 0.769615 0.119406 0.171729 0 0 0 0 0 0 0 0 0 0 0 0 0 0 0 0.129687 0.785416 1 0.196875 0.7875 2 0 0 0 0.228125 0.858333 1 0.2 0.791666 2 0.25 0.833333 2 0.164062 0.879166 1 0.207812 0.88125 1 0 0 0 0.2375 0.747916 2 0 0 0 0.254687 0.816666 2
0 0.554516 0.54751 0.0371875 0.0546875 0 0 0 0 0 0 0 0 0 0 0 0 0 0 0 0 0 0 0 0 0 0 0 0 0 0 0 0 0 0 0 0 0 0 0 0 0 0 0 0 0 0 0 0 0 0 0 0 0 0 0
0 0.576375 0.511396 0.02375 0.100125 0 0 0 0 0 0 0 0 0 0 0 0 0 0 0 0 0 0 0 0 0 0 0 0 0 0 0 0 0 0 0 0 0 0 0 0 0 0 0 0 0 0 0 0 0 0 0 0 0 0 0
0 0.542641 0.518094 0.0316875 0.0950208 0 0 0 0 0 0 0 0 0 0 0 0 0 0 0 0 0 0 0 0 0 0 0 0 0 0 0 0 0 0 0 0 0 0 0 0 0 0 0 0 0 0 0 0 0 0 0 0 0 0 0
0 0.600414 0.550708 0.0564844 0.072375 0 0 0 0 0 0 0 0 0 0 0 0 0 0 0 0 0 0 0 0 0 0 0 0 0 0 0 0 0 0 0 0 0 0 0 0 0 0 0 0 0 0 0 0 0 0 0 0 0 0 0
0 0.671914 0.548302 0.0270469 0.0428958 0 0 0 0 0 0 0 0 0 0 0 0 0 0 0 0 0 0 0 0 0 0 0 0 0 0 0 0 0 0 0 0 0 0 0 0 0 0 0 0 0 0 0 0 0 0 0 0 0 0 0
0 0.475578 0.527073 0.01825 0.0716875 0 0 0 0 0 0 0 0 0 0 0 0 0 0 0 0 0 0 0 0 0 0 0 0 0 0 0 0 0 0 0 0 0 0 0 0 0 0 0 0 0 0 0 0 0 0 0 0 0 0 0
0 0.359594 0.498563 0.0220938 0.0410417 0 0 0 0 0 0 0 0 0 0 0 0 0 0 0 0 0 0 0 0 0 0 0 0 0 0 0 0 0 0 0 0 0 0 0 0 0 0 0 0 0 0 0 0 0 0 0 0 0 0 0
0 0.992891 0.574708 0.0142187 0.036875 0 0 0 0 0 0 0 0 0 0 0 0 0 0 0 0 0 0 0 0 0 0 0 0 0 0 0 0 0 0 0 0 0 0 0 0 0 0 0 0 0 0 0 0 0 0 0 0 0 0 0
0 0.848375 0.537229 0.00584375 0.01275 0 0 0 0 0 0 0 0 0 0 0 0 0 0 0 0 0 0 0 0 0 0 0 0 0 0 0 0 0 0 0 0 0 0 0 0 0 0 0 0 0 0 0 0 0 0 0 0 0 0 0
0 0.373297 0.518365 0.0125625 0.0188958 0 0 0 0 0 0 0 0 0 0 0 0 0 0 0 0 0 0 0 0 0 0 0 0 0 0 0 0 0 0 0 0 0 0 0 0 0 0 0 0 0 0 0 0 0 0 0 0 0 0 0
0 0.335984 0.510396 0.0161875 0.028625 0 0 0 0 0 0 0 0 0 0 0 0 0 0 0 0 0 0 0 0 0 0 0 0 0 0 0 0 0 0 0 0 0 0 0 0 0 0 0 0 0 0 0 0 0 0 0 0 0 0 0
0 0.517188 0.661458 0.921875 0.377083 0 0 0 0 0 0 0 0 0 0 0 0 0 0 0 0 0 0 0 0 0 0 0 0 0 0 0 0 0 0 0 0 0 0 0 0 0 0 0 0 0 0 0 0 0 0 0 0 0 0 0
