0 0.639023 0.888341 0.101203 0.223318 0.65 0.802352 2 0.653125 0.8 2 0.646875 0.8 2 0 0 0 0.639062 0.8 2 0.665625 0.847058 2 0.632812 0.847058 2 0.68125 0.882352 2 0.617187 0.88 2 0.667187 0.89647 2 0.601562 0.910588 2 0.664062 0.934117 2 0.6375 0.929411 2 0.659375 0.981176 2 0.642187 0.981176 2 0 0 0 0 0 0
0 0.779516 0.866341 0.116906 0.266 0.770312 0.771764 2 0.773437 0.767058 2 0.765625 0.767058 2 0 0 0 0 0 0 0.796875 0.8 2 0.75 0.804705 2 0.817187 0.842352 2 0.7375 0.844705 2 0.828125 0.861176 2 0.73125 0.884705 2 0.790625 0.898823 2 0.760937 0.898823 2 0.785937 0.97647 2 0.775 0.978823 2 0 0 0 0 0 0
0 0.708648 0.841129 0.0390469 0.158541 0 0 0 0 0 0 0 0 0 0 0 0 0 0 0 0 0 0 0 0 0 0 0 0 0 0 0 0 0 0 0 0 0 0 0 0 0 0 0 0 0 0 0 0 0 0 0 0 0 0 0
0 0.974617 0.833141 0.0507656 0.265388 0 0 0 0.978125 0.72 2 0.971875 0.72 2 0 0 0 0 0 0 0.9875 0.748235 2 0.9625 0.752941 2 0 0 0 0.959375 0.785882 2 0 0 0 0.964062 0.814117 2 0.995312 0.811764 2 0.978125 0.814117 2 0 0 0 0.978125 0.889411 2 0 0 0 0.967187 0.943529 2
0 0.23507 0.799588 0.00564062 0.0235059 0 0 0 0 0 0 0 0 0 0 0 0 0 0 0 0 0 0 0 0 0 0 0 0 0 0 0 0 0 0 0 0 0 0 0 0 0 0 0 0 0 0 0 0 0 0 0 0 0 0 0
0 0.235945 0.869765 0.0147031 0.0728 0 0 0 0 0 0 0 0 0 0 0 0 0 0 0 0 0 0 0 0 0 0 0 0 0 0 0 0 0 0 0 0 0 0 0 0 0 0 0 0 0 0 0 0 0 0 0 0 0 0 0
0 0.156859 0.864635 0.0289687 0.0639059 0 0 0 0 0 0 0 0 0 0 0 0 0 0 0 0 0 0 0 0 0 0 0 0 0 0 0 0 0 0 0 0 0 0 0 0 0 0 0 0 0 0 0 0 0 0 0 0 0 0 0
0 0.663891 0.736871 0.0173437 0.0278118 0 0 0 0 0 0 0 0 0 0 0 0 0 0 0 0 0 0 0 0 0 0 0 0 0 0 0 0 0 0 0 0 0 0 0 0 0 0 0 0 0 0 0 0 0 0 0 0 0 0 0
0 0.280688 0.8468 0.0122813 0.0566588 0 0 0 0 0 0 0 0 0 0 0 0 0 0 0 0 0 0 0 0 0 0 0 0 0 0 0 0 0 0 0 0 0 0 0 0 0 0 0 0 0 0 0 0 0 0 0 0 0 0 0
0 0.185203 0.845482 0.00759375 0.0349647 0 0 0 0 0 0 0 0 0 0 0 0 0 0 0 0 0 0 0 0 0 0 0 0 0 0 0 0 0 0 0 0 0 0 0 0 0 0 0 0 0 0 0 0 0 0 0 0 0 0 0
0 0.0137187 0.860235 0.0243438 0.0712471 0 0 0 0 0 0 0 0 0 0 0 0 0 0 0 0 0 0 0 0 0 0 0 0 0 0 0 0 0 0 0 0 0 0 0 0 0 0 0 0 0 0 0 0 0 0 0 0 0 0 0
0 0.314578 0.858576 0.0238438 0.0798353 0 0 0 0 0 0 0 0 0 0 0 0 0 0 0 0 0 0 0 0 0 0 0 0 0 0 0 0 0 0 0 0 0 0 0 0 0 0 0 0 0 0 0 0 0 0 0 0 0 0 0
0 0.288977 0.845871 0.0116094 0.0583294 0 0 0 0 0 0 0 0 0 0 0 0 0 0 0 0 0 0 0 0 0 0 0 0 0 0 0 0 0 0 0 0 0 0 0 0 0 0 0 0 0 0 0 0 0 0 0 0 0 0 0
0 0.423438 0.847059 0.778125 0.263529 0 0 0 0 0 0 0 0 0 0 0 0 0 0 0 0 0 0 0 0 0 0 0 0 0 0 0 0 0 0 0 0 0 0 0 0 0 0 0 0 0 0 0 0 0 0 0 0 0 0 0
