0 0.365141 0.758359 0.210188 0.483283 0.379687 0.577441 2 0.389062 0.562289 2 0.367187 0.562289 2 0 0 0 0.342187 0.56734 2 0.415625 0.631313 2 0.31875 0.629629 2 0.454687 0.703703 2 0.267187 0.703703 2 0.41875 0.710437 2 0.332812 0.715488 2 0.39375 0.804713 2 0.340625 0.804713 2 0.389062 0.895622 2 0.354687 0.898989 2 0.340625 0.97643 2 0 0 0
0 0.77207 0.703872 0.106922 0.340236 0 0 0 0 0 0 0 0 0 0 0 0 0 0 0 0.748437 0.599326 2 0.804687 0.60101 2 0.735937 0.646464 2 0.81875 0.651515 2 0.753125 0.6734 2 0.795312 0.676767 2 0.759375 0.698653 2 0.795312 0.696969 2 0.753125 0.762626 2 0.785937 0.765993 2 0.770312 0.829966 2 0.78125 0.824915 2
0 0.840617 0.647593 0.0687969 0.233131 0 0 0 0 0 0 0 0 0 0.826562 0.548821 2 0.845312 0.547138 2 0.8125 0.577441 2 0.857812 0.575757 2 0.803125 0.609427 1 0.873437 0.597643 2 0 0 0 0 0 0 0.826562 0.632996 2 0.853125 0.631313 1 0.83125 0.691919 2 0.853125 0.683501 1 0.8375 0.742424 2 0.85 0.732323 1
0 0.501445 0.720976 0.107766 0.339865 0.4875 0.594276 2 0.492187 0.589225 2 0.484375 0.589225 2 0 0 0 0 0 0 0.529687 0.617845 2 0.48125 0.612794 2 0.546875 0.670033 2 0.470312 0.663299 2 0.529687 0.695286 2 0.473437 0.685185 2 0.514062 0.718855 2 0.484375 0.715488 2 0.515625 0.786195 2 0.476562 0.782828 2 0.514062 0.858585 2 0.46875 0.868686 2
0 0.600969 0.71021 0.10325 0.359882 0.571875 0.56734 2 0.578125 0.562289 2 0.56875 0.562289 2 0.592187 0.560606 2 0 0 0 0.61875 0.60606 2 0.560937 0.609427 2 0.639062 0.653198 2 0 0 0 0.634375 0.698653 2 0 0 0 0.610937 0.70202 2 0.573437 0.703703 2 0.610937 0.779461 2 0.575 0.782828 2 0.607812 0.843434 2 0.575 0.858585 2
0 0.636672 0.608695 0.061375 0.154024 0.623437 0.562289 2 0.629687 0.555555 2 0.61875 0.555555 2 0.635937 0.560606 2 0.60625 0.557239 2 0.646875 0.587542 2 0.59375 0.587542 1 0.65625 0.638047 2 0 0 0 0.645312 0.681818 1 0 0 0 0.632812 0.671717 1 0.60625 0.671717 1 0.629687 0.750841 1 0.607812 0.742424 1 0 0 0 0 0 0
0 0.971602 0.749646 0.0565156 0.421549 0 0 0 0 0 0 0 0 0 0.975 0.582491 2 0 0 0 0.96875 0.627946 2 0 0 0 0.954687 0.688552 2 0 0 0 0 0 0 0 0 0 0.978125 0.744107 2 0 0 0 0.975 0.846801 2 0 0 0 0.975 0.930976 2 0 0 0
0 0.740555 0.577466 0.0309531 0.0478283 0 0 0 0 0 0 0 0 0 0 0 0 0 0 0 0 0 0 0 0 0 0 0 0 0 0 0 0 0 0 0 0 0 0 0 0 0 0 0 0 0 0 0 0 0 0 0 0 0 0 0
0 0.891477 0.709226 0.0855469 0.307744 0 0 0 0 0 0 0 0 0 0.870312 0.580808 2 0.898437 0.57239 2 0.860937 0.622895 2 0.914062 0.621212 2 0 0 0 0 0 0 0 0 0 0 0 0 0 0 0 0 0 0 0 0 0 0 0 0 0 0 0 0 0 0
0 0.437375 0.60697 0.026375 0.0641414 0 0 0 0 0 0 0 0 0 0 0 0 0 0 0 0 0 0 0 0 0 0 0 0 0 0 0 0 0 0 0 0 0 0 0 0 0 0 0 0 0 0 0 0 0 0 0 0 0 0 0
0 0.708812 0.629032 0.0480312 0.146077 0 0 0 0 0 0 0 0 0 0 0 0 0 0 0 0.69375 0.585858 2 0.720312 0.585858 2 0.6875 0.60606 2 0.729687 0.604377 2 0 0 0 0 0 0 0.703125 0.626262 2 0.717187 0.626262 2 0.707812 0.664983 2 0.714062 0.661616 2 0.710937 0.695286 2 0.710937 0.685185 2
0 0.462688 0.612551 0.037875 0.0929461 0 0 0 0 0 0 0 0 0 0 0 0 0 0 0 0 0 0 0 0 0 0 0 0 0 0 0 0 0 0 0 0 0 0 0 0 0 0 0 0 0 0 0 0 0 0 0 0 0 0 0
0 0.940977 0.648215 0.0607031 0.214916 0 0 0 0 0 0 0 0 0 0.946875 0.562289 2 0 0 0 0.939062 0.585858 2 0.970312 0.585858 1 0.93125 0.614478 2 0 0 0 0 0 0 0 0 0 0.9375 0.643097 2 0.965625 0.643097 1 0.934375 0.685185 2 0 0 0 0.929687 0.742424 2 0 0 0
0 0.436719 0.621212 0.523438 0.158249 0 0 0 0 0 0 0 0 0 0 0 0 0 0 0 0 0 0 0 0 0 0 0 0 0 0 0 0 0 0 0 0 0 0 0 0 0 0 0 0 0 0 0 0 0 0 0 0 0 0 0
