0 0.583859 0.422682 0.181188 0.492518 0.582812 0.249411 2 0.595312 0.235294 2 0.58125 0.232941 2 0.617187 0.242352 2 0 0 0 0.634375 0.303529 2 0.576562 0.301176 2 0.660937 0.430588 2 0.501562 0.272941 2 0.603125 0.381176 1 0.53125 0.258823 2 0.615625 0.470588 2 0.567187 0.475294 2 0.607812 0.644705 1 0.542187 0.647058 1 0 0 0 0 0 0
0 0.124297 0.510776 0.118375 0.423059 0 0 0 0 0 0 0 0 0 0.073437 0.371764 2 0 0 0 0 0 0 0.135937 0.418823 2 0 0 0 0.160937 0.524705 2 0.135937 0.498823 2 0 0 0 0 0 0 0.114062 0.592941 2 0 0 0 0 0 0 0 0 0 0 0 0
0 0.0599219 0.496847 0.119844 0.424518 0 0 0 0 0 0 0 0 0 0.025 0.352941 2 0.070312 0.341176 2 0.003125 0.411764 2 0.08125 0.411764 2 0 0 0 0.101562 0.52 2 0 0 0 0 0 0 0.021875 0.595294 2 0.064062 0.595294 2 0 0 0 0 0 0 0 0 0 0 0 0
0 0.122047 0.893541 0.137313 0.212918 0 0 0 0 0 0 0.096875 0.844705 1 0.109375 0.877647 2 0 0 0 0.035937 0.978823 1 0.207812 0.974117 1 0 0 0 0 0 0 0 0 0 0 0 0 0 0 0 0 0 0 0 0 0 0 0 0 0 0 0 0 0 0
0 0.500664 0.870788 0.153703 0.258424 0 0 0 0 0 0 0 0 0 0.460937 0.828235 2 0.529687 0.832941 2 0.435937 0.912941 2 0.528125 0.917647 2 0 0 0 0 0 0 0 0 0 0 0 0 0 0 0 0 0 0 0 0 0 0 0 0 0 0 0 0 0 0
0 0.51632 0.804494 0.274578 0.364047 0.5375 0.705882 2 0 0 0 0.529687 0.682352 2 0 0 0 0.503125 0.684705 2 0.407812 0.8 2 0.548437 0.809411 2 0 0 0 0.629687 0.943529 2 0 0 0 0 0 0 0 0 0 0 0 0 0 0 0 0 0 0 0 0 0 0 0 0
0 0.848648 0.945435 0.112516 0.107106 0 0 0 0 0 0 0 0 0 0 0 0 0 0 0 0 0 0 0 0 0 0 0 0 0 0 0 0 0 0 0 0 0 0 0 0 0 0 0 0 0 0 0 0 0 0 0 0 0 0 0
0 0.840773 0.752953 0.0654219 0.141012 0 0 0 0 0 0 0 0 0 0.821875 0.752941 2 0 0 0 0.809375 0.797647 2 0.885937 0.8 1 0 0 0 0 0 0 0 0 0 0 0 0 0 0 0 0 0 0 0 0 0 0 0 0 0 0 0 0 0 0
0 0.606617 0.789882 0.129828 0.298871 0 0 0 0 0 0 0 0 0 0.576562 0.72 2 0.632812 0.712941 2 0.554687 0.790588 2 0.642187 0.795294 2 0.546875 0.868235 1 0.653125 0.865882 2 0 0 0 0 0 0 0.56875 0.948235 1 0.625 0.948235 1 0.54375 0.884705 1 0.665625 0.88 2 0 0 0 0 0 0
0 0.151719 0.737459 0.195969 0.260376 0 0 0 0 0 0 0.126562 0.658823 2 0 0 0 0.115625 0.68 2 0.048437 0.748235 1 0.146875 0.757647 2 0 0 0 0.225 0.85647 2 0 0 0 0.303125 0.887058 1 0 0 0 0 0 0 0 0 0 0 0 0 0 0 0 0 0 0
0 0.188727 0.9346 0.128172 0.1308 0 0 0 0 0 0 0 0 0 0 0 0 0.223437 0.97647 2 0 0 0 0 0 0 0 0 0 0 0 0 0 0 0 0 0 0 0 0 0 0 0 0 0 0 0 0 0 0 0 0 0 0 0 0
0 0.284617 0.920871 0.0959219 0.158259 0 0 0 0 0 0 0 0 0 0 0 0 0.298437 0.917647 2 0 0 0 0 0 0 0 0 0 0 0 0 0 0 0 0 0 0 0 0 0 0 0 0 0 0 0 0 0 0 0 0 0 0 0 0
0 0.250367 0.770306 0.107484 0.163341 0 0 0 0 0 0 0 0 0 0 0 0 0.245312 0.757647 2 0.2 0.790588 2 0.25 0.802352 2 0 0 0 0.301562 0.797647 1 0 0 0 0.273437 0.738823 2 0 0 0 0 0 0 0 0 0 0 0 0 0 0 0 0 0 0
0 0.499219 0.678824 0.998437 0.637647 0 0 0 0 0 0 0 0 0 0 0 0 0 0 0 0 0 0 0 0 0 0 0 0 0 0 0 0 0 0 0 0 0 0 0 0 0 0 0 0 0 0 0 0 0 0 0 0 0 0 0
