0 0.420484 0.644889 0.035125 0.237701 0 0 0 0 0 0 0 0 0 0 0 0 0 0 0 0 0 0 0 0 0 0 0 0 0 0 0 0 0 0 0 0 0 0 0 0 0 0 0 0 0 0 0 0 0 0 0 0 0 0 0
0 0.148836 0.686648 0.0249531 0.168864 0 0 0 0 0 0 0 0 0 0 0 0 0 0 0 0 0 0 0 0 0 0 0 0 0 0 0 0 0 0 0 0 0 0 0 0 0 0 0 0 0 0 0 0 0 0 0 0 0 0 0
0 0.0237344 0.651662 0.0474687 0.231911 0 0 0 0 0 0 0 0 0 0.020312 0.562326 2 0.032812 0.562326 2 0.0125 0.592797 2 0.0375 0.592797 2 0 0 0 0 0 0 0 0 0 0 0 0 0.014062 0.648199 2 0.032812 0.650969 2 0.014062 0.711911 1 0.025 0.714681 2 0 0 0 0 0 0
0 0.0330703 0.755166 0.0661406 0.166288 0.045312 0.703601 2 0.046875 0.69806 2 0.040625 0.69806 2 0 0 0 0.032812 0.706371 2 0.057812 0.734072 2 0.029687 0.734072 2 0.057812 0.770083 2 0.023437 0.770083 2 0.051562 0.789473 2 0.028125 0.789473 2 0.054687 0.789473 2 0.03125 0.789473 2 0.046875 0.800554 2 0.023437 0.800554 1 0.042187 0.811634 2 0.014062 0.817174 2
0 0.110148 0.747036 0.0736094 0.162438 0.09375 0.68698 2 0.096875 0.68144 2 0.089062 0.68144 2 0 0 0 0.08125 0.68698 2 0.107812 0.711911 2 0.076562 0.711911 2 0.114062 0.736842 2 0.076562 0.747922 2 0.128124 0.770083 2 0.0875 0.772853 2 0.103125 0.764542 2 0.092187 0.764542 2 0.129687 0.756232 2 0.06875 0.761772 1 0.126562 0.792243 2 0.090625 0.800554 2
0 0.232195 0.580208 0.0280781 0.0819668 0 0 0 0 0 0 0 0 0 0 0 0 0 0 0 0 0 0 0 0 0 0 0 0 0 0 0 0 0 0 0 0 0 0 0 0 0 0 0 0 0 0 0 0 0 0 0 0 0 0 0
0 0.355586 0.653934 0.0304531 0.19097 0 0 0 0 0 0 0 0 0 0 0 0 0 0 0 0 0 0 0 0 0 0 0 0 0 0 0 0 0 0 0 0 0 0 0 0 0 0 0 0 0 0 0 0 0 0 0 0 0 0 0
0 0.330602 0.591953 0.0282031 0.126676 0 0 0 0 0 0 0 0 0 0 0 0 0 0 0 0 0 0 0 0 0 0 0 0 0 0 0 0 0 0 0 0 0 0 0 0 0 0 0 0 0 0 0 0 0 0 0 0 0 0 0
0 0.201906 0.586357 0.0440625 0.0879501 0 0 0 0 0 0 0 0 0 0 0 0 0 0 0 0 0 0 0 0 0 0 0 0 0 0 0 0 0 0 0 0 0 0 0 0 0 0 0 0 0 0 0 0 0 0 0 0 0 0 0
0 0.417273 0.531191 0.0274844 0.061662 0 0 0 0 0 0 0 0 0 0 0 0 0 0 0 0 0 0 0 0 0 0 0 0 0 0 0 0 0 0 0 0 0 0 0 0 0 0 0 0 0 0 0 0 0 0 0 0 0 0 0
0 0.0432422 0.564723 0.00554687 0.0231856 0 0 0 0 0 0 0 0 0 0 0 0 0 0 0 0 0 0 0 0 0 0 0 0 0 0 0 0 0 0 0 0 0 0 0 0 0 0 0 0 0 0 0 0 0 0 0 0 0 0 0
0 0.273664 0.673047 0.0271094 0.17169 0 0 0 0 0 0 0 0 0 0 0 0 0 0 0 0 0 0 0 0 0 0 0 0 0 0 0 0 0 0 0 0 0 0 0 0 0 0 0 0 0 0 0 0 0 0 0 0 0 0 0
0 0.103641 0.566371 0.00821875 0.0299723 0 0 0 0 0 0 0 0 0 0 0 0 0 0 0 0 0 0 0 0 0 0 0 0 0 0 0 0 0 0 0 0 0 0 0 0 0 0 0 0 0 0 0 0 0 0 0 0 0 0 0
0 0.205469 0.65097 0.326562 0.188366 0 0 0 0 0 0 0 0 0 0 0 0 0 0 0 0 0 0 0 0 0 0 0 0 0 0 0 0 0 0 0 0 0 0 0 0 0 0 0 0 0 0 0 0 0 0 0 0 0 0 0
