0 0.416344 0.659553 0.235781 0.680894 0.429687 0.411764 2 0.442187 0.395294 2 0.414062 0.397647 2 0.446875 0.414117 2 0.389062 0.41647 2 0.478125 0.517647 2 0.34375 0.512941 2 0.510937 0.710588 2 0.307812 0.672941 2 0.478125 0.755294 2 0.3625 0.731764 2 0.4375 0.835294 2 0.351562 0.825882 2 0 0 0 0 0 0 0 0 0 0 0 0
0 0.693156 0.6146 0.422312 0.748306 0.759375 0.437647 2 0.7875 0.411764 2 0.7375 0.4 2 0.807812 0.392941 2 0.69375 0.367058 2 0.823437 0.562352 2 0.61875 0.534117 2 0.846875 0.842352 2 0.553125 0.828235 2 0.796875 0.583529 2 0 0 0 0.7625 0.992941 1 0.609375 0.995294 1 0 0 0 0 0 0 0 0 0 0 0 0
0 0.566703 0.516459 0.1155 0.2932 0.585937 0.447058 2 0.6 0.432941 2 0.576562 0.430588 2 0 0 0 0.5625 0.444705 2 0.634375 0.569411 1 0.523437 0.567058 2 0 0 0 0 0 0 0 0 0 0 0 0 0 0 0 0 0 0 0 0 0 0 0 0 0 0 0 0 0 0
0 0.162656 0.711235 0.325313 0.546047 0.190625 0.569411 2 0.210937 0.562352 2 0.185937 0.552941 1 0.248437 0.588235 2 0 0 0 0.25 0.69647 2 0.123437 0.651764 2 0.226562 0.818823 2 0.017187 0.738823 2 0.275 0.912941 2 0.046875 0.835294 2 0.173437 0.974117 2 0.095312 0.964705 2 0 0 0 0 0 0 0 0 0 0 0 0
0 0.0925234 0.656929 0.185047 0.662941 0.095312 0.432941 2 0.114062 0.409411 2 0.079687 0.404705 2 0.128124 0.414117 2 0.070312 0.414117 2 0.142187 0.508235 2 0.029687 0.510588 2 0 0 0 0 0 0 0 0 0 0 0 0 0 0 0 0 0 0 0 0 0 0 0 0 0 0 0 0 0 0
0 0.313594 0.467071 0.0837813 0.198565 0.325 0.404705 2 0.329687 0.397647 2 0.320312 0.4 2 0 0 0 0.310937 0.407058 2 0.35 0.454117 2 0.298437 0.45647 2 0 0 0 0.271875 0.505882 1 0 0 0 0 0 0 0.345312 0.590588 1 0.303125 0.590588 1 0 0 0 0 0 0 0 0 0 0 0 0
0 0.204062 0.410082 0.0479062 0.0912706 0 0 0 0 0 0 0 0 0 0 0 0 0 0 0 0 0 0 0 0 0 0 0 0 0 0 0 0 0 0 0 0 0 0 0 0 0 0 0 0 0 0 0 0 0 0 0 0 0 0 0
0 0.174469 0.445976 0.0444688 0.108424 0 0 0 0 0 0 0 0 0 0 0 0 0 0 0 0 0 0 0 0 0 0 0 0 0 0 0 0 0 0 0 0 0 0 0 0 0 0 0 0 0 0 0 0 0 0 0 0 0 0 0
0 0.268445 0.410482 0.0602344 0.0875529 0 0 0 0 0 0 0 0 0 0 0 0 0 0 0 0 0 0 0 0 0 0 0 0 0 0 0 0 0 0 0 0 0 0 0 0 0 0 0 0 0 0 0 0 0 0 0 0 0 0 0
0 0.026875 0.503976 0.05375 0.182447 0 0 0 0 0 0 0 0 0 0.010937 0.461176 1 0.046875 0.458823 2 0 0 0 0.059375 0.517647 1 0 0 0 0 0 0 0 0 0 0 0 0 0 0 0 0 0 0 0 0 0 0 0 0 0 0 0 0 0 0
0 0.257586 0.367976 0.0131406 0.0238588 0 0 0 0 0 0 0 0 0 0 0 0 0 0 0 0 0 0 0 0 0 0 0 0 0 0 0 0 0 0 0 0 0 0 0 0 0 0 0 0 0 0 0 0 0 0 0 0 0 0 0
0 0.232336 0.402071 0.0323906 0.0731765 0 0 0 0 0 0 0 0 0 0 0 0 0 0 0 0 0 0 0 0 0 0 0 0 0 0 0 0 0 0 0 0 0 0 0 0 0 0 0 0 0 0 0 0 0 0 0 0 0 0 0
0 0.144281 0.426188 0.0361563 0.106682 0 0 0 0 0 0 0 0 0 0 0 0 0 0 0 0 0 0 0 0 0 0 0 0 0 0 0 0 0 0 0 0 0 0 0 0 0 0 0 0 0 0 0 0 0 0 0 0 0 0 0
0 0.238281 0.438824 0.476562 0.270588 0 0 0 0 0 0 0 0 0 0 0 0 0 0 0 0 0 0 0 0 0 0 0 0 0 0 0 0 0 0 0 0 0 0 0 0 0 0 0 0 0 0 0 0 0 0 0 0 0 0 0
