0 0.538172 0.709426 0.316562 0.525842 0.55 0.530612 2 0.551562 0.515306 2 0 0 0 0.573437 0.517857 2 0 0 0 0.576562 0.604591 2 0.629687 0.579081 2 0.50625 0.698979 2 0.65 0.686224 2 0.423437 0.696428 2 0.667187 0.82653 2 0.648437 0.821428 2 0.679687 0.808673 2 0.534375 0.752551 2 0.56875 0.721938 2 0.6 0.923469 2 0.640625 0.90051 1
0 0.787555 0.694528 0.294047 0.572015 0.725 0.505102 2 0.725 0.487244 2 0.71875 0.489795 2 0.746875 0.487244 2 0 0 0 0.775 0.548469 2 0 0 0 0.745312 0.681122 2 0 0 0 0.678125 0.678571 2 0 0 0 0.890625 0.655612 2 0.876562 0.627551 2 0.7875 0.744897 2 0.801562 0.724489 2 0.839062 0.915816 2 0.845312 0.887755 2
0 0.666078 0.101543 0.0935312 0.203087 0 0 0 0 0 0 0 0 0 0 0 0 0 0 0 0 0 0 0 0 0 0 0 0 0 0 0 0 0 0 0 0 0 0.676562 0.063775 2 0.642187 0.079081 2 0.678125 0.211734 1 0.654687 0.206632 1 0 0 0 0 0 0
0 0.366539 0.0790561 0.106953 0.158112 0 0 0 0 0 0 0 0 0 0 0 0 0 0 0 0.40625 0.005102 2 0.384375 0.005102 2 0.396875 0.071428 2 0 0 0 0.371875 0.096938 2 0 0 0 0.395312 0.096938 2 0.384375 0.099489 2 0.339062 0.145408 2 0 0 0 0 0 0 0 0 0
0 0.209969 0.0714541 0.175812 0.132296 0.18125 0.053571 2 0.185937 0.043367 2 0.175 0.040816 2 0.196875 0.048469 2 0.170312 0.045918 2 0.214062 0.086734 2 0.157812 0.10204 2 0.240625 0.091836 2 0.132812 0.112244 2 0.273437 0.099489 2 0.165625 0.079081 2 0 0 0 0 0 0 0 0 0 0 0 0 0 0 0 0 0 0
0 0.325641 0.0619005 0.101875 0.119413 0 0 0 0 0 0 0 0 0 0 0 0 0 0 0 0.3375 0.010204 2 0.29375 0.017857 2 0.3125 0.061224 2 0.285937 0.084183 2 0.290625 0.033163 2 0 0 0 0 0 0 0 0 0 0 0 0 0 0 0 0 0 0 0 0 0
0 0.0495312 0.0631633 0.0990625 0.124133 0.00625 0.017857 1 0.009375 0.012755 1 0 0 0 0.026562 0.022959 2 0 0 0 0.035937 0.053571 2 0 0 0 0.082812 0.068877 2 0 0 0 0.0875 0.089285 2 0 0 0 0 0 0 0 0 0 0 0 0 0 0 0 0 0 0 0 0 0
0 0.273562 0.0272832 0.01575 0.0426786 0 0 0 0 0 0 0 0 0 0 0 0 0 0 0 0 0 0 0 0 0 0 0 0 0 0 0 0 0 0 0 0 0 0 0 0 0 0 0 0 0 0 0 0 0 0 0 0 0 0 0
0 0.439727 0.0857015 0.0773594 0.171403 0 0 0 0 0 0 0 0 0 0 0 0 0 0 0 0 0 0 0 0 0 0 0 0 0 0 0 0 0 0 0 0 0 0.464062 0.022959 2 0.428125 0.033163 1 0.467187 0.160714 2 0.409375 0.153061 2 0 0 0 0 0 0
0 0.235297 0.0436607 0.0843125 0.0873214 0 0 0 0 0 0 0 0 0 0 0 0 0 0 0 0 0 0 0 0 0 0 0 0 0 0 0 0 0 0 0 0 0 0 0 0 0 0 0 0 0 0 0 0 0 0 0 0 0 0 0
0 0.32932 0.55375 0.372266 0.677908 0.328125 0.30102 2 0.334375 0.290816 2 0.320312 0.290816 2 0.346875 0.283163 2 0.309375 0.285714 2 0.38125 0.35204 2 0.28125 0.331632 2 0.407812 0.436224 2 0.275 0.431122 2 0.38125 0.431122 2 0.325 0.45153 2 0.360937 0.533163 2 0.303125 0.520408 2 0.398437 0.678571 1 0.229687 0.642857 2 0.471875 0.836734 2 0.185937 0.823979 2
