0 0.407553 0.749437 0.397447 0.478656 0.379391 0.590625 2 0 0 0 0.358313 0.590625 2 0 0 0 0.337236 0.607812 2 0.421545 0.610937 2 0.325526 0.654687 2 0.510538 0.579687 2 0.229508 0.7 2 0.57377 0.54375 2 0.238875 0.623437 2 0.505854 0.7375 2 0.428571 0.746875 2 0.571428 0.859375 2 0.454332 0.876562 2 0.440281 0.942187 2 0.29274 0.940625 2
0 0.0901054 0.685867 0.0661124 0.0486094 0 0 0 0 0 0 0 0 0 0 0 0 0 0 0 0 0 0 0 0 0 0 0 0 0 0 0 0 0 0 0 0 0 0 0 0 0 0 0 0 0 0 0 0 0 0 0 0 0 0 0
0 0.730656 0.737688 0.176674 0.160219 0.681498 0.671875 2 0.68384 0.66875 2 0.672131 0.66875 2 0 0 0 0.660421 0.676562 2 0.69555 0.695312 2 0.651053 0.695312 1 0.718969 0.725 2 0.68384 0.717187 1 0.707259 0.695312 2 0.716627 0.73125 2 0.707259 0.742187 2 0.669789 0.74375 1 0.735362 0.767187 1 0.735362 0.751562 1 0.770491 0.803125 2 0.770491 0.785937 2
0 0.855492 0.743133 0.116089 0.158766 0.885245 0.682812 2 0.889929 0.679687 2 0.87822 0.679687 2 0 0 0 0.864168 0.676562 2 0.899297 0.7 2 0.840749 0.692187 2 0.91569 0.726562 1 0.845433 0.720312 2 0.913348 0.69375 1 0.875878 0.703125 2 0.86651 0.740625 1 0.819672 0.740625 2 0 0 0 0.847775 0.74375 1 0 0 0 0.836065 0.803125 2
0 0.691358 0.591609 0.054192 0.0492812 0 0 0 0 0 0 0 0 0 0 0 0 0 0 0 0 0 0 0 0 0 0 0 0 0 0 0 0 0 0 0 0 0 0 0 0 0 0 0 0 0 0 0 0 0 0 0 0 0 0 0
0 0.202881 0.757508 0.157658 0.176172 0.20843 0.692187 2 0.213114 0.689062 2 0.201405 0.6875 2 0 0 0 0.182669 0.690625 2 0.215456 0.707812 2 0.17096 0.704687 2 0.227166 0.746875 2 0.166276 0.748437 2 0.227166 0.754687 2 0.215456 0.757812 2 0.199063 0.764062 2 0.168618 0.764062 2 0.250585 0.7625 2 0.182669 0.760937 2 0.252927 0.825 2 0.177985 0.826562 2
0 0.175199 0.53975 0.106276 0.0779688 0.163934 0.512499 2 0.168618 0.510937 2 0.15925 0.509375 2 0.173302 0.514062 2 0.149882 0.514062 2 0.175644 0.532812 2 0.142857 0.53125 2 0.189695 0.546875 2 0.138173 0.551562 2 0.210772 0.557812 2 0.175644 0.554687 2 0.182669 0.560937 2 0.154566 0.564062 2 0.182669 0.567187 2 0.175644 0.55 2 0.185011 0.590625 1 0.17096 0.576562 1
0 0.633372 0.46532 0.0554098 0.0480781 0 0 0 0 0 0 0 0 0 0 0 0 0 0 0 0 0 0 0 0 0 0 0 0 0 0 0 0 0 0 0 0 0 0 0 0 0 0 0 0 0 0 0 0 0 0 0 0 0 0 0
0 0.784731 0.331602 0.0755972 0.0470469 0 0 0 0 0 0 0 0 0 0 0 0 0 0 0 0 0 0 0 0 0 0 0 0 0 0 0 0 0 0 0 0 0 0 0 0 0 0 0 0 0 0 0 0 0 0 0 0 0 0 0
0 0.0232553 0.684281 0.0465105 0.056125 0 0 0 0 0 0 0 0 0 0 0 0 0 0 0 0 0 0 0 0 0 0 0 0 0 0 0 0 0 0 0 0 0 0 0 0 0 0 0 0 0 0 0 0 0 0 0 0 0 0 0
0 0.734543 0.490203 0.103607 0.0626562 0 0 0 0 0 0 0 0 0 0 0 0 0 0 0 0 0 0 0 0 0 0 0 0 0 0 0 0 0 0 0 0 0 0 0 0 0 0 0 0 0 0 0 0 0 0 0 0 0 0 0
0 0.575457 0.621859 0.0814988 0.0697812 0 0 0 0 0 0 0 0 0 0 0 0 0 0 0 0 0 0 0 0 0 0 0 0 0 0 0 0 0 0 0 0 0 0 0 0 0 0 0 0 0 0 0 0 0 0 0 0 0 0 0
0 0.333115 0.541703 0.0645433 0.0514063 0 0 0 0 0 0 0 0 0 0 0 0 0 0 0 0 0 0 0 0 0 0 0 0 0 0 0 0 0 0 0 0 0 0 0 0 0 0 0 0 0 0 0 0 0 0 0 0 0 0 0
0 0.498829 0.401562 0.997658 0.671875 0 0 0 0 0 0 0 0 0 0 0 0 0 0 0 0 0 0 0 0 0 0 0 0 0 0 0 0 0 0 0 0 0 0 0 0 0 0 0 0 0 0 0 0 0 0 0 0 0 0 0
