0 0.0819531 0.51055 0.160594 0.937963 0 0 0 0 0 0 0 0 0 0 0 0 0.079687 0.152224 2 0 0 0 0.114062 0.306791 2 0 0 0 0.101562 0.531615 2 0 0 0 0.040625 0.69555 2 0 0 0 0.045312 0.576112 2 0 0 0 0 0 0 0 0 0 0 0 0
0 0.438836 0.611581 0.374766 0.776838 0.426562 0.327868 2 0.44375 0.311475 2 0.415625 0.309133 2 0.467187 0.288056 2 0 0 0 0.50625 0.360655 2 0.373437 0.370023 1 0.60625 0.440281 2 0.26875 0.318501 2 0.551562 0.257611 1 0.335937 0.192037 1 0.475 0.620608 2 0.409375 0.620608 2 0.464062 0.693208 2 0.407812 0.690866 2 0.490625 0.985948 2 0.326562 0.971896 2
0 0.386141 0.0738407 0.11825 0.147681 0.364062 0.039812 2 0.378125 0.021077 2 0.351562 0.021077 2 0.392187 0.03747 2 0.332812 0.035128 2 0.425 0.117096 2 0.320312 0.11007 1 0 0 0 0 0 0 0 0 0 0 0 0 0 0 0 0 0 0 0 0 0 0 0 0 0 0 0 0 0 0
0 0.551828 0.0968501 0.079 0.140211 0.545312 0.114754 2 0.55625 0.100702 2 0.535937 0.09836 2 0.576562 0.105386 2 0.51875 0.105386 2 0 0 0 0 0 0 0 0 0 0 0 0 0 0 0 0 0 0 0 0 0 0 0 0 0 0 0 0 0 0 0 0 0 0 0 0
0 0.857922 0.0892389 0.163062 0.178478 0 0 0 0 0 0 0 0 0 0 0 0 0 0 0 0.907812 0.04918 2 0.8125 0.051522 2 0.920312 0.168618 2 0.79375 0.15925 2 0 0 0 0 0 0 0 0 0 0 0 0 0 0 0 0 0 0 0 0 0 0 0 0
0 0.696492 0.0912178 0.202859 0.177939 0 0 0 0 0 0 0 0 0 0 0 0 0 0 0 0.745312 0.004683 2 0.648437 0.011709 2 0.775 0.121779 2 0.610937 0.124121 2 0.773437 0.03747 2 0.65 0.135831 2 0.71875 0.154566 2 0.673437 0.156908 1 0 0 0 0 0 0 0 0 0 0 0 0
0 0.252 0.469719 0.159094 0.939438 0 0 0 0 0 0 0 0 0 0 0 0 0 0 0 0.310937 0.009367 2 0 0 0 0.321875 0.168618 1 0.189062 0.088992 2 0 0 0 0 0 0 0.298437 0.318501 1 0.234375 0.313817 2 0.254687 0.606557 2 0.235937 0.601873 2 0.242187 0.868852 1 0.204687 0.871194 2
0 0.493719 0.0779274 0.111094 0.155855 0 0 0 0 0 0 0 0 0 0 0 0 0 0 0 0.5375 0.004683 1 0.475 0.004683 2 0.567187 0.051522 1 0.446875 0.046838 2 0 0 0 0 0 0 0.54375 0.152224 1 0.490625 0.156908 1 0 0 0 0 0 0 0 0 0 0 0 0
0 0.941547 0.0932553 0.116906 0.186511 0 0 0 0 0 0 0 0 0 0 0 0 0 0 0 0.9125 0.053864 1 0 0 0 0.921875 0.15925 1 0 0 0 0 0 0 0 0 0 0 0 0 0 0 0 0 0 0 0 0 0 0 0 0 0 0 0
0 0.41125 0.0516042 0.0497812 0.102834 0 0 0 0 0 0 0 0 0 0 0 0 0 0 0 0 0 0 0 0 0 0 0 0 0 0 0 0 0 0 0 0 0 0 0 0 0 0 0 0 0 0 0 0 0 0 0 0 0 0 0
