0 0.301016 0.24736 0.0915312 0.25271 0.307812 0.165887 1 0 0 0 0.30625 0.156542 2 0 0 0 0.3 0.163551 2 0.260937 0.193925 2 0.292187 0.21028 2 0 0 0 0.3125 0.273364 2 0 0 0 0.321875 0.238317 2 0.270312 0.310747 2 0.292187 0.320093 2 0 0 0 0.329687 0.303738 2 0 0 0 0 0 0
0 0.391375 0.273154 0.153125 0.278224 0.398437 0.221962 2 0.407812 0.205607 2 0.3875 0.21028 2 0.415625 0.207943 2 0.360937 0.214953 2 0.434375 0.289719 2 0.335937 0.299065 2 0.465625 0.376168 2 0.31875 0.394859 2 0.423437 0.394859 2 0.364062 0.397196 2 0.428125 0.476635 1 0.354687 0.481308 1 0 0 0 0 0 0 0 0 0 0 0 0
0 0.57325 0.290304 0.167187 0.308084 0.6 0.24299 2 0.607812 0.226635 2 0.590625 0.231308 2 0 0 0 0.557812 0.238317 2 0.629687 0.317757 2 0.540625 0.306074 2 0.653125 0.446261 1 0.496875 0.418224 1 0.604687 0.38785 2 0.517187 0.380841 2 0.614062 0.5 1 0.540625 0.483644 1 0 0 0 0 0 0 0 0 0 0 0 0
0 0.695047 0.359171 0.151781 0.386519 0.68125 0.264018 2 0.6875 0.25 2 0 0 0 0.721875 0.268691 2 0 0 0 0.753125 0.373831 1 0.70625 0.338785 2 0.732812 0.549065 1 0.664062 0.439252 2 0 0 0 0.632812 0.366822 2 0 0 0 0 0 0 0 0 0 0 0 0 0 0 0 0 0 0
0 0.684062 0.62021 0.435094 0.759579 0 0 0 0 0 0 0 0 0 0.729687 0.418224 2 0.871875 0.432242 1 0.778125 0.707943 2 0.859375 0.588785 2 0.679687 0.978971 2 0.732812 0.574766 2 0.65625 0.883177 2 0.648437 0.474299 2 0 0 0 0 0 0 0.525 0.985981 2 0.604687 0.883177 2 0 0 0 0 0 0
0 0.924398 0.144381 0.0862656 0.154182 0.915625 0.123831 2 0.925 0.116822 2 0.909375 0.114485 2 0.940625 0.119158 2 0.903125 0.116822 2 0.948437 0.175233 2 0.889062 0.172897 2 0 0 0 0 0 0 0 0 0 0 0 0 0 0 0 0 0 0 0 0 0 0 0 0 0 0 0 0 0 0
0 0.0862422 0.298061 0.124359 0.373271 0 0 0 0 0 0 0 0 0 0.048437 0.186915 1 0.096875 0.189252 2 0.046875 0.278037 2 0.123437 0.259345 2 0.051562 0.371495 2 0 0 0 0 0 0 0 0 0 0.076562 0.448598 1 0.148437 0.436915 1 0.026562 0.422897 1 0 0 0 0.05 0.523364 1 0 0 0
0 0.946336 0.341577 0.107328 0.314603 0 0 0 0 0 0 0 0 0 0.9 0.247663 2 0 0 0 0.875 0.31542 1 0.984375 0.345794 1 0 0 0 0 0 0 0 0 0 0 0 0 0.878125 0.53271 1 0.920312 0.542056 1 0 0 0 0 0 0 0 0 0 0 0 0
0 0.879031 0.501752 0.157781 0.577617 0 0 0 0 0 0 0 0 0 0 0 0 0 0 0 0.890625 0.535046 2 0.895312 0.467289 2 0 0 0 0 0 0 0 0 0 0 0 0 0.890625 0.801401 1 0.907812 0.768691 2 0 0 0 0 0 0 0 0 0 0 0 0
0 0.187953 0.291157 0.176656 0.261706 0.225 0.2757 2 0.2375 0.259345 2 0.214062 0.25 2 0 0 0 0.189062 0.226635 2 0.239062 0.296728 2 0.129687 0.287383 2 0.267187 0.397196 2 0.1 0.392523 1 0.203125 0.415887 1 0 0 0 0 0 0 0 0 0 0 0 0 0 0 0 0 0 0 0 0 0
0 0.125125 0.192979 0.0544063 0.0895093 0 0 0 0 0 0 0 0 0 0 0 0 0 0 0 0 0 0 0 0 0 0 0 0 0 0 0 0 0 0 0 0 0 0 0 0 0 0 0 0 0 0 0 0 0 0 0 0 0 0 0
0 0.170445 0.19257 0.0541406 0.0895327 0 0 0 0 0 0 0 0 0 0 0 0 0 0 0 0 0 0 0 0 0 0 0 0 0 0 0 0 0 0 0 0 0 0 0 0 0 0 0 0 0 0 0 0 0 0 0 0 0 0 0
0 0.245609 0.662956 0.491219 0.674089 0 0 0 0 0 0 0 0 0 0 0 0 0.182812 0.516355 2 0.03125 0.686915 2 0.25 0.717289 2 0 0 0 0.4625 0.824766 2 0 0 0 0.389062 0.714953 2 0 0 0 0 0 0 0 0 0 0 0 0 0 0 0 0 0 0
0 0.499219 0.219626 0.998437 0.350467 0 0 0 0 0 0 0 0 0 0 0 0 0 0 0 0 0 0 0 0 0 0 0 0 0 0 0 0 0 0 0 0 0 0 0 0 0 0 0 0 0 0 0 0 0 0 0 0 0 0 0
