0 0.325406 0.539069 0.0758438 0.315167 0.314062 0.410041 2 0.31875 0.403765 2 0.3125 0.403765 1 0.33125 0.405857 2 0 0 0 0.342187 0.433054 2 0.310937 0.43933 2 0.357812 0.485355 1 0.301562 0.493723 2 0.353125 0.525104 2 0.296875 0.535564 2 0.340625 0.533472 2 0.314062 0.533472 2 0.342187 0.60251 2 0.31875 0.604602 2 0.351562 0.667364 2 0.328125 0.669456 2
0 0.148055 0.57886 0.100172 0.417636 0.153125 0.399581 2 0 0 0 0.15 0.391213 2 0 0 0 0.135937 0.399581 2 0.109375 0.443514 2 0.129687 0.437238 2 0 0 0 0.135937 0.491631 2 0 0 0 0.1625 0.535564 2 0.107812 0.566945 2 0.135937 0.571129 2 0.132812 0.661087 2 0.157812 0.658995 2 0.129687 0.753138 2 0.15625 0.759414 2
0 0.479734 0.486967 0.0451875 0.154812 0.4875 0.42887 2 0.489062 0.424686 2 0.485937 0.424686 2 0 0 0 0.48125 0.422594 2 0.489062 0.437238 2 0.470312 0.437238 2 0.492187 0.458158 2 0.4625 0.453974 2 0.496875 0.483263 2 0.464062 0.481171 2 0.485937 0.479079 2 0.475 0.479079 2 0.490625 0.51046 2 0.476562 0.512552 2 0.482812 0.533472 2 0.478125 0.546025 2
0 0.44068 0.506747 0.0517031 0.17341 0.439062 0.43933 2 0.440625 0.437238 2 0.435937 0.437238 2 0 0 0 0.432812 0.433054 2 0.442187 0.44979 2 0.420312 0.447698 2 0.451562 0.479079 2 0 0 0 0.460937 0.497907 2 0 0 0 0.434375 0.497907 2 0.421875 0.497907 1 0.434375 0.535564 2 0 0 0 0.4375 0.579497 2 0 0 0
0 0.409336 0.436276 0.0192344 0.0399582 0 0 0 0 0 0 0 0 0 0 0 0 0 0 0 0 0 0 0 0 0 0 0 0 0 0 0 0 0 0 0 0 0 0 0 0 0 0 0 0 0 0 0 0 0 0 0 0 0 0 0
0 0.07425 0.551893 0.0865937 0.373368 0.054687 0.399581 1 0.060937 0.393305 2 0 0 0 0.075 0.397489 2 0 0 0 0.070312 0.437238 2 0.110937 0.435146 2 0.060937 0.506276 2 0 0 0 0.045312 0.550209 2 0 0 0 0.073437 0.552301 2 0.104687 0.550209 1 0.076562 0.62343 2 0.096875 0.629707 2 0.079687 0.698744 2 0.095312 0.711297 2
0 0.391352 0.560586 0.118203 0.326067 0.376562 0.42887 2 0.382812 0.424686 2 0 0 0 0.395312 0.424686 2 0 0 0 0.415625 0.466527 2 0.371875 0.460251 2 0.421875 0.518828 2 0.35625 0.495815 2 0.41875 0.558577 2 0.3375 0.460251 2 0.40625 0.564853 2 0.382812 0.564853 2 0.425 0.633891 2 0.385937 0.633891 2 0.440625 0.686192 2 0.390625 0.69456 2
0 0.804906 0.431485 0.0322188 0.0368201 0 0 0 0 0 0 0 0 0 0 0 0 0 0 0 0 0 0 0 0 0 0 0 0 0 0 0 0 0 0 0 0 0 0 0 0 0 0 0 0 0 0 0 0 0 0 0 0 0 0 0
0 0.302844 0.467856 0.0282187 0.121653 0 0 0 0 0 0 0 0 0 0 0 0 0 0 0 0 0 0 0 0 0 0 0 0 0 0 0 0 0 0 0 0 0 0 0 0 0 0 0 0 0 0 0 0 0 0 0 0 0 0 0
0 0.208141 0.473504 0.0314063 0.119561 0 0 0 0 0 0 0 0 0 0 0 0 0 0 0 0 0 0 0 0 0 0 0 0 0 0 0 0 0 0 0 0 0 0 0 0 0 0 0 0 0 0 0 0 0 0 0 0 0 0 0
