0 0.514426 0.86575 0.112037 0.204562 0.531615 0.778125 2 0.536299 0.775 1 0.52459 0.775 2 0 0 0 0.51288 0.778125 2 0.550351 0.798437 2 0.496487 0.801562 2 0.559718 0.821875 2 0.475409 0.83125 2 0.56206 0.835937 2 0.461358 0.85625 1 0.543325 0.85625 2 0.510538 0.857812 2 0.543325 0.903125 2 0.519906 0.904687 2 0.538641 0.946875 2 0.52459 0.948437 2
0 0.609192 0.730039 0.0510773 0.0975469 0 0 0 0 0 0 0 0 0 0 0 0 0 0 0 0 0 0 0 0 0 0 0 0 0 0 0 0 0 0 0 0 0 0 0 0 0 0 0 0 0 0 0 0 0 0 0 0 0 0 0
0 0.646838 0.70807 0.0360187 0.0769531 0 0 0 0 0 0 0 0 0 0 0 0 0 0 0 0 0 0 0 0 0 0 0 0 0 0 0 0 0 0 0 0 0 0 0 0 0 0 0 0 0 0 0 0 0 0 0 0 0 0 0
0 0.861382 0.694219 0.0339578 0.0748438 0 0 0 0 0 0 0 0 0 0 0 0 0 0 0 0 0 0 0 0 0 0 0 0 0 0 0 0 0 0 0 0 0 0 0 0 0 0 0 0 0 0 0 0 0 0 0 0 0 0 0
0 0.911101 0.845195 0.138126 0.205016 0.9274 0.767187 1 0.9274 0.7625 2 0.920374 0.7625 2 0 0 0 0.906323 0.7625 2 0.908665 0.78125 2 0.894613 0.779687 2 0 0 0 0.873536 0.809375 2 0 0 0 0.911007 0.804687 2 0.894613 0.840625 2 0.880562 0.840625 2 0.918032 0.885937 2 0.864168 0.876562 2 0.943793 0.929687 2 0.836065 0.91875 1
0 0.435328 0.908703 0.111124 0.182594 0 0 0 0 0 0 0 0 0 0.421545 0.832812 2 0.459016 0.834375 2 0.40281 0.865625 2 0.470725 0.867187 2 0.393442 0.89375 2 0.480093 0.89375 2 0.405152 0.91875 2 0.461358 0.917187 2 0.414519 0.940625 2 0.459016 0.940625 2 0.421545 0.978125 2 0.461358 0.975 2 0 0 0 0 0 0
0 0.0756792 0.919797 0.147518 0.160406 0 0 0 0 0 0 0 0 0 0.035128 0.86875 2 0.077283 0.867187 2 0.004683 0.909375 2 0.093676 0.907812 2 0 0 0 0.131147 0.95 2 0.016393 0.971875 2 0.121779 0.9625 2 0.030444 0.99375 2 0.084309 0.99375 2 0 0 0 0 0 0 0 0 0 0 0 0
0 0.133443 0.801687 0.0994848 0.0796562 0.088992 0.778125 2 0.091334 0.775 2 0 0 0 0.107728 0.778125 2 0 0 0 0.112412 0.795312 2 0.142857 0.790625 2 0.107728 0.826562 2 0.175644 0.809375 1 0 0 0 0.154566 0.829687 2 0 0 0 0 0 0 0 0 0 0 0 0 0 0 0 0 0 0
0 0.195913 0.788727 0.106534 0.111234 0 0 0 0 0 0 0 0 0 0.166276 0.748437 2 0.192037 0.746875 2 0.154566 0.76875 2 0.215456 0.767187 2 0 0 0 0.23185 0.804687 2 0 0 0 0.234192 0.842187 2 0.173302 0.83125 2 0.222482 0.83125 2 0 0 0 0 0 0 0 0 0 0 0 0
0 0.806616 0.9095 0.118103 0.181 0.824355 0.85625 2 0 0 0 0.81733 0.851562 2 0 0 0 0.798594 0.854687 2 0.80562 0.873437 2 0.782201 0.875 2 0 0 0 0.793911 0.910937 2 0 0 0 0.840749 0.917187 2 0.814988 0.940625 2 0.796252 0.945312 2 0.814988 0.976562 2 0.800936 0.978125 2 0 0 0 0 0 0
0 0.476393 0.715133 0.0367681 0.0858281 0 0 0 0 0 0 0 0 0 0 0 0 0 0 0 0 0 0 0 0 0 0 0 0 0 0 0 0 0 0 0 0 0 0 0 0 0 0 0 0 0 0 0 0 0 0 0 0 0 0 0
0 0.300328 0.900648 0.120984 0.198703 0 0 0 0 0 0 0 0 0 0.274004 0.826562 1 0.306791 0.826562 2 0.248243 0.854687 2 0.325526 0.851562 2 0 0 0 0.344262 0.89375 2 0 0 0 0.344262 0.923437 2 0.266978 0.925 2 0.318501 0.923437 2 0.278688 0.979687 2 0.309133 0.978125 2 0 0 0 0 0 0
0 0.942365 0.665 0.0248712 0.0466875 0 0 0 0 0 0 0 0 0 0 0 0 0 0 0 0 0 0 0 0 0 0 0 0 0 0 0 0 0 0 0 0 0 0 0 0 0 0 0 0 0 0 0 0 0 0 0 0 0 0 0
0 0.498829 0.811719 0.997658 0.373437 0 0 0 0 0 0 0 0 0 0 0 0 0 0 0 0 0 0 0 0 0 0 0 0 0 0 0 0 0 0 0 0 0 0 0 0 0 0 0 0 0 0 0 0 0 0 0 0 0 0 0
