0 0.15266 0.652462 0.2694 0.695075 0.184 0.423423 2 0.194 0.402402 2 0.168 0.399399 2 0 0 0 0.144 0.405405 2 0.198 0.531531 2 0.086 0.534534 2 0.22 0.66066 1 0.052 0.717717 2 0.266 0.711711 2 0.076 0.879879 2 0.19 0.858858 2 0.13 0.864864 2 0 0 0 0 0 0 0 0 0 0 0 0
0 0.40609 0.618348 0.08218 0.284084 0 0 0 0 0 0 0 0 0 0 0 0 0.426 0.501501 2 0.398 0.525525 2 0.422 0.525525 2 0.392 0.576576 2 0.424 0.579579 2 0 0 0 0.43 0.615615 2 0.394 0.618618 2 0.416 0.624624 2 0.388 0.684684 2 0.426 0.678678 2 0.378 0.741741 2 0.428 0.741741 2
0 0.56697 0.632087 0.07974 0.32976 0 0 0 0 0 0 0 0 0 0.554 0.501501 2 0.576 0.501501 2 0.548 0.531531 2 0.58 0.525525 2 0.536 0.585585 2 0.594 0.567567 2 0.534 0.609609 2 0.598 0.603603 2 0.552 0.603603 2 0.58 0.6006 2 0.56 0.678678 2 0.574 0.681681 2 0.56 0.741741 2 0.57 0.75075 2
0 0.7965 0.628393 0.192 0.722973 0.794 0.477477 2 0.81 0.459459 2 0.784 0.459459 2 0.84 0.459459 2 0 0 0 0.842 0.603603 2 0.762 0.561561 2 0.87 0.777777 2 0.742 0.456456 2 0.762 0.696696 2 0.752 0.327327 2 0.804 0.882882 2 0.752 0.843843 2 0 0 0 0 0 0 0 0 0 0 0 0
0 0.65393 0.51027 0.02618 0.0833033 0 0 0 0 0 0 0 0 0 0 0 0 0 0 0 0 0 0 0 0 0 0 0 0 0 0 0 0 0 0 0 0 0 0 0 0 0 0 0 0 0 0 0 0 0 0 0 0 0 0 0
0 0.71518 0.526922 0.0352 0.102132 0 0 0 0 0 0 0 0 0 0 0 0 0 0 0 0 0 0 0 0 0 0 0 0 0 0 0 0 0 0 0 0 0 0 0 0 0 0 0 0 0 0 0 0 0 0 0 0 0 0 0
0 0.61475 0.48455 0.01206 0.0581682 0 0 0 0 0 0 0 0 0 0 0 0 0 0 0 0 0 0 0 0 0 0 0 0 0 0 0 0 0 0 0 0 0 0 0 0 0 0 0 0 0 0 0 0 0 0 0 0 0 0 0
0 0.59894 0.48976 0.01636 0.0553153 0 0 0 0 0 0 0 0 0 0 0 0 0 0 0 0 0 0 0 0 0 0 0 0 0 0 0 0 0 0 0 0 0 0 0 0 0 0 0 0 0 0 0 0 0 0 0 0 0 0 0
0 0.67295 0.617492 0.05574 0.297027 0 0 0 0 0 0 0 0 0 0 0 0 0 0 0 0.654 0.522522 2 0.692 0.528528 2 0.648 0.552552 2 0.692 0.546546 2 0.662 0.57057 2 0.678 0.573573 2 0.664 0.603603 2 0.682 0.6006 2 0.66 0.678678 2 0.686 0.672672 2 0.664 0.747747 2 0.69 0.738738 2
0 0.47195 0.624324 0.07878 0.303544 0 0 0 0 0 0 0 0 0 0.466 0.492492 1 0.486 0.495495 2 0.448 0.537537 2 0.488 0.528528 2 0.44 0.588588 2 0.5 0.591591 2 0.438 0.63063 2 0.504 0.657657 1 0.458 0.618618 2 0.486 0.618618 2 0.464 0.678678 2 0.482 0.678678 2 0.454 0.741741 2 0.476 0.744744 2
