0 0.22647 0.540541 0.0749 0.243784 0.24 0.447447 2 0.242 0.438438 2 0.236 0.438438 2 0 0 0 0 0 0 0.24 0.468468 2 0.218 0.465465 2 0.24 0.495495 2 0.202 0.495495 2 0.25 0.507507 2 0.212 0.531531 2 0.228 0.522522 2 0.22 0.522522 2 0.23 0.576576 2 0.212 0.573573 2 0.222 0.627627 2 0.198 0.627627 2
0 0.39236 0.574625 0.0918 0.245526 0 0 0 0 0 0 0 0 0 0 0 0 0.392 0.474474 2 0.39 0.498498 2 0.382 0.495495 2 0.398 0.519519 2 0.398 0.531531 2 0.418 0.519519 2 0.42 0.522522 2 0.386 0.561561 2 0.374 0.561561 2 0.392 0.627627 2 0.388 0.627627 2 0.39 0.684684 1 0.356 0.66066 2
0 0.9734 0.210556 0.04768 0.193423 0 0 0 0 0 0 0 0 0 0 0 0 0 0 0 0 0 0 0 0 0 0 0 0 0 0 0 0 0 0 0 0 0 0 0 0 0 0 0 0 0 0 0 0 0 0 0 0 0 0 0
0 0.54785 0.097973 0.07206 0.184715 0 0 0 0 0 0 0 0 0 0 0 0 0 0 0 0 0 0 0 0 0 0 0 0 0 0 0 0 0 0 0 0 0 0 0 0 0 0 0 0 0 0 0 0 0 0 0 0 0 0 0
0 0.63169 0.588679 0.1055 0.246366 0 0 0 0 0 0 0 0 0 0.624 0.486486 2 0 0 0 0.626 0.513513 2 0.648 0.504504 2 0.612 0.549549 2 0 0 0 0.598 0.543543 2 0 0 0 0.644 0.57057 2 0.662 0.564564 2 0.644 0.636636 2 0.658 0.63063 2 0.654 0.699699 2 0.674 0.687687 2
0 0.52351 0.599264 0.08126 0.237808 0 0 0 0 0 0 0 0 0 0.508 0.486486 1 0.524 0.483483 1 0.498 0.51051 2 0.534 0.507507 2 0 0 0 0 0 0 0 0 0 0 0 0 0.508 0.588588 2 0.528 0.582582 2 0.516 0.633633 2 0.542 0.627627 2 0.518 0.69069 2 0.544 0.678678 2
0 0.05336 0.085976 0.04468 0.171952 0 0 0 0 0 0 0 0 0 0 0 0 0 0 0 0 0 0 0 0 0 0 0 0 0 0 0 0 0 0 0 0 0 0 0 0 0 0 0 0 0 0 0 0 0 0 0 0 0 0 0
0 0.32354 0.0363514 0.03844 0.0727027 0 0 0 0 0 0 0 0 0 0 0 0 0 0 0 0 0 0 0 0 0 0 0 0 0 0 0 0 0 0 0 0 0 0 0 0 0 0 0 0 0 0 0 0 0 0 0 0 0 0 0
0 0.39015 0.0568018 0.0585 0.110961 0 0 0 0 0 0 0 0 0 0 0 0 0 0 0 0 0 0 0 0 0 0 0 0 0 0 0 0 0 0 0 0 0 0 0 0 0 0 0 0 0 0 0 0 0 0 0 0 0 0 0
0 0.59871 0.0416967 0.02826 0.0833934 0 0 0 0 0 0 0 0 0 0 0 0 0 0 0 0 0 0 0 0 0 0 0 0 0 0 0 0 0 0 0 0 0 0 0 0 0 0 0 0 0 0 0 0 0 0 0 0 0 0 0
0 0.5804 0.577643 0.07692 0.245556 0.548 0.48048 1 0.55 0.477477 2 0 0 0 0.558 0.474474 2 0 0 0 0.56 0.492492 2 0.578 0.48048 2 0 0 0 0 0 0 0 0 0 0 0 0 0.574 0.546546 2 0.592 0.54054 1 0.572 0.612612 2 0.59 0.606606 2 0.582 0.672672 2 0.606 0.663663 2
0 0.46645 0.594369 0.05754 0.231021 0 0 0 0 0 0 0 0 0 0 0 0 0 0 0 0.454 0.51051 1 0.478 0.507507 2 0 0 0 0 0 0 0 0 0 0 0 0 0.456 0.573573 2 0.476 0.573573 2 0.452 0.633633 2 0.48 0.624624 2 0.442 0.684684 2 0.476 0.678678 2
0 0.43498 0.572808 0.07232 0.258889 0 0 0 0 0 0 0 0 0 0 0 0 0 0 0 0 0 0 0 0 0 0 0 0 0 0 0 0 0 0 0 0 0 0 0 0 0 0 0 0 0 0 0 0 0 0 0 0 0 0 0
0 0.504 0.361862 0.808 0.723724 0 0 0 0 0 0 0 0 0 0 0 0 0 0 0 0 0 0 0 0 0 0 0 0 0 0 0 0 0 0 0 0 0 0 0 0 0 0 0 0 0 0 0 0 0 0 0 0 0 0 0
