0 0.423862 0.718172 0.0985211 0.159187 0.47183 0.664062 2 0 0 0 0.469483 0.659375 2 0 0 0 0.453051 0.6625 2 0.413145 0.684375 2 0.448356 0.690625 2 0.406103 0.723437 2 0.436619 0.73125 2 0.399061 0.7625 2 0.436619 0.775 2 0.41784 0.757812 2 0.443661 0.7625 2 0 0 0 0 0 0 0 0 0 0 0 0
0 0.882981 0.752102 0.171549 0.320109 0.892018 0.621875 2 0.889671 0.615625 2 0.882629 0.617187 2 0 0 0 0.852112 0.61875 2 0.887323 0.653125 2 0.840375 0.654687 2 0.899061 0.69375 2 0.826291 0.696875 2 0.915492 0.710937 2 0.859154 0.721875 2 0.899061 0.732812 2 0.856807 0.732812 2 0.913145 0.801562 2 0.842723 0.792187 2 0.931924 0.8875 2 0.816901 0.853125 2
0 0.13885 0.655586 0.0386854 0.0550781 0 0 0 0 0 0 0 0 0 0 0 0 0 0 0 0 0 0 0 0 0 0 0 0 0 0 0 0 0 0 0 0 0 0 0 0 0 0 0 0 0 0 0 0 0 0 0 0 0 0 0
0 0.182324 0.657359 0.0229577 0.035375 0 0 0 0 0 0 0 0 0 0 0 0 0 0 0 0 0 0 0 0 0 0 0 0 0 0 0 0 0 0 0 0 0 0 0 0 0 0 0 0 0 0 0 0 0 0 0 0 0 0 0
0 0.527934 0.644805 0.0253052 0.0199844 0 0 0 0 0 0 0 0 0 0 0 0 0 0 0 0 0 0 0 0 0 0 0 0 0 0 0 0 0 0 0 0 0 0 0 0 0 0 0 0 0 0 0 0 0 0 0 0 0 0 0
0 0.105035 0.654969 0.0218545 0.0345625 0 0 0 0 0 0 0 0 0 0 0 0 0 0 0 0 0 0 0 0 0 0 0 0 0 0 0 0 0 0 0 0 0 0 0 0 0 0 0 0 0 0 0 0 0 0 0 0 0 0 0
0 0.239883 0.635992 0.0206103 0.0229844 0 0 0 0 0 0 0 0 0 0 0 0 0 0 0 0 0 0 0 0 0 0 0 0 0 0 0 0 0 0 0 0 0 0 0 0 0 0 0 0 0 0 0 0 0 0 0 0 0 0 0
0 0.260974 0.63843 0.0211033 0.0148906 0 0 0 0 0 0 0 0 0 0 0 0 0 0 0 0 0 0 0 0 0 0 0 0 0 0 0 0 0 0 0 0 0 0 0 0 0 0 0 0 0 0 0 0 0 0 0 0 0 0 0
0 0.329648 0.635437 0.0196714 0.0153125 0 0 0 0 0 0 0 0 0 0 0 0 0 0 0 0 0 0 0 0 0 0 0 0 0 0 0 0 0 0 0 0 0 0 0 0 0 0 0 0 0 0 0 0 0 0 0 0 0 0 0
0 0.255751 0.669172 0.063662 0.0440625 0 0 0 0 0 0 0 0 0 0 0 0 0 0 0 0 0 0 0 0 0 0 0 0 0 0 0 0 0 0 0 0 0 0 0 0 0 0 0 0 0 0 0 0 0 0 0 0 0 0 0
0 0.553251 0.771234 0.240681 0.245531 0.556338 0.676562 2 0.565727 0.673437 2 0.549295 0.670312 2 0 0 0 0.528169 0.66875 2 0.49061 0.689062 2 0.528169 0.704687 2 0 0 0 0.556338 0.75625 2 0 0 0 0 0 0 0.509389 0.764062 2 0.525821 0.779687 2 0.598591 0.76875 2 0.619718 0.785937 2 0.586854 0.823437 1 0.638497 0.865625 2
0 0.215047 0.654508 0.0208451 0.0415156 0 0 0 0 0 0 0 0 0 0 0 0 0 0 0 0 0 0 0 0 0 0 0 0 0 0 0 0 0 0 0 0 0 0 0 0 0 0 0 0 0 0 0 0 0 0 0 0 0 0 0
0 0.282113 0.635953 0.0168545 0.0132188 0 0 0 0 0 0 0 0 0 0 0 0 0 0 0 0 0 0 0 0 0 0 0 0 0 0 0 0 0 0 0 0 0 0 0 0 0 0 0 0 0 0 0 0 0 0 0 0 0 0 0
0 0.552817 0.649219 0.805164 0.0671875 0 0 0 0 0 0 0 0 0 0 0 0 0 0 0 0 0 0 0 0 0 0 0 0 0 0 0 0 0 0 0 0 0 0 0 0 0 0 0 0 0 0 0 0 0 0 0 0 0 0 0
