0 0.729305 0.442691 0.197359 0.723589 0.70625 0.14442 2 0.715625 0.133479 2 0.696875 0.135667 2 0.726562 0.14442 2 0.684375 0.14442 2 0.746875 0.227571 2 0.664062 0.229759 2 0.764062 0.321663 2 0.64375 0.310722 2 0.795312 0.343544 2 0.664062 0.31291 2 0.740625 0.411378 2 0.6875 0.411378 2 0.75625 0.582056 2 0.7 0.586433 2 0.748437 0.704595 2 0.696875 0.743982 2
0 0.874039 0.430558 0.125672 0.444748 0.865625 0.247264 2 0.8625 0.238512 2 0.85625 0.238512 2 0 0 0 0.835937 0.247264 2 0.834375 0.299781 2 0.857812 0.28884 2 0 0 0 0.870312 0.350109 2 0 0 0 0.90625 0.402625 2 0.835937 0.428884 2 0.848437 0.420131 2 0.845312 0.516411 2 0.873437 0.496717 2 0.834375 0.623632 2 0.8875 0.599562 2
0 0.242742 0.548764 0.353828 0.902473 0 0 0 0 0 0 0 0 0 0.190625 0.249452 2 0.30625 0.245076 2 0.142187 0.404814 2 0.364062 0.426695 2 0.120312 0.64989 2 0.367187 0.638949 2 0.1 0.873085 2 0.375 0.853391 2 0.198437 0.853391 2 0.325 0.838074 2 0 0 0 0 0 0 0 0 0 0 0 0
0 0.500477 0.433042 0.0964531 0.203282 0.514062 0.352297 2 0 0 0 0.512499 0.347921 2 0 0 0 0.503125 0.347921 2 0.50625 0.369803 2 0.495312 0.369803 2 0.512499 0.389496 2 0.482812 0.400437 2 0.517187 0.402625 2 0.470312 0.422319 2 0.504687 0.43326 2 0.492187 0.43326 2 0.517187 0.474835 2 0.478125 0.477024 2 0.534375 0.509846 2 0.465625 0.514223 2
0 0.362852 0.359902 0.0257969 0.103917 0 0 0 0 0 0 0 0 0 0 0 0 0 0 0 0 0 0 0 0 0 0 0 0 0 0 0 0 0 0 0 0 0 0 0 0 0 0 0 0 0 0 0 0 0 0 0 0 0 0 0
0 0.390453 0.372024 0.0324375 0.13849 0 0 0 0 0 0 0 0 0 0 0 0 0 0 0 0 0 0 0 0 0 0 0 0 0 0 0 0 0 0 0 0 0 0 0 0 0 0 0 0 0 0 0 0 0 0 0 0 0 0 0
0 0.52768 0.372823 0.0291719 0.121357 0 0 0 0 0 0 0 0 0 0 0 0 0 0 0 0 0 0 0 0 0 0 0 0 0 0 0 0 0 0 0 0 0 0 0 0 0 0 0 0 0 0 0 0 0 0 0 0 0 0 0
0 0.432172 0.426466 0.0689375 0.187637 0 0 0 0 0 0 0 0 0 0 0 0 0 0 0 0 0 0 0 0 0 0 0 0 0 0 0 0 0 0 0 0 0 0 0 0 0 0 0 0 0 0 0 0 0 0 0 0 0 0 0
0 0.34243 0.345941 0.0237344 0.0841357 0 0 0 0 0 0 0 0 0 0 0 0 0 0 0 0 0 0 0 0 0 0 0 0 0 0 0 0 0 0 0 0 0 0 0 0 0 0 0 0 0 0 0 0 0 0 0 0 0 0 0
0 0.314594 0.336149 0.026375 0.0500656 0 0 0 0 0 0 0 0 0 0 0 0 0 0 0 0 0 0 0 0 0 0 0 0 0 0 0 0 0 0 0 0 0 0 0 0 0 0 0 0 0 0 0 0 0 0 0 0 0 0 0
0 0.0794375 0.653107 0.0646562 0.533348 0 0 0 0 0 0 0 0 0 0 0 0 0.089062 0.448577 2 0 0 0 0.075 0.50547 2 0 0 0 0.057812 0.610503 2 0 0 0 0.060937 0.671772 2 0 0 0 0.085937 0.652078 1 0 0 0 0.082812 0.772428 1 0 0 0 0.082812 0.873085 2
0 0.561523 0.351433 0.0200469 0.0701751 0 0 0 0 0 0 0 0 0 0 0 0 0 0 0 0 0 0 0 0 0 0 0 0 0 0 0 0 0 0 0 0 0 0 0 0 0 0 0 0 0 0 0 0 0 0 0 0 0 0 0
0 0.136609 0.33151 0.0160313 0.0548359 0 0 0 0 0 0 0 0 0 0 0 0 0 0 0 0 0 0 0 0 0 0 0 0 0 0 0 0 0 0 0 0 0 0 0 0 0 0 0 0 0 0 0 0 0 0 0 0 0 0 0
0 0.492188 0.389497 0.984375 0.227571 0 0 0 0 0 0 0 0 0 0 0 0 0 0 0 0 0 0 0 0 0 0 0 0 0 0 0 0 0 0 0 0 0 0 0 0 0 0 0 0 0 0 0 0 0 0 0 0 0 0 0
