0 0.719203 0.46854 0.147531 0.492129 0.709375 0.264851 2 0 0 0 0.703125 0.25495 2 0 0 0 0.696875 0.2599 2 0.6625 0.324257 2 0.701562 0.329207 2 0 0 0 0.739062 0.363861 2 0 0 0 0.770312 0.319306 2 0.68125 0.45792 1 0.684375 0.460396 1 0.714062 0.554455 2 0.692187 0.559405 2 0.725 0.670792 2 0.667187 0.663366 2
0 0.443164 0.32026 0.0468281 0.195866 0 0 0 0 0 0 0 0 0 0.426562 0.237623 2 0.440625 0.235148 2 0.423437 0.257425 2 0.451562 0.25495 2 0.425 0.294554 2 0.45625 0.292079 2 0 0 0 0 0 0 0.43125 0.316831 2 0.451562 0.324257 2 0.432812 0.366336 2 0.454687 0.366336 2 0.4375 0.403465 2 0.460937 0.403465 2
0 0.451187 0.238205 0.028875 0.0809653 0 0 0 0 0 0 0 0 0 0 0 0 0 0 0 0 0 0 0 0 0 0 0 0 0 0 0 0 0 0 0 0 0 0 0 0 0 0 0 0 0 0 0 0 0 0 0 0 0 0 0
0 0.583367 0.21198 0.0302031 0.139257 0 0 0 0 0 0 0 0 0 0 0 0 0 0 0 0 0 0 0 0 0 0 0 0 0 0 0 0 0 0 0 0 0 0 0 0 0 0 0 0 0 0 0 0 0 0 0 0 0 0 0
0 0.527695 0.146399 0.0293281 0.101955 0 0 0 0 0 0 0 0 0 0 0 0 0 0 0 0 0 0 0 0 0 0 0 0 0 0 0 0 0 0 0 0 0 0 0 0 0 0 0 0 0 0 0 0 0 0 0 0 0 0 0
0 0.604906 0.152265 0.0279375 0.106114 0 0 0 0 0 0 0 0 0 0 0 0 0 0 0 0 0 0 0 0 0 0 0 0 0 0 0 0 0 0 0 0 0 0 0 0 0 0 0 0 0 0 0 0 0 0 0 0 0 0 0
0 0.862016 0.477475 0.144344 0.390198 0.834375 0.316831 2 0.839062 0.311881 2 0.829687 0.314356 2 0.85 0.321782 2 0.821875 0.321782 2 0.853125 0.35891 2 0.81875 0.368811 2 0.839062 0.40099 2 0.810937 0.425742 2 0.815625 0.376237 2 0.801562 0.378712 2 0.857812 0.482673 2 0.828125 0.487623 2 0.875 0.559405 2 0.820312 0.571782 2 0.917187 0.623762 2 0.81875 0.648514 2
0 0.931562 0.384988 0.054875 0.213193 0.926562 0.309405 2 0.928125 0.30198 2 0.925 0.30198 2 0.939062 0.30198 2 0 0 0 0.945312 0.329207 2 0.91875 0.326732 1 0.95 0.368811 2 0.915625 0.383663 2 0.948437 0.40594 2 0.914062 0.398514 2 0.93125 0.391089 2 0.921875 0.388613 2 0.935937 0.448019 1 0.917187 0.443069 1 0 0 0 0 0 0
0 0.0708594 0.336324 0.0630938 0.0934901 0 0 0 0 0 0 0 0 0 0 0 0 0 0 0 0 0 0 0 0 0 0 0 0 0 0 0 0 0 0 0 0 0 0 0 0 0 0 0 0 0 0 0 0 0 0 0 0 0 0 0
0 0.303312 0.130879 0.0205938 0.0411139 0 0 0 0 0 0 0 0 0 0 0 0 0 0 0 0 0 0 0 0 0 0 0 0 0 0 0 0 0 0 0 0 0 0 0 0 0 0 0 0 0 0 0 0 0 0 0 0 0 0 0
0 0.271898 0.134505 0.0131094 0.035 0 0 0 0 0 0 0 0 0 0 0 0 0 0 0 0 0 0 0 0 0 0 0 0 0 0 0 0 0 0 0 0 0 0 0 0 0 0 0 0 0 0 0 0 0 0 0 0 0 0 0
0 0.284109 0.30823 0.053125 0.210173 0 0 0 0 0 0 0 0 0 0 0 0 0 0 0 0.265625 0.25 2 0.295312 0.240099 2 0.260937 0.282178 2 0.303125 0.267326 2 0.276562 0.304455 2 0.301562 0.297029 2 0.273437 0.30693 2 0.292187 0.311881 2 0.273437 0.35396 2 0.29375 0.346534 2 0.275 0.396039 2 0.303125 0.393564 2
0 0.181313 0.171782 0.0379375 0.120198 0 0 0 0 0 0 0 0 0 0 0 0 0 0 0 0 0 0 0 0 0 0 0 0 0 0 0 0 0 0 0 0 0 0 0 0 0 0 0 0 0 0 0 0 0 0 0 0 0 0 0
0 0.591406 0.227723 0.698438 0.420792 0 0 0 0 0 0 0 0 0 0 0 0 0 0 0 0 0 0 0 0 0 0 0 0 0 0 0 0 0 0 0 0 0 0 0 0 0 0 0 0 0 0 0 0 0 0 0 0 0 0 0
