0 0.593484 0.5502 0.196 0.384812 0.545312 0.401408 2 0.546875 0.394366 2 0 0 0 0.554687 0.394366 2 0 0 0 0.55 0.420187 2 0.585937 0.429577 2 0.534375 0.469483 2 0.620312 0.455399 2 0 0 0 0.623437 0.485915 2 0.564062 0.532863 2 0.5875 0.542253 2 0.620312 0.624413 2 0.515625 0.593896 2 0.673437 0.692488 2 0.526562 0.692488 2
0 0.726797 0.583908 0.164563 0.386268 0.696875 0.422535 2 0.7 0.41784 2 0 0 0 0.7125 0.429577 2 0 0 0 0.70625 0.47183 2 0.723437 0.464788 2 0.689062 0.518779 2 0.748437 0.492957 2 0.659375 0.495305 2 0.742187 0.535211 2 0.720312 0.56338 2 0.73125 0.55399 2 0.742187 0.659624 2 0.660937 0.612676 2 0.792187 0.730046 2 0.704687 0.678403 2
0 0.879609 0.457688 0.139406 0.247347 0.859375 0.340375 2 0.865625 0.333333 1 0 0 0 0.879687 0.33568 1 0 0 0 0.86875 0.375586 1 0.892187 0.363849 1 0.884375 0.42723 1 0.91875 0.413145 1 0.854687 0.424882 2 0.885937 0.410798 1 0.873437 0.460093 1 0.8875 0.446009 1 0.909375 0.556338 1 0.854687 0.549295 1 0.95 0.598591 1 0.85 0.612676 1
0 0.285461 0.334507 0.0259844 0.0966197 0 0 0 0 0 0 0 0 0 0 0 0 0 0 0 0 0 0 0 0 0 0 0 0 0 0 0 0 0 0 0 0 0 0 0 0 0 0 0 0 0 0 0 0 0 0 0 0 0 0 0
0 0.259461 0.354354 0.0341406 0.0440141 0 0 0 0 0 0 0 0 0 0 0 0 0 0 0 0 0 0 0 0 0 0 0 0 0 0 0 0 0 0 0 0 0 0 0 0 0 0 0 0 0 0 0 0 0 0 0 0 0 0 0
0 0.417063 0.362899 0.0234688 0.0481925 0 0 0 0 0 0 0 0 0 0 0 0 0 0 0 0 0 0 0 0 0 0 0 0 0 0 0 0 0 0 0 0 0 0 0 0 0 0 0 0 0 0 0 0 0 0 0 0 0 0 0
0 0.225094 0.251291 0.0281563 0.068216 0 0 0 0 0 0 0 0 0 0 0 0 0 0 0 0 0 0 0 0 0 0 0 0 0 0 0 0 0 0 0 0 0 0 0 0 0 0 0 0 0 0 0 0 0 0 0 0 0 0 0
0 0.413187 0.317242 0.0305 0.0696948 0 0 0 0 0 0 0 0 0 0 0 0 0 0 0 0 0 0 0 0 0 0 0 0 0 0 0 0 0 0 0 0 0 0 0 0 0 0 0 0 0 0 0 0 0 0 0 0 0 0 0
0 0.446758 0.316303 0.0295156 0.0776291 0 0 0 0 0 0 0 0 0 0 0 0 0 0 0 0 0 0 0 0 0 0 0 0 0 0 0 0 0 0 0 0 0 0 0 0 0 0 0 0 0 0 0 0 0 0 0 0 0 0 0
0 0.893375 0.482007 0.156094 0.347723 0.860937 0.340375 2 0.867187 0.333333 2 0.860937 0.333333 2 0.879687 0.338028 2 0 0 0 0.86875 0.370892 2 0.892187 0.368544 2 0.884375 0.429577 2 0.917187 0.413145 2 0.85625 0.42723 1 0.890625 0.415492 2 0.889062 0.474178 2 0.878125 0.474178 2 0.907812 0.551643 2 0.854687 0.549295 2 0.953125 0.607981 2 0.84375 0.631455 2
0 0.429898 0.361854 0.0195781 0.0461972 0 0 0 0 0 0 0 0 0 0 0 0 0 0 0 0 0 0 0 0 0 0 0 0 0 0 0 0 0 0 0 0 0 0 0 0 0 0 0 0 0 0 0 0 0 0 0 0 0 0 0
0 0.323641 0.335387 0.0235938 0.0961268 0 0 0 0 0 0 0 0 0 0 0 0 0 0 0 0 0 0 0 0 0 0 0 0 0 0 0 0 0 0 0 0 0 0 0 0 0 0 0 0 0 0 0 0 0 0 0 0 0 0 0
0 0.356578 0.324495 0.0185 0.0764085 0 0 0 0 0 0 0 0 0 0 0 0 0 0 0 0 0 0 0 0 0 0 0 0 0 0 0 0 0 0 0 0 0 0 0 0 0 0 0 0 0 0 0 0 0 0 0 0 0 0 0
0 0.513281 0.295775 0.960938 0.192488 0 0 0 0 0 0 0 0 0 0 0 0 0 0 0 0 0 0 0 0 0 0 0 0 0 0 0 0 0 0 0 0 0 0 0 0 0 0 0 0 0 0 0 0 0 0 0 0 0 0 0
