0 0.862757 0.811063 0.15271 0.237594 0 0 0 0 0 0 0 0 0 0.852803 0.70625 2 0.883177 0.707812 2 0.827102 0.729687 2 0.899532 0.729687 2 0.799065 0.7625 2 0.932242 0.725 2 0.806074 0.778125 2 0.897196 0.7125 2 0.841121 0.801562 2 0.894859 0.801562 2 0.827102 0.857812 2 0.890186 0.864062 2 0.810747 0.9 2 0.890186 0.914062 2
0 0.143119 0.199023 0.0849299 0.116797 0 0 0 0 0 0 0 0 0 0.142523 0.153125 2 0 0 0 0.130841 0.165625 2 0.172897 0.165625 2 0.119158 0.184375 2 0.175233 0.185937 2 0.112149 0.195312 2 0.17056 0.195312 2 0.126168 0.20625 2 0.156542 0.204687 2 0.109813 0.225 2 0.156542 0.226562 2 0.102803 0.245312 1 0.156542 0.253125 2
0 0.525561 0.250047 0.0874299 0.0622812 0 0 0 0 0 0 0 0 0 0 0 0 0 0 0 0 0 0 0 0 0 0 0 0 0 0 0 0 0 0 0 0 0 0 0 0 0 0 0 0 0 0 0 0 0 0 0 0 0 0 0
0 0.204603 0.514648 0.077243 0.0741719 0 0 0 0 0 0 0 0 0 0 0 0 0 0 0 0 0 0 0 0 0 0 0 0 0 0 0 0 0 0 0 0 0 0 0 0 0 0 0 0 0 0 0 0 0 0 0 0 0 0 0
0 0.498446 0.520281 0.094743 0.0642812 0 0 0 0 0 0 0 0 0 0 0 0 0 0 0 0 0 0 0 0 0 0 0 0 0 0 0 0 0 0 0 0 0 0 0 0 0 0 0 0 0 0 0 0 0 0 0 0 0 0 0
0 0.421145 0.472047 0.0341121 0.0364375 0 0 0 0 0 0 0 0 0 0 0 0 0 0 0 0 0 0 0 0 0 0 0 0 0 0 0 0 0 0 0 0 0 0 0 0 0 0 0 0 0 0 0 0 0 0 0 0 0 0 0
0 0.405023 0.519945 0.0710748 0.0715781 0 0 0 0 0 0 0 0 0 0 0 0 0 0 0 0 0 0 0 0 0 0 0 0 0 0 0 0 0 0 0 0 0 0 0 0 0 0 0 0 0 0 0 0 0 0 0 0 0 0 0
0 0.65965 0.244906 0.0541121 0.0424062 0 0 0 0 0 0 0 0 0 0 0 0 0 0 0 0 0 0 0 0 0 0 0 0 0 0 0 0 0 0 0 0 0 0 0 0 0 0 0 0 0 0 0 0 0 0 0 0 0 0 0
0 0.33729 0.750563 0.192336 0.194531 0.413551 0.673437 2 0 0 0 0.411214 0.673437 2 0 0 0 0.397196 0.675 2 0.364485 0.689062 2 0.415887 0.69375 2 0.331775 0.720312 2 0.411214 0.729687 2 0 0 0 0.394859 0.745312 2 0.343457 0.734375 2 0.371495 0.735937 2 0.380841 0.7875 2 0.350467 0.785937 2 0.399532 0.839062 2 0.2757 0.78125 2
0 0.319778 0.521297 0.0621262 0.0652188 0 0 0 0 0 0 0 0 0 0 0 0 0 0 0 0 0 0 0 0 0 0 0 0 0 0 0 0 0 0 0 0 0 0 0 0 0 0 0 0 0 0 0 0 0 0 0 0 0 0 0
0 0.552967 0.481695 0.0621963 0.0674844 0 0 0 0 0 0 0 0 0 0 0 0 0 0 0 0 0 0 0 0 0 0 0 0 0 0 0 0 0 0 0 0 0 0 0 0 0 0 0 0 0 0 0 0 0 0 0 0 0 0 0
0 0.661332 0.458203 0.0676168 0.0406562 0 0 0 0 0 0 0 0 0 0 0 0 0 0 0 0 0 0 0 0 0 0 0 0 0 0 0 0 0 0 0 0 0 0 0 0 0 0 0 0 0 0 0 0 0 0 0 0 0 0 0
0 0.752056 0.279375 0.0669159 0.03125 0 0 0 0 0 0 0 0 0 0 0 0 0 0 0 0 0 0 0 0 0 0 0 0 0 0 0 0 0 0 0 0 0 0 0 0 0 0 0 0 0 0 0 0 0 0 0 0 0 0 0
0 0.498832 0.357812 0.997664 0.715625 0 0 0 0 0 0 0 0 0 0 0 0 0 0 0 0 0 0 0 0 0 0 0 0 0 0 0 0 0 0 0 0 0 0 0 0 0 0 0 0 0 0 0 0 0 0 0 0 0 0 0
