0 0.569559 0.465102 0.519726 0.677609 0.440729 0.189062 2 0.455927 0.179687 2 0.425531 0.178125 2 0.525835 0.18125 2 0 0 0 0.598784 0.242187 2 0.386018 0.25 2 0.632218 0.315625 2 0.358662 0.364062 2 0.641337 0.357812 2 0.553191 0.379687 2 0.510638 0.43125 2 0.401215 0.429687 2 0.571428 0.592187 2 0.68693 0.446875 2 0.589665 0.74375 2 0.662613 0.614062 2
0 0.756185 0.358906 0.155532 0.110813 0.711246 0.332812 2 0.720364 0.326562 2 0.699088 0.326562 2 0.732522 0.33125 2 0.68389 0.332812 2 0.756838 0.357812 2 0.668693 0.359375 1 0.793313 0.389062 2 0.674772 0.39375 1 0.820668 0.403125 2 0.696048 0.396875 2 0.781155 0.41875 1 0.717325 0.421875 1 0 0 0 0 0 0 0 0 0 0 0 0
0 0.18965 0.330031 0.178815 0.095875 0.203647 0.310937 2 0.209726 0.304687 2 0.191489 0.304687 2 0.224924 0.30625 1 0.170212 0.30625 2 0.240121 0.33125 2 0.136778 0.329687 2 0.261398 0.370312 2 0.139817 0.373437 1 0.237082 0.384375 1 0.197568 0.3875 1 0.231003 0.390625 1 0.170212 0.390625 1 0 0 0 0 0 0 0 0 0 0 0 0
0 0.0503647 0.330406 0.100365 0.100063 0.024316 0.31875 2 0.033434 0.314062 2 0.021276 0.3125 2 0 0 0 0 0 0 0.051671 0.323437 2 0 0 0 0.088145 0.360937 2 0 0 0 0.088145 0.367187 2 0.006079 0.360937 2 0 0 0 0 0 0 0 0 0 0 0 0 0 0 0 0 0 0
0 0.719574 0.0740781 0.199818 0.1165 0.717325 0.040625 2 0.726443 0.035937 2 0.711246 0.035937 2 0.74772 0.0375 2 0 0 0 0.772036 0.065625 2 0.68693 0.0625 2 0.796352 0.107812 2 0.638297 0.082812 2 0.765957 0.121875 2 0.650455 0.089062 2 0.759878 0.126562 2 0.699088 0.126562 1 0 0 0 0 0 0 0 0 0 0 0 0
0 0.113511 0.15382 0.227021 0.125703 0.033434 0.121875 2 0.042553 0.11875 2 0.027355 0.117187 2 0.069908 0.117187 2 0 0 0 0.088145 0.135937 2 0 0.142187 1 0.148936 0.170312 2 0 0 0 0.18237 0.189062 2 0 0 0 0.106382 0.192187 2 0.030395 0.192187 2 0 0 0 0 0 0 0 0 0 0 0 0
0 0.344909 0.0784688 0.154073 0.155719 0.376899 0.015625 2 0 0 0 0.37386 0.009375 2 0 0 0 0.343465 0.014062 2 0.376899 0.039062 2 0.303951 0.035937 2 0.401215 0.071875 2 0.276595 0.070312 2 0.376899 0.079687 2 0.352583 0.078125 2 0.389057 0.098437 1 0.325227 0.098437 2 0 0 0 0.358662 0.107812 2 0 0 0 0.410334 0.154687 1
0 0.468328 0.0515781 0.125532 0.091 0.455927 0.025 2 0.458966 0.020312 2 0.446808 0.020312 2 0 0 0 0.422492 0.025 2 0.483282 0.048437 2 0.422492 0.046875 2 0.513677 0.078125 2 0.428571 0.078125 2 0.519756 0.101562 1 0.474164 0.09375 1 0 0 0 0 0 0 0 0 0 0 0 0 0 0 0 0 0 0
0 0.695456 0.237852 0.128055 0.0996719 0.696048 0.220312 2 0.702127 0.215625 2 0.68389 0.215625 2 0 0 0 0.653495 0.214062 2 0.720364 0.240625 2 0.644376 0.242187 2 0.74468 0.264062 2 0.647416 0.275 1 0 0 0 0.735562 0.270312 2 0 0 0 0 0 0 0 0 0 0 0 0 0 0 0 0 0 0
0 0.571733 0.0456094 0.151611 0.0895937 0.586626 0.003125 2 0 0 0 0 0 0 0 0 0 0 0 0 0.604863 0.021875 2 0.519756 0.028125 2 0.632218 0.042187 2 0.525835 0.075 2 0.583586 0.017187 2 0.568389 0.075 2 0.626139 0.089062 1 0.550151 0.090625 1 0 0 0 0 0 0 0 0 0 0 0 0
0 0.94304 0.357172 0.113921 0.111937 0.981762 0.325 2 0.99392 0.320312 2 0.972644 0.320312 2 0 0 0 0.954407 0.323437 1 0 0 0 0.939209 0.35 2 0 0 0 0.905775 0.396875 2 0 0 0 0.987841 0.382812 2 0 0 0 0.951367 0.428125 1 0 0 0 0 0 0 0 0 0 0 0 0
0 0.286657 0.32607 0.0979331 0.111328 0.316109 0.296875 1 0 0 0 0.30699 0.29375 2 0 0 0 0.276595 0.295312 2 0 0 0 0.2462 0.328125 1 0 0 0 0.243161 0.359375 1 0 0 0 0.282674 0.370312 2 0 0 0 0 0 0 0 0 0 0 0 0 0 0 0 0 0 0
0 0.856018 0.320242 0.0871125 0.0760469 0 0 0 0 0 0 0 0 0 0 0 0 0 0 0 0 0 0 0 0 0 0 0 0 0 0 0 0 0 0 0 0 0 0 0 0 0 0 0 0 0 0 0 0 0 0 0 0 0 0 0
0 0.826748 0.226562 0.340426 0.296875 0 0 0 0 0 0 0 0 0 0 0 0 0 0 0 0 0 0 0 0 0 0 0 0 0 0 0 0 0 0 0 0 0 0 0 0 0 0 0 0 0 0 0 0 0 0 0 0 0 0 0
