0 0.78891 0.69401 0.412394 0.58426 0 0 0 0 0 0 0 0 0 0.776595 0.508 2 0 0 0 0.664893 0.612 2 0.986702 0.618 2 0.627659 0.794 2 0 0 0 0 0 0 0 0 0 0.68617 0.978 2 0 0 0 0 0 0 0 0 0 0 0 0 0 0 0
0 0.509508 0.72472 0.224122 0.52808 0 0 0 0 0 0 0 0 0 0.476063 0.538 2 0.585106 0.55 2 0.422872 0.626 2 0.603723 0.654 2 0 0 0 0 0 0 0 0 0 0 0 0 0.43617 0.858 2 0.566489 0.874 2 0.43617 0.982 2 0 0 0 0 0 0 0 0 0
0 0.406197 0.75475 0.123351 0.47614 0 0 0 0 0 0 0.452127 0.562 2 0 0 0 0.438829 0.57 2 0.361702 0.618 2 0.452127 0.62 1 0 0 0 0 0 0 0 0 0 0 0 0 0.364361 0.772 2 0.428191 0.78 1 0.380319 0.838 2 0.420212 0.842 1 0.385638 0.92 2 0.406914 0.944 2
0 0.291795 0.70519 0.116888 0.32666 0.289893 0.574 2 0.287234 0.57 2 0.276595 0.57 2 0 0 0 0.252659 0.574 2 0.260638 0.612 2 0.257978 0.612 2 0 0 0 0.268617 0.664 2 0 0 0 0.289893 0.716 2 0.265957 0.69 2 0.273936 0.69 2 0.255319 0.772 2 0.303191 0.77 2 0.255319 0.848 2 0.321808 0.852 2
0 0.166237 0.56549 0.0343351 0.0955 0 0 0 0 0 0 0 0 0 0 0 0 0 0 0 0 0 0 0 0 0 0 0 0 0 0 0 0 0 0 0 0 0 0 0 0 0 0 0 0 0 0 0 0 0 0 0 0 0 0 0
0 0.116689 0.5684 0.0315691 0.07364 0 0 0 0 0 0 0 0 0 0 0 0 0 0 0 0 0 0 0 0 0 0 0 0 0 0 0 0 0 0 0 0 0 0 0 0 0 0 0 0 0 0 0 0 0 0 0 0 0 0 0
0 0.0279521 0.62797 0.0550532 0.16202 0 0 0 0 0 0 0 0 0 0 0 0 0 0 0 0 0 0 0.047872 0.588 2 0 0 0 0.047872 0.618 2 0 0 0 0.055851 0.642 1 0.007978 0.634 2 0.031914 0.634 2 0.015957 0.67 2 0.029255 0.666 2 0.018617 0.694 2 0.021276 0.698 2
0 0.340652 0.59483 0.0696543 0.08814 0 0 0 0 0 0 0 0 0 0 0 0 0 0 0 0 0 0 0 0 0 0 0 0 0 0 0 0 0 0 0 0 0 0 0 0 0 0 0 0 0 0 0 0 0 0 0 0 0 0 0
0 0.258245 0.53742 0.0271809 0.02896 0 0 0 0 0 0 0 0 0 0 0 0 0 0 0 0 0 0 0 0 0 0 0 0 0 0 0 0 0 0 0 0 0 0 0 0 0 0 0 0 0 0 0 0 0 0 0 0 0 0 0
0 0.649681 0.59003 0.0872872 0.0751 0 0 0 0 0 0 0 0 0 0 0 0 0 0 0 0 0 0 0 0 0 0 0 0 0 0 0 0 0 0 0 0 0 0 0 0 0 0 0 0 0 0 0 0 0 0 0 0 0 0 0
0 0.210505 0.57646 0.0329255 0.0732 0 0 0 0 0 0 0 0 0 0 0 0 0 0 0 0 0 0 0 0 0 0 0 0 0 0 0 0 0 0 0 0 0 0 0 0 0 0 0 0 0 0 0 0 0 0 0 0 0 0 0
0 0.0595878 0.56139 0.032367 0.08434 0 0 0 0 0 0 0 0 0 0 0 0 0 0 0 0 0 0 0 0 0 0 0 0 0 0 0 0 0 0 0 0 0 0 0 0 0 0 0 0 0 0 0 0 0 0 0 0 0 0 0
