0 0.504609 0.630992 0.459609 0.560297 0.449218 0.442187 2 0.476562 0.428125 2 0.435546 0.425 2 0.517578 0.428125 2 0 0 0 0.558593 0.464062 2 0.443359 0.512499 2 0.61914 0.557812 2 0.470703 0.6375 2 0.523437 0.573437 2 0.455078 0.6 2 0.585937 0.695312 2 0.523437 0.692187 2 0.451171 0.745312 2 0.308593 0.75625 2 0.669921 0.859375 2 0.412109 0.835937 2
0 0.493857 0.311398 0.106973 0.0959219 0.488281 0.298437 2 0.49414 0.290625 2 0.480468 0.292187 2 0.513671 0.29375 2 0 0 0 0.550781 0.3375 1 0.445312 0.328125 2 0.542968 0.371875 1 0 0 0 0.501953 0.340625 1 0 0 0 0 0 0 0 0 0 0 0 0 0 0 0 0 0 0 0 0 0
0 0.384727 0.269805 0.0494141 0.0502656 0 0 0 0 0 0 0 0 0 0 0 0 0 0 0 0 0 0 0 0 0 0 0 0 0 0 0 0 0 0 0 0 0 0 0 0 0 0 0 0 0 0 0 0 0 0 0 0 0 0 0
0 0.0992285 0.301773 0.12584 0.197484 0.066406 0.248437 2 0.070312 0.242187 2 0 0 0 0.095703 0.232812 2 0 0 0 0.130859 0.267187 2 0.095703 0.265625 2 0.134765 0.328125 2 0 0 0 0.068359 0.307812 2 0 0 0 0.138671 0.373437 1 0.105468 0.365625 2 0.140625 0.457812 1 0.107421 0.445312 1 0 0 0 0 0 0
0 0.410312 0.305664 0.141172 0.163922 0.423828 0.260937 2 0.429687 0.256249 2 0.416015 0.254687 2 0.447265 0.259375 2 0 0 0 0.46289 0.301562 2 0.384765 0.304687 2 0 0 0 0.359375 0.345312 2 0 0 0 0.376953 0.357812 2 0.443359 0.398437 1 0.388671 0.39375 1 0 0 0 0 0 0 0 0 0 0 0 0
0 0.28252 0.319375 0.141563 0.1695 0.27539 0.271875 2 0.28125 0.264062 2 0.265625 0.264062 2 0.294921 0.267187 2 0.255859 0.265625 2 0.3125 0.29375 2 0.25 0.292187 2 0.335937 0.35 2 0.216796 0.335937 1 0.318359 0.323437 2 0 0 0 0.318359 0.382812 2 0.261718 0.384375 1 0 0 0 0 0 0 0 0 0 0 0 0
0 0.191211 0.354156 0.131797 0.0995938 0.191406 0.334375 2 0.201171 0.329687 2 0.183593 0.328125 2 0.214843 0.335937 2 0.179687 0.334375 2 0.232421 0.375 2 0.148437 0.370312 2 0 0 0 0 0 0 0 0 0 0 0 0 0 0 0 0 0 0 0 0 0 0 0 0 0 0 0 0 0 0
0 0.206318 0.252656 0.0955273 0.088 0.201171 0.24375 2 0.210937 0.240625 2 0.193359 0.239062 2 0.224609 0.24375 2 0.185546 0.242187 2 0.251953 0.28125 1 0.169921 0.282812 2 0 0 0 0.146484 0.329687 1 0 0 0 0 0 0 0 0 0 0 0 0 0 0 0 0 0 0 0 0 0 0 0 0
0 0.94458 0.483266 0.11084 0.345219 0.917968 0.364062 2 0.921875 0.35 2 0 0 0 0.957031 0.34375 2 0 0 0 0 0 0 0.947265 0.392187 2 0 0 0 0 0 0 0 0 0 0 0 0 0 0 0 0 0 0 0 0 0 0 0 0 0 0 0 0 0 0
0 0.532412 0.265023 0.0311914 0.118203 0 0 0 0 0 0 0 0 0 0 0 0 0 0 0 0 0 0 0 0 0 0 0 0 0 0 0 0 0 0 0 0 0 0 0 0 0 0 0 0 0 0 0 0 0 0 0 0 0 0 0
0 0.494775 0.245617 0.096582 0.0980469 0.519531 0.239062 2 0.52539 0.234375 2 0.515625 0.234375 2 0 0 0 0 0 0 0.5625 0.264062 1 0.507812 0.264062 2 0 0 0 0.455078 0.251562 2 0 0 0 0.5 0.226562 2 0 0 0 0 0 0 0 0 0 0 0 0 0 0 0 0 0 0
0 0.72543 0.403531 0.144375 0.450906 0.685546 0.210937 2 0.689453 0.203125 2 0 0 0 0.722656 0.210937 2 0 0 0 0.742187 0.267187 2 0.691406 0.271875 2 0.767578 0.3375 2 0 0 0 0.771484 0.384375 2 0.77539 0.39375 2 0.746093 0.396875 2 0.705078 0.396875 2 0.759765 0.484375 2 0.726562 0.4875 2 0.763671 0.5875 2 0.714843 0.590625 2
0 0.0400391 0.330469 0.0800781 0.164062 0 0 0 0 0 0 0 0 0 0 0 0 0 0 0 0 0 0 0 0 0 0 0 0 0 0 0 0 0 0 0 0 0 0 0 0 0 0 0 0 0 0 0 0 0 0 0 0 0 0 0
