0 0.195391 0.578053 0.0570625 0.140622 0 0 0 0 0 0 0 0 0 0.182812 0.527649 2 0 0 0 0.18125 0.550691 2 0.210937 0.548387 2 0.173437 0.582949 2 0 0 0 0 0 0 0 0 0 0.1875 0.601382 2 0.20625 0.599078 2 0.192187 0.649769 1 0 0 0 0 0 0 0 0 0
0 0.310297 0.754482 0.0615938 0.283018 0 0 0 0 0 0 0 0 0 0.298437 0.647465 2 0 0 0 0.3 0.682027 2 0.321875 0.677419 2 0.3 0.746543 2 0 0 0 0 0 0 0 0 0 0.3125 0.788018 2 0.332812 0.781105 2 0.3 0.866359 1 0.317187 0.861751 2 0 0 0 0 0 0
0 0.620945 0.747477 0.0716406 0.149654 0.623437 0.714285 2 0 0 0 0.620312 0.709677 2 0 0 0 0.604687 0.705069 2 0.625 0.72811 2 0.595312 0.739631 2 0.640625 0.75576 2 0.59375 0.801843 2 0.648437 0.799539 2 0.634375 0.811059 1 0.635937 0.82258 1 0.60625 0.829493 1 0 0 0 0 0 0 0 0 0 0 0 0
0 0.417227 0.694873 0.0670469 0.214585 0.385937 0.629032 2 0.390625 0.622119 2 0 0 0 0.40625 0.617511 2 0 0 0 0.421875 0.654377 2 0.384375 0.652073 1 0.440625 0.716589 2 0 0 0 0 0 0 0 0 0 0.417187 0.760368 2 0.385937 0.758064 1 0 0 0 0 0 0 0 0 0 0 0 0
0 0.923422 0.70682 0.065625 0.108433 0.91875 0.682027 2 0.923437 0.677419 2 0.915625 0.677419 2 0.929687 0.679723 2 0.9125 0.682027 2 0.940625 0.707373 2 0.90625 0.705069 2 0.951562 0.748847 2 0.895312 0.737327 2 0.928125 0.758064 1 0.9125 0.744239 2 0.935937 0.769585 1 0.909375 0.764976 1 0.909375 0.79493 1 0.884375 0.774193 1 0 0 0 0 0 0
0 0.963453 0.677465 0.0341875 0.0801382 0 0 0 0 0 0 0 0 0 0 0 0 0 0 0 0 0 0 0 0 0 0 0 0 0 0 0 0 0 0 0 0 0 0 0 0 0 0 0 0 0 0 0 0 0 0 0 0 0 0 0
0 0.673414 0.861624 0.0841719 0.225691 0 0 0 0 0 0 0 0 0 0.667187 0.792626 2 0 0 0 0.654687 0.854838 2 0.704687 0.838709 2 0.64375 0.921658 2 0 0 0 0 0 0 0 0 0 0.65 0.97235 2 0.689062 0.963133 1 0 0 0 0 0 0 0 0 0 0 0 0
0 0.544055 0.776866 0.102547 0.146774 0.560937 0.760368 2 0.565625 0.751152 2 0.557812 0.751152 2 0 0 0 0.542187 0.739631 2 0.564062 0.762672 2 0.525 0.758064 2 0.571875 0.79493 2 0.501562 0.820276 2 0.578125 0.799539 2 0.532812 0.815668 2 0 0 0 0 0 0 0 0 0 0 0 0 0 0 0 0 0 0
0 0.645789 0.62591 0.0380156 0.0817742 0 0 0 0 0 0 0 0 0 0 0 0 0 0 0 0 0 0 0 0 0 0 0 0 0 0 0 0 0 0 0 0 0 0 0 0 0 0 0 0 0 0 0 0 0 0 0 0 0 0 0
0 0.568984 0.884735 0.100281 0.181682 0 0 0 0 0 0 0 0 0 0.55 0.85023 2 0 0 0 0.559375 0.894009 2 0.598437 0.866359 2 0.545312 0.958525 2 0 0 0 0.53125 0.910138 2 0 0 0 0 0 0 0 0 0 0 0 0 0 0 0 0 0 0 0 0 0
0 0.825695 0.759793 0.0650781 0.139862 0 0 0 0.801562 0.730414 2 0 0 0 0.8125 0.72811 2 0 0 0 0.8125 0.769585 2 0.845312 0.753456 2 0.790625 0.804147 1 0 0 0 0 0 0 0 0 0 0.823437 0.847926 1 0 0 0 0 0 0 0 0 0 0 0 0 0 0 0
0 0.850141 0.693687 0.048375 0.0806912 0 0 0 0 0 0 0 0 0 0 0 0 0 0 0 0 0 0 0 0 0 0 0 0 0 0 0 0 0 0 0 0 0 0 0 0 0 0 0 0 0 0 0 0 0 0 0 0 0 0 0
0 0.383859 0.766555 0.064625 0.269332 0.3625 0.670506 2 0.364062 0.663594 2 0 0 0 0.375 0.670506 2 0 0 0 0.392187 0.721198 2 0.365625 0.702764 2 0.382812 0.781105 2 0 0 0 0.357812 0.811059 1 0 0 0 0.385937 0.843317 2 0.364062 0.834101 2 0 0 0 0 0 0 0 0 0 0 0 0
0 0.54375 0.695853 0.821875 0.37788 0 0 0 0 0 0 0 0 0 0 0 0 0 0 0 0 0 0 0 0 0 0 0 0 0 0 0 0 0 0 0 0 0 0 0 0 0 0 0 0 0 0 0 0 0 0 0 0 0 0 0
