0 0.409039 0.582813 0.195172 0.568579 0.410937 0.364902 2 0.41875 0.35376 2 0 0 0 0.4375 0.35376 2 0 0 0 0.4625 0.395543 2 0.390625 0.40947 2 0.465625 0.467966 2 0.365625 0.49025 2 0.467187 0.526462 2 0.373437 0.587743 2 0.435937 0.548746 2 0.396875 0.548746 2 0.467187 0.662952 2 0.378125 0.671309 2 0.48125 0.818941 2 0.326562 0.810584 2
0 0.622367 0.169011 0.0556406 0.12649 0.61875 0.139275 2 0.623437 0.133704 2 0.615625 0.133704 2 0.628125 0.133704 2 0.609375 0.139275 2 0.642187 0.175487 2 0.601562 0.178272 2 0.64375 0.225626 2 0.603125 0.222841 2 0.620312 0.220055 2 0.635937 0.21727 2 0 0 0 0 0 0 0 0 0 0 0 0 0 0 0 0 0 0
0 0.20082 0.164457 0.0727031 0.131309 0.203125 0.133704 2 0.207812 0.125348 2 0.198437 0.125348 2 0 0 0 0.19375 0.130919 2 0.225 0.169916 2 0.182812 0.172701 2 0.229687 0.214484 2 0.170312 0.211699 2 0 0 0 0 0 0 0.214062 0.250696 1 0.18125 0.250696 1 0 0 0 0 0 0 0 0 0 0 0 0
0 0.246625 0.116852 0.061375 0.202228 0.242187 0.05571 2 0.24375 0.050139 2 0.235937 0.052924 2 0.251562 0.052924 2 0.232812 0.058495 2 0.260937 0.097493 2 0.226562 0.100278 2 0.275 0.150417 1 0.220312 0.153203 1 0.251562 0.147632 2 0.234375 0.142061 2 0.251562 0.172701 2 0.228125 0.172701 1 0.253125 0.186629 2 0.221875 0.183844 1 0 0 0 0 0 0
0 0.81232 0.161351 0.0861406 0.143092 0.8125 0.125348 2 0.817187 0.119777 2 0.809375 0.119777 2 0.825 0.122562 2 0 0 0 0.839062 0.183844 2 0.792187 0.169916 2 0 0 0 0.779687 0.225626 2 0 0 0 0 0 0 0 0 0 0 0 0 0 0 0 0 0 0 0 0 0 0 0 0
0 0.493328 0.162813 0.0567187 0.134819 0.490625 0.130919 2 0.49375 0.122562 2 0.4875 0.125348 2 0.501562 0.130919 2 0.482812 0.133704 2 0.510937 0.178272 2 0.473437 0.178272 2 0.510937 0.228412 2 0.46875 0.228412 1 0 0 0 0 0 0 0 0 0 0 0 0 0 0 0 0 0 0 0 0 0 0 0 0
0 0.682883 0.168357 0.0617656 0.124123 0.675 0.144846 2 0.678125 0.139275 2 0.670312 0.139275 2 0.6875 0.142061 2 0 0 0 0.704687 0.175487 2 0.660937 0.175487 2 0.704687 0.228412 2 0.660937 0.225626 2 0 0 0 0 0 0 0 0 0 0 0 0 0 0 0 0 0 0 0 0 0 0 0 0
0 0.535812 0.11337 0.0559375 0.155042 0.539062 0.066852 2 0.542187 0.061281 2 0.532812 0.061281 2 0 0 0 0 0 0 0.55 0.100278 2 0.51875 0.105849 2 0.557812 0.150417 1 0.514062 0.158774 2 0.546875 0.16713 1 0.525 0.172701 2 0.548437 0.175487 1 0.521875 0.181058 2 0 0 0 0.526562 0.200557 1 0 0 0 0 0 0
0 0.541391 0.184359 0.0483125 0.0936212 0 0 0 0 0 0 0 0 0 0 0 0 0 0 0 0 0 0 0 0 0 0 0 0 0 0 0 0 0 0 0 0 0 0 0 0 0 0 0 0 0 0 0 0 0 0 0 0 0 0 0
0 0.146219 0.166295 0.0605 0.134819 0.146875 0.133704 2 0.15 0.125348 2 0.142187 0.125348 2 0.15625 0.128133 2 0.1375 0.133704 2 0.165625 0.16713 2 0.132812 0.169916 2 0.190625 0.158774 1 0.120312 0.21727 2 0.165625 0.147632 1 0 0 0 0.160937 0.242339 1 0.132812 0.239554 1 0 0 0 0 0 0 0 0 0 0 0 0
0 0.89893 0.466156 0.0986094 0.201894 0.885937 0.417827 2 0.890625 0.40947 2 0.882812 0.40947 2 0.901562 0.406685 2 0 0 0 0.910937 0.40947 2 0.876562 0.412256 2 0.925 0.473537 2 0.867187 0.481894 2 0.932812 0.543175 2 0.864062 0.540389 2 0.914062 0.456824 2 0.895312 0.456824 2 0.920312 0.532033 2 0.895312 0.529247 2 0.909375 0.501392 2 0.892187 0.504178 2
0 0.749164 0.16493 0.0630156 0.133872 0.748437 0.133704 2 0.753125 0.128133 2 0.745312 0.128133 2 0.760937 0.130919 2 0 0 0 0.773437 0.172701 2 0.73125 0.172701 2 0.76875 0.233983 1 0.721875 0.231197 2 0 0 0 0 0 0 0.7625 0.264623 1 0.73125 0.264623 1 0 0 0 0 0 0 0 0 0 0 0 0
0 0.433148 0.172591 0.0633594 0.129471 0 0 0 0 0 0 0 0 0 0 0 0 0 0 0 0 0 0 0 0 0 0 0 0 0 0 0 0 0 0 0 0 0 0 0 0 0 0 0 0 0 0 0 0 0 0 0 0 0 0 0
0 0.5 0.16156 0.996875 0.32312 0 0 0 0 0 0 0 0 0 0 0 0 0 0 0 0 0 0 0 0 0 0 0 0 0 0 0 0 0 0 0 0 0 0 0 0 0 0 0 0 0 0 0 0 0 0 0 0 0 0 0
