0 0.252667 0.77368 0.0599167 0.108984 0 0 0 0 0 0 0 0 0 0.2375 0.728125 2 0.252083 0.728125 2 0.233333 0.739062 2 0.266666 0.7375 2 0.225 0.754687 1 0.275 0.753125 2 0.23125 0.76875 2 0.272916 0.76875 2 0.241666 0.770312 2 0.264583 0.770312 2 0.239583 0.796875 2 0.2625 0.792187 2 0.24375 0.817187 2 0.266666 0.807812 2
0 0.159458 0.77925 0.054 0.131406 0 0 0 0 0 0 0 0 0 0 0 0 0.170833 0.726562 1 0.14375 0.7375 2 0.172916 0.7375 2 0.1375 0.75625 2 0.179166 0.754687 1 0 0 0 0 0 0 0.15 0.76875 2 0.166666 0.76875 2 0.152083 0.80625 2 0.16875 0.796875 2 0.152083 0.83125 2 0.1625 0.821875 2
0 0.118781 0.77043 0.0473542 0.107641 0.116666 0.725 2 0.120833 0.723437 2 0.114583 0.723437 2 0.122916 0.725 2 0.1125 0.726562 2 0.133333 0.7375 2 0.104166 0.742187 2 0.13125 0.753125 2 0.1 0.75625 2 0.120833 0.745312 2 0.110416 0.746875 2 0.125 0.765625 2 0.108333 0.767187 2 0.122916 0.7875 2 0.104166 0.7875 2 0.11875 0.810937 2 0.104166 0.810937 2
0 0.507083 0.841383 0.113333 0.272922 0 0 0 0 0 0 0 0 0 0.458333 0.725 2 0 0 0 0.460416 0.75625 2 0.512499 0.745312 2 0.45625 0.801562 1 0.539583 0.7875 2 0 0 0 0.545833 0.823437 2 0.489583 0.81875 2 0.51875 0.814062 2 0.502083 0.890625 2 0.489583 0.8875 2 0.520833 0.960937 2 0.479166 0.942187 1
0 0.208177 0.781859 0.0503958 0.117906 0 0 0 0 0 0 0 0 0 0.195833 0.734375 2 0.2125 0.732812 2 0.189583 0.75 2 0.21875 0.746875 2 0 0 0 0 0 0 0 0 0 0 0 0 0.195833 0.779687 2 0.216666 0.778125 2 0.2 0.807812 2 0.220833 0.804687 2 0.197916 0.829687 2 0.216666 0.828125 2
0 0.0755729 0.772164 0.0456042 0.110703 0 0 0 0 0 0 0 0 0 0 0 0 0 0 0 0 0 0 0 0 0 0 0 0 0 0 0 0 0 0 0 0 0 0 0 0 0 0 0 0 0 0 0 0 0 0 0 0 0 0 0
0 0.100625 0.723844 0.021125 0.0300625 0 0 0 0 0 0 0 0 0 0 0 0 0 0 0 0 0 0 0 0 0 0 0 0 0 0 0 0 0 0 0 0 0 0 0 0 0 0 0 0 0 0 0 0 0 0 0 0 0 0 0
0 0.0192708 0.772102 0.0371667 0.114203 0 0 0 0 0 0 0 0 0 0 0 0 0 0 0 0 0 0 0 0 0 0 0 0 0 0 0 0 0 0 0 0 0 0 0 0 0 0 0 0 0 0 0 0 0 0 0 0 0 0 0
0 0.183229 0.775281 0.0214167 0.100687 0 0 0 0 0 0 0 0 0 0 0 0 0 0 0 0 0 0 0 0 0 0 0 0 0 0 0 0 0 0 0 0 0 0 0 0 0 0 0 0 0 0 0 0 0 0 0 0 0 0 0
0 0.338583 0.865172 0.0719167 0.19775 0 0 0 0 0 0 0 0 0 0 0 0 0 0 0 0.325 0.809375 2 0.372916 0.803125 2 0.3125 0.85 2 0 0 0 0.31875 0.857812 2 0 0 0 0.3375 0.860937 2 0.377083 0.857812 1 0.35 0.934375 1 0.364583 0.910937 1 0 0 0 0.347916 0.973437 1
0 0.0495833 0.770039 0.031875 0.0909844 0 0 0 0 0 0 0 0 0 0 0 0 0 0 0 0 0 0 0 0 0 0 0 0 0 0 0 0 0 0 0 0 0 0 0 0 0 0 0 0 0 0 0 0 0 0 0 0 0 0 0
0 0.419573 0.865578 0.168604 0.258906 0 0 0 0 0 0 0 0 0 0 0 0 0 0 0 0.38125 0.798437 2 0.4625 0.796875 2 0.364583 0.85625 2 0.48125 0.857812 2 0.354166 0.910937 2 0.485416 0.9125 2 0.410416 0.896875 2 0.4625 0.892187 2 0.40625 0.982812 2 0.439583 0.967187 2 0 0 0 0 0 0
0 0.138604 0.726555 0.0219167 0.0211719 0 0 0 0 0 0 0 0 0 0 0 0 0 0 0 0 0 0 0 0 0 0 0 0 0 0 0 0 0 0 0 0 0 0 0 0 0 0 0 0 0 0 0 0 0 0 0 0 0 0 0
