0 0.531391 0.515917 0.443937 0.468625 0.578125 0.4125 2 0.601562 0.383333 2 0.55625 0.379166 2 0.63125 0.404166 2 0.526562 0.4 2 0.646875 0.525 2 0.484375 0.454166 2 0.728125 0.702083 2 0.3375 0.377083 2 0.579687 0.6875 2 0.409375 0.472916 2 0.590625 0.825 1 0.459375 0.802083 1 0 0 0 0 0 0 0 0 0 0 0 0
0 0.848836 0.473948 0.108203 0.203187 0.85625 0.422916 2 0.86875 0.414583 2 0.851562 0.4125 2 0.892187 0.429166 2 0 0 0 0.879687 0.4875 2 0.832812 0.45625 2 0.878125 0.558333 1 0.801562 0.497916 2 0.829687 0.560416 2 0 0 0 0.839062 0.620833 1 0.792187 0.595833 1 0.771875 0.641666 1 0 0 0 0 0 0 0 0 0
0 0.937359 0.48301 0.125281 0.297479 0.959375 0.402083 2 0.971875 0.3875 2 0.95 0.391666 2 0.992187 0.397916 2 0.9375 0.40625 2 0 0 0 0.923437 0.477083 2 0 0 0 0.889062 0.558333 2 0.996875 0.610416 1 0.895312 0.495833 2 0.973437 0.641666 1 0.917187 0.625 1 0.882812 0.664583 1 0.834375 0.65 1 0 0 0 0 0 0
0 0.806828 0.364177 0.0217812 0.0536042 0 0 0 0 0 0 0 0 0 0 0 0 0 0 0 0 0 0 0 0 0 0 0 0 0 0 0 0 0 0 0 0 0 0 0 0 0 0 0 0 0 0 0 0 0 0 0 0 0 0 0
0 0.0363203 0.480094 0.0726406 0.435396 0.039062 0.422916 2 0.051562 0.395833 2 0.01875 0.397916 2 0 0 0 0 0 0 0 0 0 0 0 0 0 0 0 0 0 0 0 0 0 0 0 0 0 0 0 0 0 0 0 0 0 0 0 0 0 0 0 0 0 0
0 0.458859 0.348552 0.02225 0.0898542 0 0 0 0 0 0 0 0 0 0 0 0 0 0 0 0 0 0 0 0 0 0 0 0 0 0 0 0 0 0 0 0 0 0 0 0 0 0 0 0 0 0 0 0 0 0 0 0 0 0 0
0 0.29157 0.342698 0.168547 0.680896 0 0 0 0 0 0 0 0 0 0 0 0 0 0 0 0.309375 0.275 2 0 0 0 0.353125 0.358333 1 0 0 0 0.317187 0.295833 2 0 0 0 0.307812 0.560416 2 0 0 0 0.328125 0.733333 1 0 0 0 0 0 0 0 0 0
0 0.423375 0.370292 0.0327188 0.0375 0 0 0 0 0 0 0 0 0 0 0 0 0 0 0 0 0 0 0 0 0 0 0 0 0 0 0 0 0 0 0 0 0 0 0 0 0 0 0 0 0 0 0 0 0 0 0 0 0 0 0
0 0.819789 0.409135 0.0550156 0.0753125 0 0 0 0 0 0 0 0 0 0 0 0 0 0 0 0 0 0 0 0 0 0 0 0 0 0 0 0 0 0 0 0 0 0 0 0 0 0 0 0 0 0 0 0 0 0 0 0 0 0 0
0 0.769641 0.33375 0.0520312 0.13875 0.767187 0.289583 2 0.771875 0.28125 2 0.764062 0.28125 2 0.778125 0.285416 2 0.757812 0.285416 2 0.782812 0.327083 2 0.746875 0.327083 1 0 0 0 0 0 0 0 0 0 0 0 0 0 0 0 0 0 0 0 0 0 0 0 0 0 0 0 0 0 0
