0 0.593979 0.544227 0.54925 0.510391 0.429166 0.45625 2 0.46875 0.43125 2 0.416666 0.439062 2 0.602083 0.43125 2 0 0 0 0.616666 0.523437 2 0 0 0 0.71875 0.65 2 0 0 0 0.572916 0.814062 1 0.397916 0.60625 2 0 0 0 0 0 0 0 0 0 0 0 0 0 0 0 0 0 0
0 0.88125 0.556164 0.2375 0.374859 0.872916 0.475 2 0.891666 0.459375 2 0.852083 0.453125 2 0 0 0 0.804166 0.45 2 0.9 0.526562 2 0.79375 0.525 2 0.9875 0.675 1 0.820833 0.621875 2 0.9875 0.646875 1 0.966666 0.565625 2 0.96875 0.746875 1 0.847916 0.770312 1 0 0 0 0 0 0 0 0 0 0 0 0
0 0.16551 0.650219 0.331021 0.699563 0.189583 0.371875 2 0 0 0 0.175 0.360937 2 0 0 0 0.122916 0.359375 2 0.125 0.426562 2 0.052083 0.425 2 0 0 0 0 0 0 0 0 0 0.095833 0.529687 2 0.133333 0.660937 2 0.04375 0.651562 2 0.160416 0.803125 2 0.00625 0.826562 1 0.189583 0.965625 2 0 0 0
0 0.229219 0.587641 0.224729 0.555063 0.258333 0.351562 2 0 0 0 0.245833 0.345312 2 0 0 0 0.21875 0.348437 1 0.23125 0.414062 2 0.1875 0.404687 2 0 0 0 0.197916 0.459375 2 0 0 0 0.264583 0.473437 2 0.210416 0.576562 2 0.185416 0.576562 2 0.204166 0.714062 2 0.166666 0.7125 1 0.18125 0.83125 1 0.127083 0.828125 2
0 0.0325937 0.852508 0.0651875 0.294984 0 0 0 0 0 0 0 0 0 0 0 0 0 0 0 0 0 0 0 0 0 0 0 0 0 0 0 0 0 0 0 0 0 0 0 0 0 0 0 0 0 0 0.033333 0.748437 1 0 0 0 0 0 0
0 0.74776 0.451852 0.121312 0.125141 0.779166 0.492187 2 0.78125 0.470312 2 0.764583 0.470312 2 0 0 0 0 0 0 0 0 0 0 0 0 0 0 0 0 0 0 0 0 0 0 0 0 0 0 0 0 0 0 0 0 0 0 0 0 0 0 0 0 0 0
0 0.933969 0.405078 0.0898542 0.0995625 0.941666 0.439062 2 0.954166 0.423437 2 0.9375 0.421875 2 0 0 0 0.9 0.4125 1 0 0 0 0 0 0 0 0 0 0 0 0 0 0 0 0 0 0 0 0 0 0 0 0 0 0 0 0 0 0 0 0 0 0 0 0
0 0.967115 0.451914 0.0657708 0.218422 0.939583 0.435937 1 0.945833 0.426562 1 0.93125 0.421875 1 0 0 0 0 0 0 0 0 0 0 0 0 0 0 0 0 0 0 0 0 0 0 0 0 0 0 0 0 0 0 0 0 0 0 0 0 0 0 0 0 0 0
0 0.770667 0.363172 0.0807083 0.0736563 0 0 0 0 0 0 0.772916 0.371875 2 0 0 0 0.741666 0.375 2 0 0 0 0 0 0 0 0 0 0 0 0 0 0 0 0 0 0 0 0 0 0 0 0 0 0 0 0 0 0 0 0 0 0 0 0
0 0.02325 0.395602 0.0465 0.0765781 0 0 0 0 0 0 0 0 0 0 0 0 0 0 0 0 0 0 0 0 0 0 0 0 0 0 0 0 0 0 0 0 0 0 0 0 0 0 0 0 0 0 0 0 0 0 0 0 0 0 0
