0 0.226086 0.510306 0.449172 0.956894 0.195312 0.294117 2 0.20625 0.249411 2 0.170312 0.265882 2 0 0 0 0.079687 0.228235 2 0.207812 0.390588 2 0.045312 0.397647 2 0.226562 0.567058 2 0.0375 0.663529 2 0.26875 0.649411 2 0.139062 0.828235 2 0.210937 0.672941 2 0.13125 0.691764 2 0.389062 0.851764 1 0.15625 0.950588 2 0 0 0 0 0 0
0 0.439977 0.520553 0.439234 0.926 0.467187 0.272941 2 0 0 0 0.467187 0.242352 2 0 0 0 0.415625 0.202352 2 0.41875 0.32 2 0.284375 0.275294 2 0.439062 0.508235 2 0.25 0.515294 2 0.546875 0.494117 2 0.396875 0.56 2 0.445312 0.590588 2 0.34375 0.614117 1 0.585937 0.741176 2 0.485937 0.821176 2 0 0 0 0 0 0
0 0.586469 0.541576 0.2895 0.889882 0.534375 0.287058 2 0.546875 0.272941 2 0.523437 0.268235 2 0 0 0 0.475 0.249411 1 0.5375 0.36 2 0.442187 0.367058 2 0 0 0 0 0 0 0 0 0 0.51875 0.515294 2 0.55625 0.567058 2 0.495312 0.585882 1 0.698437 0.64 2 0.651562 0.682352 2 0.685937 0.88 2 0.651562 0.950588 2
0 0.739078 0.467353 0.222625 0.561624 0.725 0.327058 2 0.729687 0.310588 2 0 0 0 0.7 0.275294 2 0 0 0 0.640625 0.298823 2 0.682812 0.303529 2 0.625 0.407058 1 0.671875 0.402352 2 0.707812 0.451764 1 0.726562 0.449411 1 0.645312 0.487058 1 0.678125 0.465882 1 0.776562 0.564705 1 0.8 0.53647 2 0.765625 0.743529 1 0.779687 0.729411 1
0 0.676172 0.207718 0.0324688 0.0935529 0 0 0 0 0 0 0 0 0 0 0 0 0 0 0 0 0 0 0 0 0 0 0 0 0 0 0 0 0 0 0 0 0 0 0 0 0 0 0 0 0 0 0 0 0 0 0 0 0 0 0
0 0.908328 0.375306 0.133469 0.534282 0.926562 0.2 2 0.940625 0.188235 2 0.921875 0.183529 2 0.959375 0.185882 2 0.90625 0.169411 1 0.942187 0.228235 2 0.876562 0.214117 2 0.935937 0.327058 2 0.829687 0.265882 1 0.93125 0.36 2 0 0 0 0.904687 0.378823 2 0.871875 0.381176 1 0.959375 0.442352 2 0.929687 0.45647 2 0.917187 0.574117 2 0.885937 0.567058 2
0 0.945109 0.265129 0.109781 0.5024 0.93125 0.065882 2 0.9375 0.05647 2 0.928125 0.05647 2 0.959375 0.051764 2 0 0 0 0.990625 0.115294 2 0.91875 0.117647 2 0 0 0 0 0 0 0.9625 0.197647 2 0 0 0 0.959375 0.247058 2 0.926562 0.247058 1 0.95625 0.369411 2 0.920312 0.362352 1 0.957812 0.491764 1 0.915625 0.494117 1
0 0.832062 0.318494 0.198531 0.199294 0.882812 0.331764 2 0 0 0 0.882812 0.312941 2 0 0 0 0.867187 0.294117 2 0.814062 0.317647 2 0.804687 0.324705 2 0.782812 0.390588 1 0.746875 0.421176 1 0.821875 0.402352 1 0.821875 0.421176 1 0.7625 0.451764 1 0.742187 0.465882 1 0.81875 0.472941 1 0.807812 0.487058 1 0 0 0 0 0 0
0 0.659805 0.516918 0.244016 0.775482 0.609375 0.28 2 0 0 0 0.601562 0.25647 2 0 0 0 0.564062 0.228235 1 0.609375 0.308235 2 0.529687 0.312941 1 0.639062 0.411764 2 0.526562 0.451764 1 0.7 0.454117 1 0.59375 0.458823 2 0.646875 0.503529 1 0.575 0.508235 1 0.75625 0.571764 2 0.71875 0.625882 2 0.714062 0.767058 2 0.6625 0.835294 1
0 0.863625 0.147965 0.0929062 0.217624 0.878125 0.08 2 0 0 0 0.876562 0.065882 2 0 0 0 0.86875 0.065882 2 0.823437 0.145882 2 0.876562 0.12 2 0 0 0 0.90625 0.171764 1 0 0 0 0 0 0 0.840625 0.277647 1 0.875 0.270588 1 0 0 0 0 0 0 0 0 0 0 0 0
0 0.778305 0.275729 0.0948281 0.226094 0.804687 0.272941 2 0 0 0 0.803125 0.261176 2 0 0 0 0.775 0.244705 2 0.78125 0.298823 2 0.754687 0.308235 2 0 0 0 0 0 0 0 0 0 0 0 0 0.765625 0.4 1 0.739062 0.411764 1 0 0 0 0 0 0 0 0 0 0 0 0
