0 0.0516172 0.693885 0.102703 0.324729 0.034375 0.564583 2 0.0375 0.558333 2 0 0 0 0.051562 0.554166 2 0 0 0 0.048437 0.589583 2 0.078125 0.583333 2 0.045312 0.641666 2 0 0 0 0.015625 0.641666 2 0 0 0 0.054687 0.685416 2 0.076562 0.685416 2 0.032812 0.75625 2 0.046875 0.754166 2 0.029687 0.835416 2 0.078125 0.802083 2
0 0.956148 0.707396 0.0877031 0.261583 0.95625 0.60625 2 0.960937 0.6 2 0.951562 0.602083 2 0.970312 0.6 2 0 0 0 0.984375 0.627083 2 0.951562 0.63125 2 0 0 0 0.929687 0.654166 1 0.965625 0.647916 2 0.94375 0.6625 2 0.979687 0.702083 2 0.948437 0.702083 2 0.957812 0.75625 2 0.948437 0.75625 2 0.935937 0.820833 2 0.946875 0.822916 2
0 0.399438 0.666292 0.0573125 0.173042 0 0 0 0 0 0 0 0 0 0.390625 0.5875 1 0 0 0 0.384375 0.614583 1 0.415625 0.61875 2 0.375 0.65 2 0.41875 0.6625 2 0.371875 0.666666 1 0.415625 0.6875 2 0.385937 0.689583 2 0.4125 0.69375 2 0.38125 0.741666 1 0.403125 0.745833 2 0 0 0 0 0 0
0 0.517938 0.76 0.0935312 0.447042 0.507812 0.585416 1 0.512499 0.577083 2 0 0 0 0.53125 0.579166 2 0 0 0 0.535937 0.616666 2 0 0 0 0.5375 0.677083 2 0 0 0 0.501562 0.689583 2 0 0 0 0.534375 0.7375 2 0.54375 0.735416 2 0.507812 0.847916 2 0.535937 0.84375 2 0.501562 0.952083 2 0.540625 0.939583 2
0 0.215648 0.685979 0.0445156 0.2065 0 0 0 0 0 0 0 0 0 0 0 0 0.21875 0.602083 2 0.19375 0.61875 1 0.225 0.625 2 0 0 0 0.23125 0.652083 2 0 0 0 0 0 0 0.196875 0.685416 2 0.217187 0.683333 2 0 0 0 0.209375 0.747916 2 0 0 0 0 0 0
0 0.61243 0.642344 0.0609219 0.164979 0.603125 0.577083 2 0.60625 0.575 2 0.601562 0.575 2 0.617187 0.577083 2 0 0 0 0.628125 0.60625 2 0.596875 0.60625 2 0.632812 0.639583 2 0.589062 0.641666 2 0.615625 0.6625 2 0.604687 0.664583 2 0.61875 0.677083 2 0.6 0.677083 2 0.620312 0.725 1 0.6 0.725 1 0 0 0 0 0 0
0 0.687914 0.680802 0.0572656 0.265146 0.682812 0.566666 2 0.684375 0.560416 2 0.678125 0.5625 2 0.692187 0.56875 2 0.673437 0.570833 2 0.7 0.6 2 0.670312 0.60625 2 0.70625 0.6375 2 0.6625 0.641666 2 0.685937 0.6625 2 0.675 0.66875 2 0.69375 0.68125 2 0.673437 0.68125 2 0.7 0.747916 2 0.678125 0.747916 2 0.701562 0.8 2 0.68125 0.797916 1
0 0.568219 0.662198 0.0356875 0.178646 0.557812 0.591666 2 0.560937 0.5875 2 0.554687 0.5875 2 0.564062 0.591666 2 0 0 0 0.570312 0.6125 2 0.548437 0.614583 1 0.575 0.64375 2 0 0 0 0.554687 0.645833 2 0 0 0 0.567187 0.672916 2 0.551562 0.672916 1 0 0 0 0 0 0 0 0 0 0 0 0
0 0.481766 0.719073 0.0729375 0.381563 0.478125 0.577083 2 0.484375 0.570833 2 0.473437 0.56875 2 0.498437 0.564583 2 0 0 0 0.514062 0.579166 1 0.470312 0.58125 2 0 0 0 0.453125 0.622916 2 0 0 0 0.45625 0.622916 2 0.514062 0.697916 1 0.482812 0.695833 1 0.515625 0.795833 1 0.479687 0.8 2 0.521875 0.889583 1 0.473437 0.885416 2
0 0.373688 0.654031 0.0299375 0.168646 0 0 0 0 0 0 0 0 0 0 0 0 0 0 0 0 0 0 0 0 0 0 0 0 0 0 0 0 0 0 0 0 0 0 0 0 0 0 0 0 0 0 0 0 0 0 0 0 0 0 0
0 0.316312 0.641208 0.0701875 0.182 0 0 0 0 0 0 0 0 0 0.30625 0.570833 2 0 0 0 0.296875 0.595833 2 0.3375 0.6 2 0.285937 0.6375 2 0.346875 0.64375 1 0 0 0 0 0 0 0.298437 0.68125 2 0.328125 0.685416 1 0.295312 0.745833 1 0.325 0.75 1 0 0 0 0 0 0
0 0.0197969 0.656052 0.0395937 0.286146 0.026562 0.54375 2 0 0 0 0.023437 0.5375 2 0 0 0 0.010937 0.53125 2 0.015625 0.56875 2 0 0 0 0 0 0 0 0 0 0 0 0 0.015625 0.58125 2 0.010937 0.652083 2 0 0 0 0 0 0 0 0 0 0 0 0 0 0 0
0 0.164336 0.683583 0.105391 0.430125 0.171875 0.512499 2 0.175 0.50625 2 0.164062 0.50625 2 0 0 0 0.15 0.502083 2 0.176562 0.535416 2 0.135937 0.529166 2 0.2 0.597916 2 0.121875 0.6 2 0.2 0.566666 2 0.164062 0.58125 2 0.176562 0.654166 2 0.146875 0.652083 2 0.189062 0.7625 2 0.145312 0.7625 2 0.170312 0.85625 2 0.13125 0.858333 2
0 0.307031 0.648958 0.145313 0.202083 0 0 0 0 0 0 0 0 0 0 0 0 0 0 0 0 0 0 0 0 0 0 0 0 0 0 0 0 0 0 0 0 0 0 0 0 0 0 0 0 0 0 0 0 0 0 0 0 0 0 0
