0 0.249758 0.531282 0.425203 0.883397 0 0 0 0 0 0 0 0 0 0.179687 0.423076 2 0.325 0.38141 2 0.145312 0.76282 2 0.3875 0.695512 2 0 0 0 0.425 0.891025 2 0 0 0 0.370312 0.608974 2 0 0 0 0 0 0 0 0 0 0 0 0 0 0 0 0 0 0
0 0.601156 0.267612 0.117031 0.447853 0 0 0 0 0 0 0 0 0 0.582812 0.125 2 0.609375 0.118589 2 0.576562 0.217948 2 0.626562 0.192307 2 0 0 0 0.629687 0.285256 2 0 0 0 0.617187 0.346153 2 0.585937 0.413461 2 0.625 0.416666 2 0 0 0 0 0 0 0 0 0 0 0 0
0 0.466953 0.362997 0.0821875 0.215224 0.464062 0.291666 2 0.467187 0.288461 2 0.4625 0.288461 2 0.470312 0.288461 2 0.454687 0.288461 1 0.479687 0.336538 2 0.446875 0.342948 2 0 0 0 0 0 0 0 0 0 0 0 0 0.485937 0.455128 2 0.454687 0.458333 1 0 0 0 0 0 0 0 0 0 0 0 0
0 0.522164 0.385128 0.0446719 0.205641 0.523437 0.317307 2 0.526562 0.314102 2 0.520312 0.310897 2 0 0 0 0.514062 0.314102 2 0.535937 0.352564 2 0.507812 0.349358 2 0 0 0 0.515625 0.39423 2 0 0 0 0 0 0 0.532812 0.448717 2 0.510937 0.451923 2 0 0 0 0 0 0 0 0 0 0 0 0
0 0.0393359 0.340353 0.0471094 0.18859 0.05625 0.294871 2 0 0 0 0.053125 0.285256 2 0 0 0 0.045312 0.285256 2 0.051562 0.336538 2 0.029687 0.339743 2 0 0 0 0 0 0 0 0 0 0 0 0 0 0 0 0 0 0 0 0 0 0 0 0 0 0 0 0 0 0
0 0.386508 0.377676 0.0538906 0.169006 0 0 0 0 0 0 0 0 0 0 0 0 0 0 0 0 0 0 0 0 0 0 0 0 0 0 0 0 0 0 0 0 0 0 0 0 0 0 0 0 0 0 0 0 0 0 0 0 0 0 0
0 0.764766 0.407596 0.117813 0.658269 0 0 0 0 0 0 0 0 0 0 0 0 0.773437 0.176282 2 0.770312 0.259615 2 0.759375 0.25641 2 0.814062 0.288461 1 0.735937 0.346153 2 0.85 0.26282 1 0.71875 0.413461 2 0.782812 0.432692 2 0.770312 0.429487 2 0.8125 0.557692 1 0.748437 0.576923 1 0.815625 0.724358 1 0.729687 0.740384 1
0 0.964977 0.348478 0.0673281 0.342724 0 0 0 0 0 0 0 0 0 0.945312 0.230769 2 0.970312 0.221153 2 0.960937 0.298076 2 0.976562 0.278846 2 0.959375 0.403846 2 0 0 0 0 0 0 0 0 0 0 0 0 0 0 0 0 0 0 0 0 0 0 0 0 0 0 0
0 0.919125 0.329215 0.0810625 0.348301 0.945312 0.211538 2 0 0 0 0.940625 0.198717 2 0 0 0 0 0 0 0.945312 0.259615 2 0.915625 0.266025 2 0 0 0 0.910937 0.352564 2 0 0 0 0.9375 0.304487 2 0.934375 0.403846 2 0.921875 0.407051 2 0.932812 0.503205 1 0.91875 0.516025 1 0.928125 0.653846 1 0.915625 0.666666 1
0 0.848469 0.324712 0.0821563 0.361795 0.86875 0.195512 2 0 0 0 0.867187 0.185897 2 0 0 0 0.851562 0.192307 2 0.859375 0.253205 2 0.8375 0.25641 2 0 0 0 0.845312 0.349358 2 0 0 0 0.879687 0.291666 2 0.8625 0.429487 2 0.848437 0.432692 2 0 0 0 0 0 0 0 0 0 0 0 0
0 0.106563 0.492372 0.1195 0.383462 0.0875 0.333333 2 0 0 0 0.079687 0.333333 2 0 0 0 0.065625 0.349358 2 0.096875 0.397435 2 0.053125 0.435897 2 0.110937 0.451923 2 0.054687 0.461538 2 0.114062 0.5 2 0.0875 0.487179 2 0.107812 0.509615 2 0.079687 0.525641 2 0.153125 0.567307 2 0.1125 0.544871 2 0.1375 0.663461 2 0.092187 0.673076 2
0 0.542266 0.29258 0.0373125 0.135801 0 0 0 0 0 0 0 0 0 0 0 0 0 0 0 0 0 0 0 0 0 0 0 0 0 0 0 0 0 0 0 0 0 0 0 0 0 0 0 0 0 0 0 0 0 0 0 0 0 0 0
0 0.69575 0.379343 0.0407187 0.217981 0.6875 0.294871 2 0.692187 0.291666 2 0.685937 0.288461 2 0.698437 0.294871 2 0 0 0 0.704687 0.339743 2 0.678125 0.339743 1 0.70625 0.397435 2 0 0 0 0.6875 0.397435 2 0 0 0 0.698437 0.423076 2 0.678125 0.423076 2 0 0 0 0 0 0 0 0 0 0 0 0
0 0.452344 0.43109 0.904687 0.657051 0 0 0 0 0 0 0 0 0 0 0 0 0 0 0 0 0 0 0 0 0 0 0 0 0 0 0 0 0 0 0 0 0 0 0 0 0 0 0 0 0 0 0 0 0 0 0 0 0 0 0
