0 0.843062 0.351068 0.171594 0.447911 0.809375 0.328638 2 0 0 0 0 0 0 0.832812 0.284037 2 0 0 0 0.867187 0.246478 2 0.770312 0.237089 2 0.876562 0.366197 2 0.784375 0.387323 1 0.865625 0.478873 2 0 0 0 0.90625 0.201877 2 0.832812 0.176056 2 0.835937 0.342723 2 0.79375 0.333333 2 0.834375 0.523474 1 0.792187 0.478873 1
0 0.717977 0.17865 0.107703 0.352793 0 0 0 0 0 0 0 0 0 0 0 0 0 0 0 0 0 0 0 0 0 0 0 0 0 0 0 0 0 0 0 0 0 0.735937 0.06338 2 0.690625 0.06338 2 0.720312 0.288732 2 0.696875 0.288732 2 0.728125 0.441314 1 0.695312 0.446009 1
0 0.454602 0.121338 0.140141 0.242676 0 0 0 0 0 0 0 0 0 0 0 0 0 0 0 0 0 0 0 0 0 0 0 0 0 0 0 0.507812 0.065727 2 0.403125 0.086854 2 0.490625 0.11737 2 0.448437 0.119718 2 0 0 0 0.478125 0.265258 1 0 0 0 0 0 0
0 0.317492 0.133979 0.124234 0.267958 0 0 0 0 0 0 0 0 0 0 0 0 0 0 0 0 0 0 0 0 0 0 0 0 0 0 0 0.373437 0.058685 2 0.292187 0.086854 2 0.353125 0.084507 2 0.310937 0.072769 2 0.339062 0.260563 1 0.3 0.241784 1 0 0 0 0 0 0
0 0.948281 0.358275 0.103438 0.707488 0 0 0 0 0 0 0 0 0 0 0 0 0 0 0 0 0 0 0 0 0 0.96875 0.457746 2 0 0 0 0.959375 0.650234 2 0 0 0 0 0 0 0 0 0 0 0 0 0 0 0 0.971875 0.004694 1 0.975 0.215962 2
0 0.10682 0.0888615 0.0578906 0.177723 0 0 0 0 0 0 0 0 0 0 0 0 0 0 0 0.123437 0.011737 2 0.0875 0.009389 2 0.126562 0.0446 2 0.082812 0.046948 2 0.126562 0.072769 2 0.1 0.077464 2 0.114062 0.075117 2 0.090625 0.077464 2 0 0 0 0.10625 0.140845 2 0 0 0 0 0 0
0 0.176117 0.0822066 0.104422 0.164178 0 0 0 0 0 0 0 0 0 0 0 0 0 0 0 0 0 0 0 0 0 0 0 0 0 0 0 0 0 0 0 0 0 0.192187 0.023474 2 0.154687 0.023474 2 0.195312 0.138497 2 0.134375 0.129107 2 0 0 0 0 0 0
0 0.913547 0.0773709 0.0850937 0.15108 0 0 0 0 0 0 0 0 0 0 0 0 0 0 0 0 0 0 0 0 0 0.8875 0 1 0 0 0 0.879687 0.0446 2 0 0 0 0.896875 0.051643 2 0.921875 0.056338 2 0.896875 0.112676 2 0.909375 0.103286 2 0.909375 0.169014 1 0.898437 0.152582 1
0 0.5925 0.103897 0.173687 0.207793 0 0 0 0 0 0 0 0 0 0 0 0 0 0 0 0 0 0 0 0 0 0 0 0 0 0 0 0.673437 0.0446 2 0.5375 0.051643 2 0.632812 0.075117 2 0.579687 0.070422 2 0.640625 0.223004 1 0.578125 0.223004 1 0 0 0 0 0 0
0 0.0316641 0.310235 0.0630781 0.617465 0 0 0 0 0 0 0 0 0 0 0 0 0 0 0 0 0 0 0 0 0 0 0 0 0 0 0 0.026562 0.058685 2 0 0 0 0.009375 0.161971 2 0 0 0 0.0125 0.340375 2 0 0 0 0.025 0.542253 2 0 0 0
