0 0.0598203 0.545823 0.119641 0.512229 0 0 0 0 0 0 0 0 0 0.025 0.33125 2 0.06875 0.335416 2 0 0 0 0.089062 0.408333 2 0 0 0 0.09375 0.510416 2 0 0 0 0.090625 0.610416 2 0.015625 0.608333 2 0.078125 0.608333 2 0.028125 0.777083 2 0.082812 0.758333 1 0.029687 0.922916 1 0.079687 0.904166 1
0 0.150266 0.593615 0.0735 0.341979 0 0 0 0 0 0 0 0 0 0 0 0 0 0 0 0.14375 0.464583 2 0.13125 0.491666 1 0 0 0 0 0 0 0 0 0 0 0 0 0.165625 0.577083 2 0.145312 0.583333 2 0.173437 0.65 1 0.140625 0.66875 2 0.167187 0.729166 1 0.1375 0.74375 2
0 0.223813 0.542792 0.0625 0.299542 0.226562 0.43125 2 0.229687 0.425 2 0.221875 0.427083 2 0 0 0 0.217187 0.425 2 0.245312 0.45625 1 0.203125 0.458333 2 0.256249 0.49375 1 0 0 0 0.260937 0.529166 1 0 0 0 0.239062 0.539583 2 0.20625 0.5375 2 0.234375 0.595833 2 0.210937 0.6 2 0.242187 0.658333 2 0.223437 0.658333 2
0 0.355484 0.534177 0.106094 0.352063 0 0 0 0 0 0 0 0 0 0.340625 0.391666 2 0.36875 0.391666 2 0.328125 0.43125 1 0.376562 0.43125 1 0.310937 0.475 2 0.39375 0.483333 2 0.321875 0.508333 2 0.389062 0.51875 2 0.332812 0.54375 2 0.370312 0.541666 2 0.326562 0.577083 2 0.379687 0.604166 2 0.328125 0.64375 2 0.376562 0.677083 2
0 0.316242 0.423 0.0212969 0.0290417 0 0 0 0 0 0 0 0 0 0 0 0 0 0 0 0 0 0 0 0 0 0 0 0 0 0 0 0 0 0 0 0 0 0 0 0 0 0 0 0 0 0 0 0 0 0 0 0 0 0 0
0 0.439734 0.434875 0.0408437 0.0677917 0 0 0 0 0 0 0 0 0 0 0 0 0 0 0 0 0 0 0 0 0 0 0 0 0 0 0 0 0 0 0 0 0 0 0 0 0 0 0 0 0 0 0 0 0 0 0 0 0 0 0
0 0.151008 0.455646 0.0932344 0.249042 0 0 0 0 0 0 0 0 0 0.117187 0.3625 2 0.146875 0.3625 2 0.104687 0.414583 1 0.159375 0.414583 2 0 0 0 0.171875 0.48125 2 0 0 0 0.1875 0.545833 2 0.109375 0.533333 1 0.159375 0.533333 1 0 0 0 0 0 0 0 0 0 0 0 0
0 0.640297 0.446302 0.197375 0.281104 0.654687 0.377083 2 0.665625 0.36875 2 0.645312 0.36875 2 0.675 0.377083 2 0.63125 0.375 1 0.698437 0.445833 2 0.601562 0.439583 2 0.71875 0.502083 2 0.576562 0.483333 2 0.728125 0.545833 2 0.5625 0.520833 2 0.671875 0.56875 1 0.6125 0.570833 1 0.728125 0.64375 1 0 0 0 0 0 0 0 0 0
0 0.199016 0.462156 0.03125 0.143854 0 0 0 0 0 0 0 0 0 0 0 0 0 0 0 0 0 0 0 0 0 0 0 0 0 0 0 0 0 0 0 0 0 0 0 0 0 0 0 0 0 0 0 0 0 0 0 0 0 0 0
0 0.957703 0.52826 0.0845937 0.223729 0.970312 0.485416 2 0.973437 0.479166 2 0.960937 0.48125 2 0 0 0 0.942187 0.472916 2 0.9625 0.497916 2 0.929687 0.50625 2 0 0 0 0.928125 0.54375 2 0 0 0 0.940625 0.564583 2 0.95625 0.547916 2 0.929687 0.55625 2 0 0 0 0.976562 0.56875 2 0 0 0 0.996875 0.625 2
0 0.647891 0.477823 0.0710937 0.0915625 0 0 0 0 0 0 0 0 0 0 0 0 0 0 0 0 0 0 0 0 0 0 0 0 0 0 0 0 0 0 0 0 0 0 0 0 0 0 0 0 0 0 0 0 0 0 0 0 0 0 0
0 0.495352 0.478896 0.0696719 0.214917 0 0 0 0 0 0 0 0 0 0.482812 0.391666 1 0.498437 0.391666 2 0.473437 0.420833 2 0.509375 0.420833 2 0.467187 0.454166 2 0.51875 0.454166 2 0.471875 0.479166 2 0.520312 0.472916 2 0.479687 0.4875 1 0.50625 0.485416 1 0.479687 0.529166 1 0.515625 0.51875 2 0.479687 0.579166 1 0.510937 0.552083 2
0 0.47875 0.506812 0.0704687 0.199958 0 0 0 0.484375 0.422916 1 0 0 0 0.49375 0.422916 2 0 0 0 0.503125 0.445833 2 0 0 0 0.510937 0.483333 2 0 0 0 0.504687 0.512499 2 0.492187 0.48125 2 0.498437 0.502083 2 0 0 0 0.460937 0.527083 2 0 0 0 0.464062 0.58125 2 0 0 0
0 0.546094 0.542708 0.623437 0.339583 0 0 0 0 0 0 0 0 0 0 0 0 0 0 0 0 0 0 0 0 0 0 0 0 0 0 0 0 0 0 0 0 0 0 0 0 0 0 0 0 0 0 0 0 0 0 0 0 0 0 0
