0 0.628281 0.825531 0.0730313 0.272021 0.639062 0.722916 2 0 0 0 0.634375 0.71875 2 0 0 0 0.625 0.720833 2 0.642187 0.752083 2 0.60625 0.747916 2 0.646875 0.783333 2 0.59375 0.7875 2 0.654687 0.816666 2 0.590625 0.820833 1 0.634375 0.825 2 0.614062 0.822916 2 0.634375 0.891666 2 0.609375 0.885416 2 0.6375 0.939583 2 0.607812 0.9375 2
0 0.534023 0.81251 0.0443906 0.233729 0 0 0 0.521875 0.7125 2 0 0 0 0.529687 0.7125 2 0 0 0 0.532812 0.733333 2 0.548437 0.733333 2 0.528125 0.772916 2 0 0 0 0.521875 0.808333 2 0 0 0 0.532812 0.808333 2 0.548437 0.808333 2 0.525 0.85625 2 0.540625 0.854166 2 0.529687 0.914583 2 0.535937 0.904166 2
0 0.41768 0.790625 0.0476094 0.217125 0.439062 0.708333 2 0 0 0 0.435937 0.702083 2 0 0 0 0.426562 0.7 2 0 0 0 0.420312 0.727083 2 0 0 0 0.425 0.7625 2 0 0 0 0.434375 0.7875 2 0.423437 0.777083 2 0.414062 0.779166 2 0.428125 0.827083 2 0.40625 0.825 2 0.415625 0.883333 2 0.396875 0.883333 2
0 0.266734 0.731125 0.058 0.109875 0.264062 0.691666 2 0.26875 0.689583 2 0.2625 0.689583 2 0.276562 0.691666 2 0 0 0 0.284375 0.71875 2 0.253125 0.714583 2 0.290625 0.747916 2 0.240625 0.739583 2 0.282812 0.760416 2 0.245312 0.758333 2 0.273437 0.772916 2 0.256249 0.772916 2 0.267187 0.820833 1 0.251562 0.820833 1 0 0 0 0 0 0
0 0.308953 0.746271 0.0240938 0.168333 0 0 0 0 0 0 0 0 0 0 0 0 0 0 0 0 0 0 0 0 0 0 0 0 0 0 0 0 0 0 0 0 0 0 0 0 0 0 0 0 0 0 0 0 0 0 0 0 0 0 0
0 0.377461 0.694833 0.0251094 0.0567917 0 0 0 0 0 0 0 0 0 0 0 0 0 0 0 0 0 0 0 0 0 0 0 0 0 0 0 0 0 0 0 0 0 0 0 0 0 0 0 0 0 0 0 0 0 0 0 0 0 0 0
0 0.420602 0.684771 0.0241719 0.057875 0 0 0 0 0 0 0 0 0 0 0 0 0 0 0 0 0 0 0 0 0 0 0 0 0 0 0 0 0 0 0 0 0 0 0 0 0 0 0 0 0 0 0 0 0 0 0 0 0 0 0
0 0.189281 0.770281 0.0445313 0.197063 0.198437 0.691666 2 0.201562 0.685416 2 0.195312 0.6875 2 0 0 0 0.189062 0.6875 2 0.20625 0.714583 2 0.176562 0.7125 2 0.207812 0.741666 2 0.171875 0.7375 2 0.203125 0.727083 2 0.176562 0.739583 2 0.196875 0.76875 2 0.179687 0.76875 2 0.195312 0.808333 2 0.178125 0.808333 2 0.192187 0.85 2 0.176562 0.841666 2
0 0.720984 0.843583 0.0683125 0.258375 0.734375 0.739583 2 0 0 0 0.732812 0.733333 2 0 0 0 0.723437 0.7375 2 0.725 0.766666 2 0.709375 0.770833 2 0 0 0 0.7 0.80625 2 0 0 0 0.696875 0.841666 2 0.725 0.845833 2 0.707812 0.852083 2 0.734375 0.8875 2 0.701562 0.904166 2 0.73125 0.95 2 0.69375 0.95625 2
0 0.10657 0.729667 0.0647031 0.1115 0 0 0 0 0 0 0.109375 0.691666 2 0 0 0 0.103125 0.695833 2 0.084375 0.725 2 0.121875 0.716666 2 0.08125 0.766666 2 0.129687 0.74375 2 0 0 0 0.132812 0.78125 2 0.09375 0.7875 1 0.123437 0.785416 1 0 0 0 0 0 0 0 0 0 0 0 0
0 0.215195 0.69374 0.0313594 0.0762708 0 0 0 0 0 0 0 0 0 0 0 0 0 0 0 0 0 0 0 0 0 0 0 0 0 0 0 0 0 0 0 0 0 0 0 0 0 0 0 0 0 0 0 0 0 0 0 0 0 0 0
0 0.23393 0.764656 0.0461094 0.198521 0.234375 0.683333 2 0.2375 0.68125 2 0.232812 0.68125 2 0.245312 0.68125 2 0 0 0 0.251562 0.70625 2 0.225 0.704166 2 0 0 0 0 0 0 0 0 0 0.215625 0.722916 2 0.245312 0.760416 1 0.225 0.758333 2 0.239062 0.810416 1 0.226562 0.804166 2 0 0 0 0.223437 0.847916 1
0 0.292945 0.770875 0.0352969 0.1835 0 0 0 0 0 0 0 0 0 0 0 0 0 0 0 0 0 0 0 0 0 0 0 0 0 0 0 0 0 0 0 0 0 0 0 0 0 0 0 0 0 0 0 0 0 0 0 0 0 0 0
0 0.499219 0.75625 0.998437 0.391667 0 0 0 0 0 0 0 0 0 0 0 0 0 0 0 0 0 0 0 0 0 0 0 0 0 0 0 0 0 0 0 0 0 0 0 0 0 0 0 0 0 0 0 0 0 0 0 0 0 0 0
