0 0.326039 0.756373 0.0718906 0.301009 0.3375 0.638497 2 0.339062 0.633802 2 0.332812 0.633802 2 0 0 0 0.325 0.633802 2 0.346875 0.676056 2 0.310937 0.671361 2 0.354687 0.732394 2 0.298437 0.715962 2 0.351562 0.76291 2 0.295312 0.753521 2 0.340625 0.765258 2 0.309375 0.76291 2 0.340625 0.821596 2 0.314062 0.826291 2 0.340625 0.880281 2 0.31875 0.875586 2
0 0.368555 0.739284 0.0367656 0.200822 0.378125 0.659624 2 0 0 0 0.375 0.654929 2 0 0 0 0.370312 0.659624 2 0.379687 0.683098 2 0.357812 0.683098 2 0.384375 0.70892 2 0 0 0 0.382812 0.734741 2 0 0 0 0.375 0.739436 2 0.357812 0.739436 1 0.375 0.779342 2 0.35625 0.776995 2 0.375 0.823943 2 0.354687 0.814553 2
0 0.250969 0.706984 0.0429062 0.143592 0 0 0 0 0 0 0 0 0 0 0 0 0 0 0 0 0 0 0 0 0 0 0 0 0 0 0 0 0 0 0 0 0 0 0 0 0 0 0 0 0 0 0 0 0 0 0 0 0 0 0
0 0.178703 0.721408 0.0557187 0.225023 0.173437 0.624413 2 0.175 0.619718 2 0.170312 0.619718 2 0.179687 0.622065 2 0 0 0 0.1875 0.647887 2 0.157812 0.647887 2 0.198437 0.678403 2 0.154687 0.673708 2 0.190625 0.694835 2 0.1625 0.678403 2 0.182812 0.718309 2 0.1625 0.715962 2 0.179687 0.767605 2 0.164062 0.758215 1 0.176562 0.809859 2 0.160937 0.809859 2
0 0.113344 0.742934 0.0911563 0.203005 0.13125 0.676056 2 0 0 0 0.126562 0.673708 2 0 0 0 0.114062 0.678403 2 0 0 0 0.114062 0.69953 2 0 0 0 0.129687 0.734741 2 0 0 0 0.145312 0.748826 2 0.075 0.753521 2 0.08125 0.753521 2 0.095312 0.805164 2 0.121875 0.767605 2 0.095312 0.852112 1 0.1 0.814553 2
0 0.988359 0.704202 0.0232812 0.12169 0 0 0 0 0 0 0 0 0 0 0 0 0 0 0 0 0 0 0 0 0 0 0 0 0 0 0 0 0 0 0 0 0 0 0 0 0 0 0 0 0 0 0 0 0 0 0 0 0 0 0
0 0.962461 0.711397 0.0244844 0.113404 0 0 0 0 0 0 0 0 0 0 0 0 0 0 0 0 0 0 0 0 0 0 0 0 0 0 0 0 0 0 0 0 0 0 0 0 0 0 0 0 0 0 0 0 0 0 0 0 0 0 0
0 0.940211 0.705739 0.0182656 0.113498 0 0 0 0 0 0 0 0 0 0 0 0 0 0 0 0 0 0 0 0 0 0 0 0 0 0 0 0 0 0 0 0 0 0 0 0 0 0 0 0 0 0 0 0 0 0 0 0 0 0 0
0 0.453875 0.698239 0.0193437 0.121268 0 0 0 0 0 0 0 0 0 0 0 0 0 0 0 0 0 0 0 0 0 0 0 0 0 0 0 0 0 0 0 0 0 0 0 0 0 0 0 0 0 0 0 0 0 0 0 0 0 0 0
0 0.291641 0.735188 0.0336562 0.189108 0 0 0 0 0 0 0 0 0 0 0 0 0 0 0 0 0 0 0 0 0 0 0 0 0 0 0 0 0 0 0 0 0 0 0 0 0 0 0 0 0 0 0 0 0 0 0 0 0 0 0
0 0.226242 0.704577 0.0385156 0.155869 0 0 0 0 0 0 0 0 0 0 0 0 0 0 0 0 0 0 0 0 0 0 0 0 0 0 0 0 0 0 0 0 0 0 0 0 0 0 0 0 0 0 0 0 0 0 0 0 0 0 0
0 0.135891 0.651761 0.01325 0.0331925 0 0 0 0 0 0 0 0 0 0 0 0 0 0 0 0 0 0 0 0 0 0 0 0 0 0 0 0 0 0 0 0 0 0 0 0 0 0 0 0 0 0 0 0 0 0 0 0 0 0 0
0 0.147836 0.683263 0.0173594 0.132864 0 0 0 0 0 0 0 0 0 0 0 0 0 0 0 0 0 0 0 0 0 0 0 0 0 0 0 0 0 0 0 0 0 0 0 0 0 0 0 0 0 0 0 0 0 0 0 0 0 0 0
0 0.401562 0.683099 0.46875 0.183099 0 0 0 0 0 0 0 0 0 0 0 0 0 0 0 0 0 0 0 0 0 0 0 0 0 0 0 0 0 0 0 0 0 0 0 0 0 0 0 0 0 0 0 0 0 0 0 0 0 0 0
