0 0.399906 0.327817 0.306156 0.457895 0.320312 0.206627 2 0.335937 0.189083 2 0 0 0 0.376562 0.183235 2 0 0 0 0.4375 0.241715 2 0.3375 0.298245 2 0.504687 0.333333 2 0.320312 0.423001 1 0.434375 0.31189 2 0.28125 0.514619 2 0.509375 0.421052 2 0.434375 0.452241 1 0.435937 0.499025 1 0 0 0 0 0 0 0 0 0
0 0.517172 0.259542 0.188312 0.296121 0.435937 0.175438 2 0.446875 0.163742 2 0 0 0 0.467187 0.16959 2 0 0 0 0.454687 0.239766 1 0.509375 0.181286 2 0 0 0 0.545312 0.192982 2 0 0 0 0.515625 0.191033 2 0.539062 0.362573 2 0.58125 0.315789 2 0 0 0 0 0 0 0 0 0 0 0 0
0 0.0933906 0.252115 0.0654375 0.250351 0.096875 0.157894 2 0.103125 0.152046 2 0.09375 0.152046 2 0.107812 0.157894 2 0.089062 0.155945 2 0.117187 0.175438 2 0.075 0.177387 2 0.115625 0.206627 2 0.067187 0.19883 2 0.095312 0.204678 2 0.08125 0.204678 2 0.1125 0.231968 1 0.0875 0.22807 1 0.114062 0.296296 1 0.0875 0.298245 2 0.107812 0.350877 2 0.101562 0.358674 1
0 0.178242 0.158889 0.0957031 0.132827 0.1875 0.120857 2 0.192187 0.115009 2 0.184375 0.115009 2 0.196875 0.118908 2 0.171875 0.118908 2 0.20625 0.146198 1 0.1625 0.146198 2 0.221875 0.181286 1 0.145312 0.177387 2 0 0 0 0.142187 0.202729 2 0.201562 0.237816 1 0.167187 0.237816 1 0 0 0 0 0 0 0 0 0 0 0 0
0 0.762375 0.145614 0.03625 0.0711891 0 0 0 0 0 0 0 0 0 0 0 0 0 0 0 0 0 0 0 0 0 0 0 0 0 0 0 0 0 0 0 0 0 0 0 0 0 0 0 0 0 0 0 0 0 0 0 0 0 0 0
0 0.736984 0.209347 0.0425937 0.165127 0 0 0 0 0 0 0 0 0 0 0 0 0 0 0 0 0 0 0 0 0 0 0 0 0 0 0 0 0 0 0 0 0 0 0 0 0 0 0 0 0 0 0 0 0 0 0 0 0 0 0
0 0.525563 0.160468 0.0497187 0.0437037 0 0 0 0 0 0 0 0 0 0 0 0 0 0 0 0 0 0 0 0 0 0 0 0 0 0 0 0 0 0 0 0 0 0 0 0 0 0 0 0 0 0 0 0 0 0 0 0 0 0 0
0 0.580445 0.168567 0.0647656 0.0923392 0.571875 0.150097 2 0.576562 0.148148 2 0.567187 0.148148 2 0.582812 0.148148 2 0.560937 0.150097 1 0.590625 0.183235 2 0.553125 0.183235 1 0 0 0 0.554687 0.208576 2 0 0 0 0.58125 0.210526 2 0 0 0 0 0 0 0 0 0 0 0 0 0 0 0 0 0 0
0 0.817852 0.14308 0.0318906 0.0791813 0 0 0 0 0 0 0 0 0 0 0 0 0 0 0 0 0 0 0 0 0 0 0 0 0 0 0 0 0 0 0 0 0 0 0 0 0 0 0 0 0 0 0 0 0 0 0 0 0 0 0
0 0.196906 0.255409 0.0791562 0.222203 0.198437 0.167641 2 0.203125 0.163742 2 0.196875 0.163742 2 0.209375 0.163742 2 0.189062 0.163742 2 0.21875 0.183235 2 0.178125 0.189083 2 0.23125 0.204678 2 0.154687 0.210526 1 0.201562 0.208576 2 0.18125 0.214424 2 0.21875 0.270955 2 0.182812 0.272904 2 0.215625 0.325536 2 0.1875 0.327485 2 0.215625 0.376218 1 0.192187 0.378167 1
0 0.258523 0.240468 0.0593281 0.235828 0.260937 0.148148 2 0.265625 0.1423 2 0.256249 0.1423 2 0.273437 0.144249 2 0.248437 0.144249 2 0.282812 0.16959 2 0.246875 0.167641 2 0 0 0 0.235937 0.181286 2 0 0 0 0.24375 0.157894 2 0.276562 0.231968 1 0.246875 0.233918 2 0.276562 0.288499 1 0.248437 0.286549 2 0.275 0.354775 1 0.248437 0.350877 2
0 0.0711328 0.155858 0.0557344 0.112846 0 0 0 0 0 0 0 0 0 0 0 0 0 0 0 0 0 0 0 0 0 0 0 0 0 0 0 0 0 0 0 0 0 0 0 0 0 0 0 0 0 0 0 0 0 0 0 0 0 0 0
0 0.846305 0.250546 0.0640469 0.240741 0.832812 0.167641 2 0.835937 0.163742 2 0.83125 0.161793 2 0.854687 0.159844 2 0 0 0 0.865625 0.179337 2 0.825 0.179337 2 0.86875 0.208576 2 0.823437 0.208576 2 0.851562 0.218323 2 0.839062 0.220272 2 0.8625 0.25536 1 0.839062 0.253411 2 0.8625 0.302144 1 0.842187 0.31189 1 0.860937 0.358674 2 0.84375 0.360623 1
0 0.499219 0.157895 0.998437 0.17154 0 0 0 0 0 0 0 0 0 0 0 0 0 0 0 0 0 0 0 0 0 0 0 0 0 0 0 0 0 0 0 0 0 0 0 0 0 0 0 0 0 0 0 0 0 0 0 0 0 0 0
