0 0.0481953 0.551238 0.0452656 0.241551 0 0 0 0 0 0 0 0 0 0 0 0 0 0 0 0.053125 0.471947 2 0.034375 0.471947 2 0 0 0 0.035937 0.50165 2 0 0 0 0.045312 0.471947 2 0.053125 0.541254 2 0.040625 0.541254 2 0.05625 0.610561 2 0.042187 0.60396 2 0.057812 0.646864 2 0.042187 0.650165 2
0 0.153367 0.597228 0.111734 0.331485 0 0 0 0 0 0 0 0 0 0.107812 0.468646 2 0 0 0 0.117187 0.488448 2 0.134375 0.475247 2 0.129687 0.531353 2 0 0 0 0.125 0.584158 2 0 0 0 0.157812 0.551155 2 0.176562 0.541254 2 0.140625 0.630363 2 0.165625 0.653465 2 0.164062 0.729372 2 0.196875 0.732673 2
0 0.598055 0.54698 0.166266 0.404851 0.51875 0.40264 2 0.51875 0.386138 2 0 0 0 0.526562 0.379537 2 0 0 0 0.534375 0.396039 2 0.570312 0.379537 2 0.553125 0.399339 2 0.59375 0.396039 2 0.565625 0.455445 2 0.609375 0.452145 2 0.576562 0.514851 2 0.604687 0.50495 2 0.559375 0.597359 2 0.623437 0.577557 2 0.578125 0.70627 2 0.664062 0.656765 2
0 0.874102 0.503663 0.126891 0.428383 0.815625 0.356435 2 0.815625 0.346534 2 0 0 0 0.826562 0.336633 2 0 0 0 0.835937 0.363036 2 0.8375 0.353135 2 0.870312 0.40594 2 0 0 0 0.882812 0.488448 2 0 0 0 0.892187 0.438943 2 0.892187 0.429042 2 0.853125 0.561056 2 0.884375 0.577557 2 0.878125 0.679867 2 0.923437 0.676567 2
0 0.821578 0.496914 0.101406 0.38538 0.790625 0.369636 2 0.789062 0.353135 2 0 0 0 0.8 0.346534 2 0 0 0 0.803125 0.356435 2 0.80625 0.353135 2 0.785937 0.415841 1 0 0 0 0.76875 0.376237 1 0 0 0 0.84375 0.438943 2 0.84375 0.432343 2 0.834375 0.544554 2 0 0 0 0.846875 0.643564 2 0 0 0
0 0.380445 0.529571 0.0360469 0.18264 0 0 0 0 0 0 0 0 0 0 0 0 0 0 0 0 0 0 0 0 0 0 0 0 0 0 0 0 0 0 0 0 0 0 0 0 0 0 0 0 0 0 0 0 0 0 0 0 0 0 0
0 0.692891 0.373911 0.028625 0.158251 0 0 0 0 0 0 0 0 0 0 0 0 0 0 0 0 0 0 0 0 0 0 0 0 0 0 0 0 0 0 0 0 0 0 0 0 0 0 0 0 0 0 0 0 0 0 0 0 0 0 0
0 0.665727 0.375182 0.0312031 0.166205 0 0 0 0 0 0 0 0 0 0 0 0 0 0 0 0 0 0 0 0 0 0 0 0 0 0 0 0 0 0 0 0 0 0 0 0 0 0 0 0 0 0 0 0 0 0 0 0 0 0 0
0 0.620344 0.392409 0.02525 0.159472 0 0 0 0 0 0 0 0 0 0 0 0 0 0 0 0 0 0 0 0 0 0 0 0 0 0 0 0 0 0 0 0 0 0 0 0 0 0 0 0 0 0 0 0 0 0 0 0 0 0 0
0 0.57557 0.348317 0.0297969 0.0584158 0 0 0 0 0 0 0 0 0 0 0 0 0 0 0 0 0 0 0 0 0 0 0 0 0 0 0 0 0 0 0 0 0 0 0 0 0 0 0 0 0 0 0 0 0 0 0 0 0 0 0
0 0.336523 0.415132 0.0297969 0.0623432 0 0 0 0 0 0 0 0 0 0 0 0 0 0 0 0 0 0 0 0 0 0 0 0 0 0 0 0 0 0 0 0 0 0 0 0 0 0 0 0 0 0 0 0 0 0 0 0 0 0 0
0 0.329258 0.576304 0.0842969 0.373729 0 0 0 0 0 0 0 0 0 0.296875 0.425742 2 0.3125 0.419141 2 0.301562 0.442244 2 0.328125 0.438943 2 0.310937 0.462046 2 0.364062 0.465346 2 0.320312 0.524752 2 0.36875 0.524752 1 0.342187 0.544554 2 0.35625 0.544554 2 0.329687 0.640264 2 0.325 0.636963 2 0.334375 0.726072 2 0.345312 0.722772 2
0 0.276836 0.490693 0.0164844 0.0518812 0 0 0 0 0 0 0 0 0 0 0 0 0 0 0 0 0 0 0 0 0 0 0 0 0 0 0 0 0 0 0 0 0 0 0 0 0 0 0 0 0 0 0 0 0 0 0 0 0 0 0
0 0.46875 0.437294 0.73125 0.280528 0 0 0 0 0 0 0 0 0 0 0 0 0 0 0 0 0 0 0 0 0 0 0 0 0 0 0 0 0 0 0 0 0 0 0 0 0 0 0 0 0 0 0 0 0 0 0 0 0 0 0
