0 0.490607 0.607867 0.443551 0.644953 0.586448 0.370312 2 0 0 0 0.570093 0.360937 2 0 0 0 0.516355 0.36875 2 0.600467 0.4125 2 0.411214 0.4 2 0.53271 0.425 2 0.301401 0.354687 2 0.457943 0.348437 2 0.415887 0.317187 2 0.535046 0.601562 2 0.42056 0.596875 2 0.600467 0.73125 2 0.411214 0.726562 2 0.679906 0.892187 2 0.301401 0.882812 2
0 0.589825 0.181555 0.0694159 0.0510781 0 0 0 0 0 0 0 0 0 0 0 0 0 0 0 0 0 0 0 0 0 0 0 0 0 0 0 0 0 0 0 0 0 0 0 0 0 0 0 0 0 0 0 0 0 0 0 0 0 0 0
0 0.439276 0.185336 0.0608879 0.0421406 0 0 0 0 0 0 0 0 0 0 0 0 0 0 0 0 0 0 0 0 0 0 0 0 0 0 0 0 0 0 0 0 0 0 0 0 0 0 0 0 0 0 0 0 0 0 0 0 0 0 0
0 0.346671 0.202141 0.0663785 0.0504062 0 0 0 0 0 0 0 0 0 0 0 0 0 0 0 0 0 0 0 0 0 0 0 0 0 0 0 0 0 0 0 0 0 0 0 0 0 0 0 0 0 0 0 0 0 0 0 0 0 0 0
0 0.248458 0.208437 0.0718224 0.081625 0 0 0 0 0 0 0 0 0 0 0 0 0 0 0 0 0 0 0 0 0 0 0 0 0 0 0 0 0 0 0 0 0 0 0 0 0 0 0 0 0 0 0 0 0 0 0 0 0 0 0
0 0.204182 0.221227 0.0722897 0.0672969 0 0 0 0 0 0 0 0 0 0 0 0 0 0 0 0 0 0 0 0 0 0 0 0 0 0 0 0 0 0 0 0 0 0 0 0 0 0 0 0 0 0 0 0 0 0 0 0 0 0 0
0 0.176811 0.128914 0.048528 0.0554219 0 0 0 0 0 0 0 0 0 0 0 0 0 0 0 0 0 0 0 0 0 0 0 0 0 0 0 0 0 0 0 0 0 0 0 0 0 0 0 0 0 0 0 0 0 0 0 0 0 0 0
0 0.0895678 0.0727656 0.0979206 0.07725 0 0 0 0 0 0 0 0 0 0 0 0 0 0 0 0 0 0 0 0 0 0 0 0 0 0 0 0 0 0 0 0 0 0 0 0 0 0 0 0 0 0 0 0 0 0 0 0 0 0 0
0 0.380619 0.0648672 0.0506308 0.0364531 0 0 0 0 0 0 0 0 0 0 0 0 0 0 0 0 0 0 0 0 0 0 0 0 0 0 0 0 0 0 0 0 0 0 0 0 0 0 0 0 0 0 0 0 0 0 0 0 0 0 0
0 0.657932 0.627602 0.133107 0.108578 0.700934 0.604687 2 0 0 0 0.693925 0.598437 2 0 0 0 0.661214 0.598437 2 0.693925 0.626562 2 0.623831 0.61875 2 0.712616 0.670312 2 0.619158 0.665625 2 0.682242 0.64375 2 0.67056 0.676562 2 0.656542 0.682812 1 0.60514 0.68125 1 0 0 0 0 0 0 0 0 0 0 0 0
0 0.692395 0.231063 0.0467991 0.0435625 0 0 0 0 0 0 0 0 0 0 0 0 0 0 0 0 0 0 0 0 0 0 0 0 0 0 0 0 0 0 0 0 0 0 0 0 0 0 0 0 0 0 0 0 0 0 0 0 0 0 0
0 0.746706 0.361586 0.0601869 0.0637344 0 0 0 0 0 0 0 0 0 0 0 0 0 0 0 0 0 0 0 0 0 0 0 0 0 0 0 0 0 0 0 0 0 0 0 0 0 0 0 0 0 0 0 0 0 0 0 0 0 0 0
0 0.783458 0.406133 0.0784579 0.0735469 0 0 0 0 0 0 0 0 0 0 0 0 0 0 0 0 0 0 0 0 0 0 0 0 0 0 0 0 0 0 0 0 0 0 0 0 0 0 0 0 0 0 0 0 0 0 0 0 0 0 0
0 0.498832 0.352344 0.997664 0.704688 0 0 0 0 0 0 0 0 0 0 0 0 0 0 0 0 0 0 0 0 0 0 0 0 0 0 0 0 0 0 0 0 0 0 0 0 0 0 0 0 0 0 0 0 0 0 0 0 0 0 0
