0 0.789453 0.256651 0.0443438 0.249742 0 0 0 0 0 0 0 0 0 0.7875 0.145199 2 0.803125 0.15925 2 0.776562 0.177985 2 0.792187 0.185011 2 0 0 0 0 0 0 0 0 0 0 0 0 0.776562 0.243559 2 0.789062 0.241217 2 0.784375 0.309133 2 0.795312 0.311475 2 0.78125 0.365339 2 0.792187 0.367681 2
0 0.899984 0.272939 0.0362188 0.269157 0.890625 0.161592 2 0.89375 0.156908 2 0 0 0 0.90625 0.15925 2 0 0 0 0.898437 0.187353 2 0.909375 0.182669 2 0.89375 0.229508 2 0 0 0 0.889062 0.243559 2 0 0 0 0.90625 0.271662 1 0.901562 0.274004 2 0.901562 0.327868 2 0.890625 0.323185 2 0.90625 0.3911 1 0.873437 0.381733 1
0 0.915227 0.159426 0.0383281 0.067096 0 0 0 0 0 0 0 0 0 0 0 0 0 0 0 0 0 0 0 0 0 0 0 0 0 0 0 0 0 0 0 0 0 0 0 0 0 0 0 0 0 0 0 0 0 0 0 0 0 0 0
0 0.939695 0.273852 0.0627969 0.326066 0.934375 0.138173 1 0.939062 0.131147 2 0.932812 0.131147 2 0.95 0.135831 2 0 0 0 0.94375 0.17096 2 0.95 0.161592 2 0.926562 0.201405 2 0 0 0 0.9 0.213114 1 0 0 0 0.926562 0.276346 1 0.942187 0.285714 2 0.923437 0.351288 1 0.94375 0.351288 2 0.920312 0.426229 1 0.942187 0.412177 2
0 0.69982 0.350105 0.100016 0.124239 0 0 0 0 0 0 0 0 0 0 0 0 0 0 0 0.659375 0.327868 2 0.673437 0.327868 2 0 0 0 0.704687 0.358313 2 0 0 0 0.73125 0.379391 2 0.659375 0.393442 2 0.675 0.395784 2 0 0 0 0.7125 0.386416 2 0 0 0 0.742187 0.393442 2
0 0.820016 0.255386 0.0602188 0.262482 0.823437 0.149882 2 0.828125 0.14754 2 0.823437 0.14754 2 0.839062 0.149882 2 0 0 0 0.832812 0.185011 2 0.815625 0.180327 2 0 0 0 0.8 0.213114 2 0 0 0 0.79375 0.266978 2 0.825 0.264637 1 0.821875 0.264637 1 0.825 0.318501 1 0.823437 0.318501 1 0.823437 0.381733 2 0.820312 0.381733 2
0 0.583711 0.300539 0.0349219 0.0974239 0 0 0 0 0 0 0 0 0 0 0 0 0 0 0 0 0 0 0 0 0 0 0 0 0 0 0 0 0 0 0 0 0 0 0 0 0 0 0 0 0 0 0 0 0 0 0 0 0 0 0
0 0.629172 0.369859 0.0517813 0.0498829 0 0 0 0 0 0 0 0 0 0 0 0 0 0 0 0 0 0 0 0 0 0 0 0 0 0 0 0 0 0 0 0 0 0 0 0 0 0 0 0 0 0 0 0 0 0 0 0 0 0 0
0 0.421344 0.208712 0.0794062 0.257705 0.432812 0.107728 2 0.4375 0.103044 2 0.429687 0.103044 2 0.442187 0.107728 2 0.423437 0.105386 1 0.446875 0.133489 2 0.415625 0.131147 2 0.453125 0.173302 2 0.392187 0.149882 2 0 0 0 0.409375 0.168618 2 0.439062 0.22014 1 0.421875 0.22014 2 0 0 0 0.41875 0.262295 2 0 0 0 0.417187 0.320843 2
0 0.56818 0.41582 0.288141 0.467049 0.44375 0.288056 2 0.454687 0.26932 2 0.439062 0.274004 2 0.482812 0.257611 2 0 0 0 0.514062 0.288056 2 0.4625 0.327868 2 0.559375 0.351288 2 0.454687 0.419203 1 0.539062 0.421545 2 0.428125 0.473067 1 0.592187 0.421545 2 0.539062 0.449648 2 0.595312 0.470725 2 0.470312 0.529274 1 0.657812 0.56206 2 0.526562 0.611241 1
