0 0.541797 0.3858 0.0915625 0.248041 0 0 0 0 0 0 0 0 0 0 0 0 0 0 0 0.535937 0.342342 2 0.553125 0.333333 2 0.532812 0.421171 2 0 0 0 0.512499 0.472972 2 0 0 0 0.560937 0.475225 2 0.56875 0.461711 2 0.54375 0.556306 1 0 0 0 0 0 0 0 0 0
0 0.591773 0.410811 0.0861719 0.341126 0.582812 0.279279 2 0.5875 0.272522 2 0.579687 0.272522 2 0.6 0.272522 2 0.575 0.272522 2 0.615625 0.315315 2 0.557812 0.319819 2 0.623437 0.362612 2 0.542187 0.364864 1 0.604687 0.414414 2 0.567187 0.394144 1 0.607812 0.441441 2 0.578125 0.445945 1 0.6125 0.511261 2 0.58125 0.515765 1 0.584375 0.558558 1 0.5875 0.59009 1
0 0.502445 0.369493 0.0412969 0.246599 0 0 0 0 0 0 0 0 0 0 0 0 0 0 0 0.501562 0.333333 2 0.525 0.331081 1 0.503125 0.407657 2 0 0 0 0 0 0 0 0 0 0.507812 0.461711 1 0.525 0.459459 1 0 0 0 0 0 0 0 0 0 0 0 0
0 0.624211 0.177489 0.0491719 0.121194 0 0 0 0 0 0 0 0 0 0 0 0 0 0 0 0 0 0 0 0 0 0 0 0 0 0 0 0 0 0 0 0 0 0 0 0 0 0 0 0 0 0 0 0 0 0 0 0 0 0 0
0 0.22182 0.291419 0.0130156 0.078964 0 0 0 0 0 0 0 0 0 0 0 0 0 0 0 0 0 0 0 0 0 0 0 0 0 0 0 0 0 0 0 0 0 0 0 0 0 0 0 0 0 0 0 0 0 0 0 0 0 0 0
0 0.505117 0.16866 0.0160469 0.0352027 0 0 0 0 0 0 0 0 0 0 0 0 0 0 0 0 0 0 0 0 0 0 0 0 0 0 0 0 0 0 0 0 0 0 0 0 0 0 0 0 0 0 0 0 0 0 0 0 0 0 0
0 0.483117 0.171903 0.0279531 0.030518 0 0 0 0 0 0 0 0 0 0 0 0 0 0 0 0 0 0 0 0 0 0 0 0 0 0 0 0 0 0 0 0 0 0 0 0 0 0 0 0 0 0 0 0 0 0 0 0 0 0 0
0 0.671852 0.170113 0.0419531 0.132523 0 0 0 0 0 0 0 0 0 0 0 0 0 0 0 0 0 0 0 0 0 0 0 0 0 0 0 0 0 0 0 0 0 0 0 0 0 0 0 0 0 0 0 0 0 0 0 0 0 0 0
0 0.593148 0.148525 0.0201094 0.0523649 0 0 0 0 0 0 0 0 0 0 0 0 0 0 0 0 0 0 0 0 0 0 0 0 0 0 0 0 0 0 0 0 0 0 0 0 0 0 0 0 0 0 0 0 0 0 0 0 0 0 0
0 0.560195 0.193829 0.0400156 0.111937 0 0 0 0 0 0 0 0 0 0 0 0 0 0 0 0 0 0 0 0 0 0 0 0 0 0 0 0 0 0 0 0 0 0 0 0 0 0 0 0 0 0 0 0 0 0 0 0 0 0 0
0 0.251148 0.279167 0.0208281 0.0393694 0 0 0 0 0 0 0 0 0 0 0 0 0 0 0 0 0 0 0 0 0 0 0 0 0 0 0 0 0 0 0 0 0 0 0 0 0 0 0 0 0 0 0 0 0 0 0 0 0 0 0
0 0.405469 0.192568 0.807813 0.204955 0 0 0 0 0 0 0 0 0 0 0 0 0 0 0 0 0 0 0 0 0 0 0 0 0 0 0 0 0 0 0 0 0 0 0 0 0 0 0 0 0 0 0 0 0 0 0 0 0 0 0
