0 0.282102 0.579637 0.0895469 0.295293 0.3 0.470725 2 0.301562 0.4637 2 0.296875 0.466042 2 0 0 0 0.284375 0.4637 1 0.298437 0.491803 2 0.275 0.491803 1 0.301562 0.529274 2 0.271875 0.538641 1 0.301562 0.56206 2 0.296875 0.569086 2 0.2875 0.580796 2 0.282812 0.578454 2 0.26875 0.653395 2 0.3 0.641686 2 0.246875 0.707259 2 0.30625 0.714285 2
0 0.249414 0.582447 0.0923594 0.29918 0.256249 0.468384 2 0.256249 0.4637 2 0.251562 0.4637 2 0 0 0 0.240625 0.466042 2 0.256249 0.494145 2 0.229687 0.496487 2 0.260937 0.529274 2 0.217187 0.543325 2 0.264062 0.545667 2 0.246875 0.543325 2 0.251562 0.578454 2 0.232812 0.578454 2 0.234375 0.648711 2 0.253125 0.637002 2 0.214062 0.718969 2 0.273437 0.707259 2
0 0.491664 0.528033 0.0465781 0.237143 0.473437 0.442622 1 0.476562 0.435597 2 0 0 0 0.485937 0.435597 2 0 0 0 0.492187 0.461358 2 0.484375 0.461358 2 0.496875 0.498829 2 0 0 0 0.49375 0.529274 2 0 0 0 0.489062 0.52459 2 0.485937 0.52459 2 0.48125 0.569086 2 0.4875 0.580796 2 0.507812 0.608899 2 0.492187 0.632318 2
0 0.146328 0.543115 0.0351875 0.103185 0 0 0 0 0 0 0 0 0 0 0 0 0 0 0 0 0 0 0 0 0 0 0 0 0 0 0 0 0 0 0 0 0 0 0 0 0 0 0 0 0 0 0 0 0 0 0 0 0 0 0
0 0.569797 0.373852 0.0193125 0.0602108 0 0 0 0 0 0 0 0 0 0 0 0 0 0 0 0 0 0 0 0 0 0 0 0 0 0 0 0 0 0 0 0 0 0 0 0 0 0 0 0 0 0 0 0 0 0 0 0 0 0 0
0 0.0938203 0.564192 0.0657344 0.28356 0 0 0 0 0 0 0 0 0 0.0875 0.447306 2 0 0 0 0.076562 0.477751 2 0.115625 0.484777 2 0.06875 0.519906 2 0.11875 0.536299 2 0.06875 0.557377 2 0.120312 0.571428 2 0.082812 0.56206 2 0.101562 0.564402 2 0.079687 0.611241 2 0.103125 0.615925 2 0.082812 0.662763 2 0.096875 0.688524 2
0 0.539805 0.508021 0.0476719 0.131077 0 0 0 0 0 0 0 0 0 0 0 0 0 0 0 0 0 0 0 0 0 0 0 0 0 0 0 0 0 0 0 0 0 0 0 0 0 0 0 0 0 0 0 0 0 0 0 0 0 0 0
0 0.632633 0.298899 0.0426094 0.0735831 0 0 0 0 0 0 0 0 0 0 0 0 0 0 0 0 0 0 0 0 0 0 0 0 0 0 0 0 0 0 0 0 0 0 0 0 0 0 0 0 0 0 0 0 0 0 0 0 0 0 0
0 0.927828 0.500726 0.0489375 0.0552693 0 0 0 0 0 0 0 0 0 0 0 0 0 0 0 0 0 0 0 0 0 0 0 0 0 0 0 0 0 0 0 0 0 0 0 0 0 0 0 0 0 0 0 0 0 0 0 0 0 0 0
0 0.893727 0.459871 0.0480469 0.1174 0 0 0 0 0 0 0 0 0 0 0 0 0 0 0 0 0 0 0 0 0 0 0 0 0 0 0 0 0 0 0 0 0 0 0 0 0 0 0 0 0 0 0 0 0 0 0 0 0 0 0
0 0.210141 0.540656 0.0206563 0.102623 0 0 0 0 0 0 0 0 0 0 0 0 0 0 0 0 0 0 0 0 0 0 0 0 0 0 0 0 0 0 0 0 0 0 0 0 0 0 0 0 0 0 0 0 0 0 0 0 0 0 0
0 0.971117 0.464297 0.0317969 0.119415 0 0 0 0 0 0 0 0 0 0 0 0 0 0 0 0 0 0 0 0 0 0 0 0 0 0 0 0 0 0 0 0 0 0 0 0 0 0 0 0 0 0 0 0 0 0 0 0 0 0 0
0 0.793945 0.28445 0.0547969 0.105621 0 0 0 0 0 0 0 0 0 0 0 0 0 0 0 0 0 0 0 0 0 0 0 0 0 0 0 0 0 0 0 0 0 0 0 0 0 0 0 0 0 0 0 0 0 0 0 0 0 0 0
0 0.471875 0.448478 0.940625 0.35363 0 0 0 0 0 0 0 0 0 0 0 0 0 0 0 0 0 0 0 0 0 0 0 0 0 0 0 0 0 0 0 0 0 0 0 0 0 0 0 0 0 0 0 0 0 0 0 0 0 0 0
