0 0.500553 0.235109 0.291731 0.401094 0.42548 0.1125 1 0.439903 0.104687 2 0.396634 0.104687 1 0.48798 0.114062 2 0.358173 0.110937 1 0.552884 0.185937 2 0.334134 0.189062 1 0.67548 0.270312 1 0 0 0 0.46875 0.276562 1 0 0 0 0.548076 0.38125 1 0.341346 0.38125 1 0 0 0 0 0 0 0 0 0 0 0 0
0 0.486707 0.187945 0.39274 0.267359 0.42548 0.110937 2 0.442307 0.103125 1 0.396634 0.104687 2 0 0 0 0 0 0 0.540865 0.196875 1 0.33173 0.198437 2 0.646634 0.276562 2 0 0 0 0.524038 0.275 2 0 0 0 0.473557 0.370312 1 0.334134 0.36875 1 0 0 0 0 0 0 0 0 0 0 0 0
0 0.76232 0.214609 0.29387 0.375281 0.83173 0.104687 1 0.846153 0.089062 2 0.807692 0.089062 2 0.872596 0.092187 2 0 0 0 0.908653 0.15625 1 0.745192 0.165625 2 0 0 0 0.658653 0.251562 1 0 0 0 0.709134 0.160937 2 0 0 0 0.778846 0.365625 2 0 0 0 0 0 0 0 0 0 0 0 0
0 0.157308 0.5 0.314615 1 0 0 0 0 0 0 0 0 0 0 0 0 0 0 0 0 0 0 0 0 0 0 0 0 0 0 0 0 0 0 0 0 0 0.016826 0.173437 2 0 0 0 0 0 0 0 0 0 0 0 0 0 0 0
0 0.243738 0.308992 0.169399 0.258422 0.240384 0.251562 2 0.264423 0.242187 2 0.21875 0.242187 2 0.30048 0.259375 2 0.1875 0.264062 1 0.360576 0.348437 1 0.137019 0.35 1 0 0 0 0 0 0 0 0 0 0 0 0 0 0 0 0 0 0 0 0 0 0 0 0 0 0 0 0 0 0
0 0.953125 0.142164 0.09375 0.230234 0.973557 0.101562 2 0.992788 0.098437 2 0.959134 0.09375 2 0 0 0 0 0 0 0 0 0 0 0 0 0 0 0 0 0 0 0 0 0 0 0 0 0 0 0 0 0 0 0 0 0 0 0 0 0 0 0 0 0 0
0 0.685048 0.528992 0.629904 0.667047 0.899038 0.267187 2 0.92548 0.256249 2 0.872596 0.253125 2 0.961538 0.271875 2 0.850961 0.260937 1 0 0 0 0.8125 0.34375 2 0.966346 0.439062 2 0 0 0 0.877403 0.415625 2 0 0 0 0.954326 0.548437 2 0.83173 0.5375 2 0 0 0 0.807692 0.679687 2 0 0 0 0.83173 0.825 2
0 0.394459 0.362187 0.26488 0.129906 0.399038 0.271875 1 0.432692 0.2625 1 0.384615 0.251562 1 0.492788 0.275 1 0 0 0 0.514423 0.348437 1 0.387019 0.328125 2 0.543269 0.445312 1 0 0 0 0.463942 0.395312 1 0.314903 0.371875 1 0 0 0 0 0 0 0 0 0 0 0 0 0 0 0 0 0 0
0 0.272813 0.696844 0.433558 0.606313 0.25 0.5 2 0.28125 0.482812 2 0.221153 0.475 2 0.350961 0.4875 2 0.201923 0.485937 1 0.36298 0.559375 2 0.204326 0.560937 2 0.430288 0.671875 2 0.079326 0.65625 1 0.317307 0.670312 2 0.161057 0.684375 2 0.317307 0.810937 2 0.192307 0.8125 2 0.33173 0.965625 2 0.182692 0.978125 2 0 0 0 0 0 0
0 0.482404 0.694648 0.279423 0.595422 0.418269 0.478125 2 0.442307 0.465625 2 0.399038 0.465625 2 0.490384 0.46875 2 0 0 0 0.516826 0.53125 2 0.358173 0.532812 2 0.600961 0.610937 2 0.33173 0.610937 1 0.509615 0.607812 2 0.427884 0.617187 1 0.495192 0.696875 2 0.391826 0.701562 1 0.490384 0.823437 2 0.401442 0.820312 2 0.509615 0.917187 2 0.40625 0.929687 2
