0 0.413359 0.668541 0.492438 0.662918 0.36875 0.430588 2 0.382812 0.409411 2 0 0 0 0.43125 0.418823 2 0 0 0 0.48125 0.487058 2 0.407812 0.583529 2 0.564062 0.628235 2 0.348437 0.689411 2 0.428125 0.637647 2 0.248437 0.651764 2 0.595312 0.821176 2 0.529687 0.781176 2 0.392187 0.952941 1 0 0 0 0 0 0 0 0 0
0 0.356938 0.626918 0.0905625 0.512894 0.334375 0.411764 2 0.346875 0.404705 2 0 0 0 0.36875 0.407058 2 0 0 0 0.38125 0.475294 1 0.342187 0.477647 2 0.385937 0.562352 2 0 0 0 0.339062 0.557647 2 0 0 0 0.376562 0.632941 1 0.340625 0.625882 2 0.3625 0.752941 2 0.334375 0.738823 2 0.376562 0.868235 2 0.342187 0.85647 2
0 0.137219 0.605118 0.0987187 0.284635 0.18125 0.49647 2 0 0 0 0.178125 0.489411 2 0 0 0 0.167187 0.489411 2 0.157812 0.505882 2 0.15625 0.505882 2 0 0 0 0.142187 0.543529 2 0 0 0 0.159375 0.541176 2 0.142187 0.581176 2 0.1375 0.581176 2 0.157812 0.654117 2 0.1375 0.654117 2 0.15625 0.717647 2 0.107812 0.698823 2
0 0.0429297 0.620729 0.0406719 0.136706 0 0 0 0 0 0 0 0 0 0 0 0 0 0 0 0 0 0 0 0 0 0 0 0 0 0 0 0 0 0 0 0 0 0 0 0 0 0 0 0 0 0 0 0 0 0 0 0 0 0 0
0 0.769023 0.654012 0.122578 0.410988 0.760937 0.491764 2 0.767187 0.484705 2 0.754687 0.482352 2 0.776562 0.494117 2 0 0 0 0.779687 0.53647 2 0.74375 0.534117 2 0.81875 0.52 2 0.715625 0.57647 2 0.790625 0.503529 2 0.732812 0.597647 2 0.778125 0.644705 2 0.75 0.647058 2 0.776562 0.73647 2 0.765625 0.722352 2 0.7375 0.797647 2 0.771875 0.818823 2
0 0.858734 0.624612 0.0408437 0.173741 0.857812 0.552941 2 0.860937 0.550588 2 0.85625 0.550588 2 0.864062 0.555294 2 0.854687 0.552941 2 0.871875 0.571764 2 0.846875 0.574117 2 0.873437 0.595294 2 0.84375 0.597647 2 0.873437 0.621176 2 0.840625 0.621176 2 0.8625 0.621176 2 0.85 0.618823 2 0.865625 0.661176 2 0.851562 0.663529 2 0.867187 0.69647 2 0.853125 0.691764 2
0 0.918391 0.631224 0.0377188 0.165082 0 0 0 0 0 0 0 0 0 0 0 0 0 0 0 0 0 0 0 0 0 0 0 0 0 0 0 0 0 0 0 0 0 0 0 0 0 0 0 0 0 0 0 0 0 0 0 0 0 0 0
0 0.652289 0.606482 0.0285781 0.1076 0 0 0 0 0 0 0 0 0 0 0 0 0 0 0 0 0 0 0 0 0 0 0 0 0 0 0 0 0 0 0 0 0 0 0 0 0 0 0 0 0 0 0 0 0 0 0 0 0 0 0
0 0.67525 0.621812 0.0379688 0.109741 0 0 0 0 0 0 0 0 0 0 0 0 0 0 0 0 0 0 0 0 0 0 0 0 0 0 0 0 0 0 0 0 0 0 0 0 0 0 0 0 0 0 0 0 0 0 0 0 0 0 0
0 0.649359 0.692129 0.0510625 0.124965 0 0 0 0 0 0 0 0 0 0 0 0 0 0 0 0 0 0 0 0 0 0 0 0 0 0 0 0 0 0 0 0 0 0 0 0 0 0 0 0 0 0 0 0 0 0 0 0 0 0 0
0 0.230664 0.589035 0.0199844 0.0870588 0 0 0 0 0 0 0 0 0 0 0 0 0 0 0 0 0 0 0 0 0 0 0 0 0 0 0 0 0 0 0 0 0 0 0 0 0 0 0 0 0 0 0 0 0 0 0 0 0 0 0
0 0.807289 0.628188 0.0371406 0.165365 0.796875 0.562352 2 0.798437 0.557647 2 0.795312 0.56 2 0 0 0 0 0 0 0.809375 0.578823 2 0.795312 0.583529 2 0.821875 0.595294 2 0 0 0 0.814062 0.609411 2 0 0 0 0.807812 0.623529 2 0.796875 0.621176 2 0.807812 0.665882 2 0.798437 0.665882 2 0.807812 0.69647 2 0.8 0.689411 2
0 0.971719 0.644376 0.0315312 0.157882 0 0 0 0 0 0 0 0 0 0 0 0 0 0 0 0 0 0 0 0 0 0 0 0 0 0 0 0 0 0 0 0 0 0 0 0 0 0 0 0 0 0 0 0 0 0 0 0 0 0 0
0 0.482812 0.641176 0.965625 0.237647 0 0 0 0 0 0 0 0 0 0 0 0 0 0 0 0 0 0 0 0 0 0 0 0 0 0 0 0 0 0 0 0 0 0 0 0 0 0 0 0 0 0 0 0 0 0 0 0 0 0 0
