0 0.457383 0.550351 0.327547 0.688806 0.404687 0.248243 2 0.4125 0.222482 2 0 0 0 0.45 0.222482 2 0 0 0 0.490625 0.278688 2 0.440625 0.302107 2 0.446875 0.388758 2 0.3875 0.400468 2 0.38125 0.461358 2 0.334375 0.449648 2 0.534375 0.505854 2 0.485937 0.505854 2 0.426562 0.651053 2 0.392187 0.604215 2 0.5 0.779859 2 0.392187 0.765807 2
0 0.718172 0.450117 0.030625 0.0612178 0 0 0 0 0 0 0 0 0 0 0 0 0 0 0 0 0 0 0 0 0 0 0 0 0 0 0 0 0 0 0 0 0 0 0 0 0 0 0 0 0 0 0 0 0 0 0 0 0 0 0
0 0.878359 0.49226 0.0356563 0.103724 0 0 0 0 0 0 0 0 0 0 0 0 0 0 0 0 0 0 0 0 0 0 0 0 0 0 0 0 0 0 0 0 0 0 0 0 0 0 0 0 0 0 0 0 0 0 0 0 0 0 0
0 0.985289 0.500761 0.0294219 0.0914052 0 0 0 0 0 0 0 0 0 0 0 0 0 0 0 0 0 0 0 0 0 0 0 0 0 0 0 0 0 0 0 0 0 0 0 0 0 0 0 0 0 0 0 0 0 0 0 0 0 0 0
0 0.713578 0.488689 0.0724687 0.209368 0.720312 0.407494 2 0.723437 0.40281 2 0.717187 0.40281 2 0.73125 0.405152 2 0 0 0 0.740625 0.426229 2 0.714062 0.428571 2 0.742187 0.454332 2 0.703125 0.444964 2 0.735937 0.470725 2 0.689062 0.461358 2 0.740625 0.484777 2 0.71875 0.484777 1 0.729687 0.522248 2 0.703125 0.508196 1 0.728125 0.569086 2 0.69375 0.550351 1
0 0.951844 0.491089 0.0504375 0.102646 0 0 0 0 0 0 0 0 0 0 0 0 0 0 0 0 0 0 0 0 0 0 0 0 0 0 0 0 0 0 0 0 0 0 0 0 0 0 0 0 0 0 0 0 0 0 0 0 0 0 0
0 0.805375 0.459778 0.0175 0.0448009 0 0 0 0 0 0 0 0 0 0 0 0 0 0 0 0 0 0 0 0 0 0 0 0 0 0 0 0 0 0 0 0 0 0 0 0 0 0 0 0 0 0 0 0 0 0 0 0 0 0 0
0 0.817477 0.458888 0.0107969 0.0402576 0 0 0 0 0 0 0 0 0 0 0 0 0 0 0 0 0 0 0 0 0 0 0 0 0 0 0 0 0 0 0 0 0 0 0 0 0 0 0 0 0 0 0 0 0 0 0 0 0 0 0
0 0.904594 0.472752 0.0127812 0.0251288 0 0 0 0 0 0 0 0 0 0 0 0 0 0 0 0 0 0 0 0 0 0 0 0 0 0 0 0 0 0 0 0 0 0 0 0 0 0 0 0 0 0 0 0 0 0 0 0 0 0 0
0 0.839914 0.471171 0.0228594 0.0292272 0 0 0 0 0 0 0 0 0 0 0 0 0 0 0 0 0 0 0 0 0 0 0 0 0 0 0 0 0 0 0 0 0 0 0 0 0 0 0 0 0 0 0 0 0 0 0 0 0 0 0
0 0.935391 0.470703 0.0232812 0.0414052 0 0 0 0 0 0 0 0 0 0 0 0 0 0 0 0 0 0 0 0 0 0 0 0 0 0 0 0 0 0 0 0 0 0 0 0 0 0 0 0 0 0 0 0 0 0 0 0 0 0 0
0 0.914508 0.474344 0.00820313 0.0206792 0 0 0 0 0 0 0 0 0 0 0 0 0 0 0 0 0 0 0 0 0 0 0 0 0 0 0 0 0 0 0 0 0 0 0 0 0 0 0 0 0 0 0 0 0 0 0 0 0 0 0
