0 0.501938 0.832395 0.0935312 0.279276 0 0 0 0 0 0 0 0 0 0 0 0 0.514062 0.714953 2 0.4875 0.738317 2 0.504687 0.738317 2 0.484375 0.789719 1 0.507812 0.780373 2 0 0 0 0.520312 0.81542 2 0.489062 0.829439 2 0.50625 0.829439 2 0.517187 0.892523 2 0.490625 0.899532 2 0.525 0.950934 2 0.467187 0.946261 2
0 0.694445 0.852886 0.0646406 0.256145 0.7 0.75 2 0.704687 0.745327 2 0.698437 0.745327 2 0.714062 0.747663 1 0 0 0 0.717187 0.771028 2 0.704687 0.771028 2 0.71875 0.820093 2 0 0 0 0.7 0.834112 2 0 0 0 0.70625 0.857476 2 0.704687 0.857476 2 0.69375 0.899532 2 0.714062 0.897196 2 0.689062 0.96028 2 0.739062 0.92757 1
0 0.63082 0.741495 0.0234219 0.0679439 0 0 0 0 0 0 0 0 0 0 0 0 0 0 0 0 0 0 0 0 0 0 0 0 0 0 0 0 0 0 0 0 0 0 0 0 0 0 0 0 0 0 0 0 0 0 0 0 0 0 0
0 0.901953 0.733435 0.0160938 0.0315888 0 0 0 0 0 0 0 0 0 0 0 0 0 0 0 0 0 0 0 0 0 0 0 0 0 0 0 0 0 0 0 0 0 0 0 0 0 0 0 0 0 0 0 0 0 0 0 0 0 0 0
0 0.404406 0.74028 0.024125 0.0655607 0 0 0 0 0 0 0 0 0 0 0 0 0 0 0 0 0 0 0 0 0 0 0 0 0 0 0 0 0 0 0 0 0 0 0 0 0 0 0 0 0 0 0 0 0 0 0 0 0 0 0
0 0.599695 0.735327 0.0133594 0.0628037 0 0 0 0 0 0 0 0 0 0 0 0 0 0 0 0 0 0 0 0 0 0 0 0 0 0 0 0 0 0 0 0 0 0 0 0 0 0 0 0 0 0 0 0 0 0 0 0 0 0 0
0 0.93907 0.720152 0.0167969 0.0439486 0 0 0 0 0 0 0 0 0 0 0 0 0 0 0 0 0 0 0 0 0 0 0 0 0 0 0 0 0 0 0 0 0 0 0 0 0 0 0 0 0 0 0 0 0 0 0 0 0 0 0
0 0.740273 0.865981 0.0905781 0.251215 0.729687 0.771028 2 0.73125 0.766355 2 0 0 0 0.740625 0.761682 2 0 0 0 0.75625 0.792056 2 0.740625 0.789719 2 0.7625 0.838785 2 0 0 0 0.754687 0.871495 2 0 0 0 0.75625 0.859813 2 0.7375 0.859813 2 0.7625 0.915887 2 0.73125 0.918224 2 0.778125 0.974299 2 0.71875 0.971962 2
0 0.77582 0.830374 0.0519844 0.246822 0 0 0 0 0 0 0 0 0 0 0 0 0 0 0 0 0 0 0 0 0 0 0 0 0 0 0 0 0 0 0 0 0 0 0 0 0 0 0 0 0 0 0 0 0 0 0 0 0 0 0
0 0.844273 0.824673 0.0672031 0.209439 0 0 0 0 0 0 0 0 0 0 0 0 0.853125 0.738317 2 0.835937 0.761682 2 0.853125 0.757009 2 0 0 0 0.848437 0.785046 2 0 0 0 0.8625 0.806074 2 0.8375 0.817757 2 0.851562 0.820093 2 0.857812 0.864485 2 0.848437 0.871495 2 0.857812 0.913551 2 0.81875 0.899532 2
0 0.49018 0.874743 0.0569219 0.172804 0 0 0 0 0 0 0 0 0 0 0 0 0 0 0 0 0 0 0 0 0 0 0 0 0 0 0 0 0 0 0 0 0 0 0 0 0 0 0 0 0 0 0 0 0 0 0 0 0 0 0
0 0.960086 0.731285 0.0153906 0.0318224 0 0 0 0 0 0 0 0 0 0 0 0 0 0 0 0 0 0 0 0 0 0 0 0 0 0 0 0 0 0 0 0 0 0 0 0 0 0 0 0 0 0 0 0 0 0 0 0 0 0 0
