0 0.912927 0.567156 0.174146 0.239125 0.891666 0.510937 2 0.897916 0.496875 2 0.866666 0.509375 2 0.920833 0.485937 2 0.852083 0.514062 2 0.96875 0.551562 2 0.90625 0.523437 2 0.922916 0.653125 2 0 0 0 0 0 0 0 0 0 0 0 0 0 0 0 0 0 0 0 0 0 0 0 0 0 0 0
0 0.055375 0.560844 0.107333 0.196469 0 0 0 0 0 0 0 0 0 0 0 0 0 0 0 0.033333 0.557812 2 0.004166 0.582812 2 0 0 0 0.016666 0.667187 1 0 0 0 0.075 0.607812 2 0 0 0 0 0 0 0 0 0 0 0 0 0 0 0 0 0 0
0 0.270833 0.524328 0.139125 0.128937 0 0 0 0 0 0 0 0 0 0 0 0 0.335416 0.498437 2 0.270833 0.501562 2 0.266666 0.504687 2 0.260416 0.567187 2 0.235416 0.578125 2 0.304166 0.554687 2 0 0 0 0.208333 0.61875 1 0.216666 0.614062 1 0 0 0 0 0 0 0 0 0 0 0 0
0 0.768917 0.481164 0.08375 0.0954219 0.754166 0.457812 2 0.760416 0.453125 2 0 0 0 0.78125 0.457812 2 0 0 0 0.797916 0.48125 2 0.772916 0.478125 2 0.752083 0.525 2 0.739583 0.525 2 0.75 0.495312 2 0.74375 0.49375 2 0 0 0 0 0 0 0 0 0 0 0 0 0 0 0 0 0 0
0 0.665625 0.489328 0.09675 0.0733437 0 0 0 0 0 0 0 0 0 0 0 0 0 0 0 0 0 0 0 0 0 0 0 0 0 0 0 0 0 0 0 0 0 0 0 0 0 0 0 0 0 0 0 0 0 0 0 0 0 0 0
0 0.478823 0.465063 0.0833125 0.102875 0.491666 0.434375 2 0.495833 0.43125 2 0.485416 0.43125 2 0 0 0 0.472916 0.429687 2 0.514583 0.454687 2 0.45625 0.457812 2 0.522916 0.475 1 0.44375 0.485937 2 0.497916 0.478125 2 0.447916 0.50625 2 0.50625 0.515625 1 0.470833 0.515625 1 0 0 0 0 0 0 0 0 0 0 0 0
0 0.855146 0.421203 0.0521667 0.061625 0 0 0 0 0 0 0 0 0 0 0 0 0 0 0 0 0 0 0 0 0 0 0 0 0 0 0 0 0 0 0 0 0 0 0 0 0 0 0 0 0 0 0 0 0 0 0 0 0 0 0
0 0.796594 0.431367 0.0504792 0.0476094 0 0 0 0 0 0 0 0 0 0 0 0 0 0 0 0 0 0 0 0 0 0 0 0 0 0 0 0 0 0 0 0 0 0 0 0 0 0 0 0 0 0 0 0 0 0 0 0 0 0 0
0 0.140552 0.527266 0.140854 0.224969 0.125 0.478125 2 0.139583 0.465625 2 0.108333 0.464062 2 0.160416 0.460937 2 0.085416 0.457812 1 0.160416 0.523437 2 0.070833 0.523437 1 0 0 0 0.097916 0.617187 1 0 0 0 0.185416 0.614062 1 0 0 0 0 0 0 0 0 0 0 0 0 0 0 0 0 0 0
0 0.261583 0.480813 0.103542 0.078125 0 0 0 0 0 0 0 0 0 0 0 0 0 0 0 0 0 0 0 0 0 0 0 0 0 0 0 0 0 0 0 0 0 0 0 0 0 0 0 0 0 0 0 0 0 0 0 0 0 0 0
0 0.901219 0.41407 0.0536458 0.0561406 0 0 0 0 0 0 0 0 0 0 0 0 0 0 0 0 0 0 0 0 0 0 0 0 0 0 0 0 0 0 0 0 0 0 0 0 0 0 0 0 0 0 0 0 0 0 0 0 0 0 0
0 0.95824 0.483063 0.0835208 0.0751563 0 0 0 0.945833 0.485937 2 0 0 0 0.979166 0.484375 2 0 0 0 0 0 0 0 0 0 0 0 0 0 0 0 0 0 0 0 0 0 0 0 0 0 0 0 0 0 0 0 0 0 0 0 0 0 0 0
0 0.351698 0.514789 0.0998542 0.0682344 0 0 0 0 0 0 0 0 0 0 0 0 0 0 0 0 0 0 0 0 0 0 0 0 0 0 0 0 0 0 0 0 0 0 0 0 0 0 0 0 0 0 0 0 0 0 0 0 0 0 0
