0 0.779953 0.659778 0.105187 0.335574 0.78125 0.529274 1 0.7875 0.52459 1 0 0 0 0.79375 0.533957 2 0 0 0 0.796875 0.566744 2 0.770312 0.569086 2 0.7625 0.548009 2 0.748437 0.545667 2 0.742187 0.522248 2 0.723437 0.522248 1 0.790625 0.667447 2 0.773437 0.669789 2 0.796875 0.730679 2 0.782812 0.733021 2 0.81875 0.807962 2 0.804687 0.810304 2
0 0.735688 0.470023 0.108969 0.352272 0 0 0 0 0 0 0 0 0 0.69375 0.325526 1 0.715625 0.323185 2 0.690625 0.353629 2 0.725 0.355971 2 0 0 0 0.75 0.40281 2 0 0 0 0.775 0.374707 2 0.70625 0.456674 2 0.726562 0.454332 1 0.70625 0.517564 2 0.728125 0.508196 2 0.709375 0.594847 1 0.721875 0.599531 2
0 0.69475 0.631487 0.0762812 0.405644 0 0 0 0 0 0 0 0 0 0 0 0 0 0 0 0.682812 0.550351 2 0.704687 0.540983 2 0.695312 0.496487 2 0.71875 0.508196 2 0.698437 0.449648 2 0.725 0.461358 2 0.704687 0.641686 2 0.69375 0.641686 2 0.714062 0.735362 2 0.6875 0.735362 2 0.704687 0.80562 2 0.667187 0.80562 2
0 0.925445 0.581909 0.0204219 0.0891101 0 0 0 0 0 0 0 0 0 0 0 0 0 0 0 0 0 0 0 0 0 0 0 0 0 0 0 0 0 0 0 0 0 0 0 0 0 0 0 0 0 0 0 0 0 0 0 0 0 0 0
0 0.464812 0.441967 0.0838437 0.331897 0.476562 0.299765 1 0 0 0 0.470312 0.297423 2 0 0 0 0.459375 0.309133 2 0.445312 0.320843 1 0.471875 0.327868 2 0.426562 0.320843 1 0.50625 0.334894 1 0.446875 0.297423 1 0 0 0 0.457812 0.428571 2 0.451562 0.433255 2 0.490625 0.470725 2 0.460937 0.503512 2 0.5 0.552693 1 0.440625 0.580796 2
0 0.412117 0.628677 0.0707344 0.398384 0.409375 0.51288 2 0 0 0 0.403125 0.515222 2 0 0 0 0.396875 0.533957 2 0.417187 0.540983 2 0.401562 0.555035 2 0.432812 0.496487 2 0.421875 0.496487 2 0.445312 0.454332 1 0.434375 0.447306 2 0.43125 0.63466 2 0.421875 0.64637 2 0.4375 0.718969 2 0.417187 0.721311 2 0.432812 0.80562 2 0.404687 0.810304 2
0 0.101953 0.679215 0.0569687 0.323583 0.120312 0.536299 2 0 0 0 0.114062 0.536299 2 0 0 0 0.109375 0.548009 2 0.114062 0.576112 2 0.103125 0.580796 2 0.117187 0.627634 2 0.096875 0.620608 2 0.120312 0.662763 2 0.10625 0.658079 2 0.110937 0.665105 2 0.096875 0.660421 2 0.1 0.74473 2 0.096875 0.735362 2 0.092187 0.789227 2 0.089062 0.791569 2
0 0.568984 0.661792 0.0854688 0.348314 0.551562 0.543325 2 0.55625 0.538641 2 0 0 0 0.564062 0.543325 2 0 0 0 0.565625 0.564402 2 0.58125 0.566744 2 0.532812 0.533957 2 0.554687 0.538641 2 0.523437 0.498829 1 0.534375 0.50117 2 0.5625 0.672131 2 0.579687 0.667447 2 0.56875 0.740046 2 0.582812 0.737704 2 0.578125 0.812646 2 0.59375 0.80562 2
0 0.982477 0.659801 0.0350469 0.162365 0 0 0 0 0 0 0 0 0 0 0 0 0 0 0 0 0 0 0 0 0 0 0 0 0 0 0 0 0 0 0 0 0 0 0 0 0 0 0 0 0 0 0 0 0 0 0 0 0 0 0
0 0.478352 0.658782 0.0740781 0.349274 0 0 0 0 0 0 0 0 0 0 0 0 0 0 0 0.507812 0.571428 2 0.48125 0.566744 2 0 0 0 0.492187 0.531615 2 0 0 0 0.503125 0.489461 2 0.495312 0.672131 2 0.471875 0.662763 2 0.484375 0.737704 2 0.467187 0.728337 2 0.478125 0.807962 2 0.446875 0.800936 2
0 0.442195 0.361991 0.0412969 0.142482 0 0 0 0 0 0 0 0 0 0 0 0 0 0 0 0 0 0 0 0 0 0 0 0 0 0 0 0 0 0 0 0 0 0 0 0 0 0 0 0 0 0 0 0 0 0 0 0 0 0 0
0 0.00719531 0.618817 0.0142031 0.102693 0 0 0 0 0 0 0 0 0 0 0 0 0 0 0 0 0 0 0 0 0 0 0 0 0 0 0 0 0 0 0 0 0 0 0 0 0 0 0 0 0 0 0 0 0 0 0 0 0 0 0
0 0.284578 0.672096 0.0919375 0.327752 0.285937 0.529274 2 0 0 0 0 0 0 0 0 0 0 0 0 0.267187 0.576112 2 0.270312 0.578454 2 0.276562 0.627634 2 0.282812 0.625292 2 0.285937 0.667447 2 0.314062 0.625292 2 0.259375 0.665105 2 0.264062 0.665105 2 0.275 0.737704 2 0.282812 0.730679 2 0.264062 0.814988 2 0.253125 0.796252 2
0 0.520312 0.565574 0.80625 0.611241 0 0 0 0 0 0 0 0 0 0 0 0 0 0 0 0 0 0 0 0 0 0 0 0 0 0 0 0 0 0 0 0 0 0 0 0 0 0 0 0 0 0 0 0 0 0 0 0 0 0 0
