0 0.508656 0.534906 0.467344 0.90541 0.526562 0.248243 2 0.546875 0.22014 2 0.517187 0.213114 2 0.575 0.203747 2 0.496875 0.194379 2 0.625 0.215456 2 0.457812 0.344262 2 0.66875 0.259953 2 0.396875 0.543325 2 0.698437 0.241217 2 0.3125 0.709601 2 0.615625 0.625292 2 0.525 0.590163 2 0.7 0.9274 2 0.584375 0.800936 2 0.629687 0.983606 2 0 0 0
0 0.616187 0.12548 0.050375 0.112927 0.610937 0.112412 2 0.615625 0.105386 2 0.60625 0.105386 2 0.629687 0.112412 2 0.598437 0.117096 2 0 0 0 0 0 0 0 0 0 0 0 0 0 0 0 0 0 0 0 0 0 0 0 0 0 0 0 0 0 0 0 0 0 0 0 0
0 0.703609 0.0969555 0.060125 0.118361 0.689062 0.063231 2 0.695312 0.056206 2 0.6875 0.056206 2 0.703125 0.060889 2 0 0 0 0.717187 0.105386 2 0.66875 0.103044 1 0 0 0 0 0 0 0 0 0 0 0 0 0.707812 0.17096 1 0.673437 0.17096 1 0 0 0 0 0 0 0 0 0 0 0 0
0 0.418313 0.122307 0.0614688 0.0785246 0 0 0 0 0 0 0 0 0 0 0 0 0 0 0 0 0 0 0 0 0 0 0 0 0 0 0 0 0 0 0 0 0 0 0 0 0 0 0 0 0 0 0 0 0 0 0 0 0 0 0
0 0.0398281 0.216323 0.0796562 0.217939 0.025 0.15925 2 0.029687 0.152224 2 0.01875 0.152224 2 0.040625 0.156908 2 0.010937 0.15925 2 0.05 0.206088 2 0.003125 0.20843 2 0.071875 0.245901 2 0 0 0 0.060937 0.288056 2 0 0 0 0.042187 0.288056 2 0.0125 0.288056 2 0.060937 0.306791 2 0 0 0 0.071875 0.412177 1 0 0 0
0 0.460281 0.187635 0.0779688 0.11911 0.451562 0.173302 2 0.457812 0.166276 2 0.451562 0.163934 2 0 0 0 0 0 0 0.49375 0.203747 2 0.4375 0.203747 1 0 0 0 0 0 0 0 0 0 0 0 0 0 0 0 0 0 0 0 0 0 0 0 0 0 0 0 0 0 0
0 0.329852 0.188337 0.0732969 0.340796 0.328125 0.072599 2 0.334375 0.067915 2 0.325 0.065573 2 0.342187 0.070257 2 0.317187 0.067915 1 0.345312 0.114754 2 0.310937 0.114754 2 0.3625 0.154566 2 0.29375 0.168618 2 0.345312 0.185011 2 0.321875 0.192037 2 0.340625 0.187353 2 0.307812 0.187353 2 0.335937 0.224824 2 0.304687 0.222482 2 0.334375 0.311475 2 0.307812 0.311475 1
0 0.451281 0.106522 0.0380625 0.0893911 0 0 0 0 0 0 0 0 0 0 0 0 0 0 0 0 0 0 0 0 0 0 0 0 0 0 0 0 0 0 0 0 0 0 0 0 0 0 0 0 0 0 0 0 0 0 0 0 0 0 0
0 0.363695 0.0862763 0.0597969 0.172553 0 0 0 0 0 0 0 0 0 0 0 0 0 0 0 0 0 0 0 0 0 0 0 0 0 0 0 0 0 0 0 0 0 0 0 0 0 0 0 0 0 0 0 0 0 0 0 0 0 0 0
0 0.438734 0.0482319 0.0649687 0.0964637 0 0 0 0 0 0 0 0 0 0 0 0 0 0 0 0 0 0 0 0 0 0 0 0 0 0 0 0 0 0 0 0 0 0 0 0 0 0 0 0 0 0 0 0 0 0 0 0 0 0 0
0 0.960172 0.12171 0.0796562 0.134614 0.95625 0.131147 2 0.960937 0.121779 2 0.948437 0.121779 2 0.975 0.117096 2 0 0 0 0.98125 0.156908 2 0.957812 0.173302 2 0 0 0 0 0 0 0 0 0 0 0 0 0 0 0 0 0 0 0 0 0 0 0 0 0 0 0 0 0 0
0 0.952711 0.335468 0.0921719 0.302834 0 0 0 0 0 0 0 0 0 0 0 0 0.909375 0.264637 1 0 0 0 0.975 0.290398 2 0 0 0 0.957812 0.355971 2 0 0 0 0.9375 0.428571 2 0 0 0 0.975 0.473067 2 0 0 0 0 0 0 0 0 0 0 0 0
0 0.425781 0.141686 0.848437 0.283372 0 0 0 0 0 0 0 0 0 0 0 0 0 0 0 0 0 0 0 0 0 0 0 0 0 0 0 0 0 0 0 0 0 0 0 0 0 0 0 0 0 0 0 0 0 0 0 0 0 0 0
