0 0.418133 0.47524 0.622933 0.78728 0 0 0 0 0 0 0 0 0 0.184 0.302 1 0.224 0.248 2 0.272 0.344 2 0.309333 0.256 2 0.36 0.438 2 0.242666 0.18 2 0.264 0.39 1 0.170666 0.116 2 0.44 0.446 2 0.533333 0.404 2 0.370666 0.612 2 0.608 0.6 2 0.384 0.796 2 0.672 0.758 2
0 0.0894933 0.15234 0.12528 0.15212 0.082666 0.108 2 0.093333 0.104 2 0.074666 0.102 2 0.109333 0.108 2 0 0 0 0.133333 0.148 2 0.053333 0.144 2 0 0 0 0.037333 0.206 2 0 0 0 0.050666 0.232 1 0.114666 0.228 1 0.050666 0.226 2 0 0 0 0 0 0 0 0 0 0 0 0
0 0.328507 0.16163 0.135093 0.17918 0.346666 0.112 2 0.357333 0.106 2 0.338666 0.102 2 0.365333 0.11 2 0.317333 0.1 2 0.381333 0.144 2 0.282666 0.15 2 0.36 0.208 2 0.277333 0.204 1 0.346666 0.2 2 0 0 0 0.352 0.24 2 0.288 0.238 1 0 0 0 0 0 0 0 0 0 0 0 0
0 0.442947 0.17792 0.141147 0.16892 0.432 0.126 2 0.44 0.12 2 0.426666 0.122 2 0.464 0.122 2 0 0 0 0.48 0.156 2 0.416 0.156 2 0.477333 0.204 2 0.386666 0.188 2 0.410666 0.206 2 0.432 0.182 2 0.461333 0.228 2 0.413333 0.228 1 0 0 0 0 0 0 0 0 0 0 0 0
0 0.09612 0.29298 0.189627 0.25652 0.114666 0.196 2 0.128 0.19 2 0.109333 0.19 2 0.149333 0.196 2 0 0 0 0.168 0.232 1 0.085333 0.232 2 0.178666 0.292 1 0.056 0.286 2 0.106666 0.33 2 0.072 0.328 2 0.136 0.326 2 0.064 0.326 2 0.122666 0.348 2 0.008 0.338 2 0.122666 0.442 1 0.008 0.432 1
0 0.656973 0.17928 0.138533 0.16584 0.677333 0.128 2 0.685333 0.124 2 0.666666 0.124 2 0 0 0 0.637333 0.128 2 0.701333 0.162 2 0.613333 0.164 2 0.693333 0.196 2 0.6 0.206 2 0.637333 0.23 2 0.605333 0.23 2 0.693333 0.248 2 0.634666 0.248 1 0 0 0 0 0 0 0 0 0 0 0 0
0 0.78876 0.18442 0.13096 0.1528 0.794666 0.142 2 0.802666 0.134 2 0.786666 0.134 2 0.826666 0.136 2 0 0 0 0.853333 0.186 1 0.752 0.186 2 0 0 0 0.746666 0.234 2 0 0 0 0.741333 0.238 1 0.818666 0.256 1 0.765333 0.256 2 0 0 0 0 0 0 0 0 0 0 0 0
0 0.923013 0.17237 0.143573 0.1789 0.914666 0.114 2 0.928 0.11 2 0.906666 0.11 2 0.949333 0.118 2 0 0 0 0.973333 0.164 2 0.872 0.162 2 0.96 0.226 2 0.872 0.226 1 0.904 0.258 2 0 0 0 0 0 0 0 0 0 0 0 0 0 0 0 0 0 0 0 0 0
0 0.5142 0.08184 0.143493 0.13676 0.498666 0.05 2 0.506666 0.042 2 0.490666 0.042 2 0.522666 0.046 2 0.48 0.048 1 0.544 0.074 2 0.472 0.076 2 0 0 0 0 0 0 0 0 0 0 0 0 0.517333 0.152 1 0.498666 0.154 1 0 0 0 0 0 0 0 0 0 0 0 0
0 0.759347 0.11143 0.110427 0.17394 0.752 0.054 2 0.76 0.046 2 0.738666 0.048 2 0.773333 0.054 2 0.728 0.056 1 0.802666 0.088 2 0.717333 0.092 2 0.8 0.146 1 0.717333 0.146 2 0.746666 0.17 2 0.722666 0.162 1 0.789333 0.158 1 0.730666 0.162 2 0 0 0 0 0 0 0 0 0 0 0 0
0 0.294067 0.06727 0.128507 0.13454 0.293333 0.034 2 0.298666 0.028 2 0.285333 0.028 2 0 0 0 0.266666 0.034 2 0.328 0.054 2 0.250666 0.072 2 0 0 0 0.253333 0.138 1 0 0 0 0.266666 0.108 2 0 0 0 0 0 0 0 0 0 0 0 0 0 0 0 0 0 0
0 0.839773 0.35276 0.21672 0.28648 0 0 0 0 0 0 0 0 0 0 0 0 0 0 0 0.922666 0.284 2 0.832 0.28 2 0.898666 0.338 2 0.784 0.318 2 0.861333 0.29 2 0.818666 0.27 2 0.912 0.396 2 0.853333 0.396 2 0.826666 0.39 2 0.765333 0.372 2 0.885333 0.468 2 0.762666 0.464 2
0 0.54424 0.16849 0.10912 0.13434 0.552 0.132 2 0.562666 0.126 2 0.544 0.128 2 0.578666 0.13 2 0.533333 0.13 1 0.586666 0.164 2 0.52 0.166 2 0 0 0 0.504 0.218 2 0 0 0 0 0 0 0.562666 0.228 2 0.525333 0.228 2 0 0 0 0 0 0 0 0 0 0 0 0
0 0.5 0.249 0.994667 0.498 0 0 0 0 0 0 0 0 0 0 0 0 0 0 0 0 0 0 0 0 0 0 0 0 0 0 0 0 0 0 0 0 0 0 0 0 0 0 0 0 0 0 0 0 0 0 0 0 0 0 0
