0 0.761867 0.550672 0.476266 0.889646 0.828125 0.283018 2 0.86875 0.254716 2 0.825 0.25 2 0.948437 0.292452 2 0 0 0 0.98125 0.445754 2 0.798437 0.441037 2 0.864062 0.771226 2 0.75625 0.615566 2 0.673437 0.872641 2 0.667187 0.752358 2 0.835937 0.882075 2 0.715625 0.813679 2 0 0 0 0.503125 0.917452 1 0 0 0 0 0 0
0 0.264555 0.5 0.529109 1 0.239062 0.205188 2 0.267187 0.172169 2 0.215625 0.15566 2 0.295312 0.158018 2 0.178125 0.143867 2 0.332812 0.356132 2 0.078125 0.323113 2 0.378125 0.549528 2 0.032812 0.584905 1 0.307812 0.695754 2 0.110937 0.662735 1 0.340625 0.714622 2 0.173437 0.768867 2 0.503125 0.839622 2 0.340625 0.997641 1 0 0 0 0 0 0
0 0.485945 0.441191 0.119859 0.15842 0.489062 0.398584 2 0.496875 0.391509 2 0.48125 0.38915 2 0.503125 0.408018 2 0.470312 0.408018 2 0.517187 0.45283 2 0.448437 0.462264 2 0 0 0 0 0 0 0 0 0 0 0 0 0 0 0 0 0 0 0 0 0 0 0 0 0 0 0 0 0 0
0 0.653758 0.445236 0.116328 0.16566 0.653125 0.396226 2 0.659375 0.386792 2 0.646875 0.386792 2 0.671875 0.398584 2 0.6375 0.398584 1 0.7 0.464622 2 0.6125 0.457547 2 0.701562 0.540094 1 0.601562 0.518867 1 0 0 0 0 0 0 0 0 0 0 0 0 0 0 0 0 0 0 0 0 0 0 0 0
0 0.615633 0.448255 0.0551406 0.106415 0 0 0 0 0 0 0 0 0 0 0 0 0 0 0 0 0 0 0 0 0 0 0 0 0 0 0 0 0 0 0 0 0 0 0 0 0 0 0 0 0 0 0 0 0 0 0 0 0 0 0
0 0.411523 0.437559 0.0305156 0.0549292 0 0 0 0 0 0 0 0 0 0 0 0 0 0 0 0 0 0 0 0 0 0 0 0 0 0 0 0 0 0 0 0 0 0 0 0 0 0 0 0 0 0 0 0 0 0 0 0 0 0 0
0 0.459063 0.421167 0.0287187 0.0463915 0 0 0 0 0 0 0 0 0 0 0 0 0 0 0 0 0 0 0 0 0 0 0 0 0 0 0 0 0 0 0 0 0 0 0 0 0 0 0 0 0 0 0 0 0 0 0 0 0 0 0
0 0.389641 0.427252 0.0402813 0.0781368 0 0 0 0 0 0 0 0 0 0 0 0 0 0 0 0 0 0 0 0 0 0 0 0 0 0 0 0 0 0 0 0 0 0 0 0 0 0 0 0 0 0 0 0 0 0 0 0 0 0 0
0 0.553586 0.456427 0.0222656 0.0350236 0 0 0 0 0 0 0 0 0 0 0 0 0 0 0 0 0 0 0 0 0 0 0 0 0 0 0 0 0 0 0 0 0 0 0 0 0 0 0 0 0 0 0 0 0 0 0 0 0 0 0
0 0.103055 0.212535 0.101547 0.0475708 0 0 0 0 0 0 0 0 0 0 0 0 0 0 0 0 0 0 0 0 0 0 0 0 0 0 0 0 0 0 0 0 0 0 0 0 0 0 0 0 0 0 0 0 0 0 0 0 0 0 0
0 0.581648 0.457901 0.0259219 0.0343396 0 0 0 0 0 0 0 0 0 0 0 0 0 0 0 0 0 0 0 0 0 0 0 0 0 0 0 0 0 0 0 0 0 0 0 0 0 0 0 0 0 0 0 0 0 0 0 0 0 0 0
0 0.715109 0.478396 0.039625 0.117406 0 0 0 0 0 0 0 0 0 0 0 0 0 0 0 0 0 0 0 0 0 0 0 0 0 0 0 0 0 0 0 0 0 0 0 0 0 0 0 0 0 0 0 0 0 0 0 0 0 0 0
0 0.563867 0.452158 0.0352969 0.0690802 0 0 0 0 0 0 0 0 0 0 0 0 0 0 0 0 0 0 0 0 0 0 0 0 0 0 0 0 0 0 0 0 0 0 0 0 0 0 0 0 0 0 0 0 0 0 0 0 0 0 0
