0 0.318203 0.545831 0.158656 0.310164 0.376562 0.423887 2 0.38125 0.416861 2 0.373437 0.416861 2 0 0 0 0.367187 0.416861 2 0.38125 0.447306 2 0.353125 0.440281 2 0.35625 0.454332 2 0.335937 0.477751 2 0.317187 0.442622 2 0.321875 0.459016 2 0.367187 0.548009 2 0.345312 0.540983 2 0.373437 0.618266 2 0.33125 0.592505 2 0.371875 0.641686 2 0.33125 0.669789 2
0 0.535516 0.538735 0.117906 0.193583 0.512499 0.477751 2 0.515625 0.470725 2 0.507812 0.473067 2 0.525 0.470725 2 0 0 0 0.539062 0.484777 2 0.503125 0.503512 2 0.542187 0.510538 2 0 0 0 0.50625 0.510538 2 0 0 0 0.55625 0.56206 2 0.526562 0.566744 2 0.534375 0.611241 2 0.49375 0.533957 2 0.567187 0.599531 2 0.510937 0.599531 2
0 0.328094 0.193712 0.0520938 0.100023 0 0 0 0 0 0 0 0 0 0 0 0 0 0 0 0 0 0 0 0 0 0 0 0 0 0 0 0 0 0 0 0 0 0 0 0 0 0 0 0 0 0 0 0 0 0 0 0 0 0 0
0 0.519969 0.172026 0.052375 0.0655504 0 0 0 0 0 0 0 0 0 0 0 0 0 0 0 0 0 0 0 0 0 0 0 0 0 0 0 0 0 0 0 0 0 0 0 0 0 0 0 0 0 0 0 0 0 0 0 0 0 0 0
0 0.429117 0.189778 0.0707344 0.0732319 0 0 0 0 0 0 0 0 0 0 0 0 0 0 0 0 0 0 0 0 0 0 0 0 0 0 0 0 0 0 0 0 0 0 0 0 0 0 0 0 0 0 0 0 0 0 0 0 0 0 0
0 0.377578 0.181124 0.0507187 0.0919438 0 0 0 0 0 0 0 0 0 0 0 0 0 0 0 0 0 0 0 0 0 0 0 0 0 0 0 0 0 0 0 0 0 0 0 0 0 0 0 0 0 0 0 0 0 0 0 0 0 0 0
0 0.229797 0.204005 0.0683125 0.112225 0.217187 0.177985 2 0.21875 0.17096 2 0.214062 0.17096 2 0.225 0.168618 2 0.209375 0.175644 2 0.239062 0.192037 2 0.204687 0.199063 2 0.254687 0.238875 2 0.203125 0.238875 2 0.232812 0.245901 1 0.225 0.255269 1 0.2375 0.262295 1 0.214062 0.266978 1 0 0 0 0 0 0 0 0 0 0 0 0
0 0.170273 0.21007 0.0599844 0.106417 0.167187 0.187353 2 0.170312 0.177985 2 0.1625 0.180327 2 0.173437 0.177985 2 0.157812 0.182669 2 0.189062 0.20843 2 0.146875 0.215456 2 0.19375 0.243559 2 0.148437 0.248243 1 0 0 0 0 0 0 0 0 0 0 0 0 0 0 0 0 0 0 0 0 0 0 0 0
0 0.861469 0.0987354 0.069625 0.10103 0.88125 0.084309 2 0 0 0 0.88125 0.079625 2 0 0 0 0.870312 0.072599 2 0.882812 0.086651 2 0.842187 0.077283 2 0.890625 0.117096 2 0.835937 0.112412 2 0.890625 0.152224 1 0.851562 0.126463 2 0.8625 0.121779 1 0.840625 0.121779 2 0 0 0 0 0 0 0 0 0 0 0 0
0 0.629727 0.152307 0.0528594 0.0625995 0 0 0 0 0 0 0 0 0 0 0 0 0 0 0 0 0 0 0 0 0 0 0 0 0 0 0 0 0 0 0 0 0 0 0 0 0 0 0 0 0 0 0 0 0 0 0 0 0 0 0
0 0.565438 0.164028 0.0323125 0.0624356 0 0 0 0 0 0 0 0 0 0 0 0 0 0 0 0 0 0 0 0 0 0 0 0 0 0 0 0 0 0 0 0 0 0 0 0 0 0 0 0 0 0 0 0 0 0 0 0 0 0 0
0 0.475938 0.164028 0.0462187 0.102857 0 0 0 0 0 0 0 0 0 0 0 0 0 0 0 0 0 0 0 0 0 0 0 0 0 0 0 0 0 0 0 0 0 0 0 0 0 0 0 0 0 0 0 0 0 0 0 0 0 0 0
0 0.535398 0.485773 0.119922 0.231967 0.510937 0.409836 2 0.515625 0.40281 2 0.507812 0.40281 2 0 0 0 0 0 0 0.5375 0.421545 2 0.5 0.426229 2 0.553125 0.456674 2 0.498437 0.4637 1 0.539062 0.491803 1 0.49375 0.505854 2 0.545312 0.480093 1 0.525 0.484777 1 0.573437 0.515222 2 0.489062 0.517564 1 0.584375 0.571428 2 0.49375 0.578454 2
0 0.75 0.135831 0.096875 0.0655738 0 0 0 0 0 0 0 0 0 0 0 0 0 0 0 0 0 0 0 0 0 0 0 0 0 0 0 0 0 0 0 0 0 0 0 0 0 0 0 0 0 0 0 0 0 0 0 0 0 0 0
