0 0.456434 0.488414 0.124482 0.181609 0.481927 0.425 2 0 0 0 0.477108 0.421875 2 0 0 0 0.457831 0.425 2 0.477108 0.439062 2 0.428915 0.439062 2 0.469879 0.454687 2 0.409638 0.460937 2 0.436144 0.448437 2 0.419277 0.446875 2 0.469879 0.492187 2 0.436144 0.49375 2 0.489156 0.528125 2 0.428915 0.528125 2 0.503614 0.5625 2 0.414457 0.560937 2
0 0.547446 0.415305 0.0418313 0.0417031 0 0 0 0 0 0 0 0 0 0 0 0 0 0 0 0 0 0 0 0 0 0 0 0 0 0 0 0 0 0 0 0 0 0 0 0 0 0 0 0 0 0 0 0 0 0 0 0 0 0 0
0 0.59647 0.422391 0.0544819 0.0579063 0 0 0 0 0 0 0 0 0 0 0 0 0 0 0 0 0 0 0 0 0 0 0 0 0 0 0 0 0 0 0 0 0 0 0 0 0 0 0 0 0 0 0 0 0 0 0 0 0 0 0
0 0.936096 0.433406 0.0419759 0.0735625 0 0 0 0 0 0 0 0 0 0 0 0 0 0 0 0 0 0 0 0 0 0 0 0 0 0 0 0 0 0 0 0 0 0 0 0 0 0 0 0 0 0 0 0 0 0 0 0 0 0 0
0 0.300458 0.430836 0.0491084 0.122078 0 0 0 0 0 0 0 0 0 0 0 0 0 0 0 0 0 0 0 0 0 0 0 0 0 0 0 0 0 0 0 0 0 0 0 0 0 0 0 0 0 0 0 0 0 0 0 0 0 0 0
0 0.667795 0.415813 0.0387229 0.0404375 0 0 0 0 0 0 0 0 0 0 0 0 0 0 0 0 0 0 0 0 0 0 0 0 0 0 0 0 0 0 0 0 0 0 0 0 0 0 0 0 0 0 0 0 0 0 0 0 0 0 0
0 0.952145 0.413727 0.0205301 0.0368281 0 0 0 0 0 0 0 0 0 0 0 0 0 0 0 0 0 0 0 0 0 0 0 0 0 0 0 0 0 0 0 0 0 0 0 0 0 0 0 0 0 0 0 0 0 0 0 0 0 0 0
0 0.520084 0.418539 0.0532771 0.0410156 0 0 0 0 0 0 0 0 0 0 0 0 0 0 0 0 0 0 0 0 0 0 0 0 0 0 0 0 0 0 0 0 0 0 0 0 0 0 0 0 0 0 0 0 0 0 0 0 0 0 0
0 0.69094 0.410969 0.0164337 0.0478125 0 0 0 0 0 0 0 0 0 0 0 0 0 0 0 0 0 0 0 0 0 0 0 0 0 0 0 0 0 0 0 0 0 0 0 0 0 0 0 0 0 0 0 0 0 0 0 0 0 0 0
0 0.128687 0.513859 0.142627 0.154375 0.156626 0.457812 2 0 0 0 0 0 0 0 0 0 0.137349 0.457812 2 0.149397 0.484375 2 0.110843 0.479687 2 0.168674 0.503125 2 0.084337 0.514062 2 0.19759 0.489062 1 0.067469 0.548437 2 0.118072 0.5375 2 0.091566 0.545312 2 0.187951 0.539062 2 0.178313 0.546875 2 0 0 0 0.115662 0.571875 2
0 0.212253 0.444836 0.0431566 0.102453 0 0 0 0 0 0 0 0 0 0 0 0 0 0 0 0 0 0 0 0 0 0 0 0 0 0 0 0 0 0 0 0 0 0 0 0 0 0 0 0 0 0 0 0 0 0 0 0 0 0 0
0 0.030241 0.470789 0.0604819 0.204172 0 0 0 0 0 0 0 0 0 0 0 0 0 0 0 0.038554 0.407812 2 0.004819 0.407812 2 0 0 0 0 0 0 0 0 0 0 0 0 0.026506 0.4625 2 0.009638 0.4625 2 0.036144 0.512499 2 0.007228 0.512499 2 0.031325 0.559375 2 0 0 0
0 0.876096 0.424766 0.0118072 0.0321562 0 0 0 0 0 0 0 0 0 0 0 0 0 0 0 0 0 0 0 0 0 0 0 0 0 0 0 0 0 0 0 0 0 0 0 0 0 0 0 0 0 0 0 0 0 0 0 0 0 0 0
0 0.437349 0.403906 0.0361446 0.0296875 0 0 0 0 0 0 0 0 0 0 0 0 0 0 0 0 0 0 0 0 0 0 0 0 0 0 0 0 0 0 0 0 0 0 0 0 0 0 0 0 0 0 0 0 0 0 0 0 0 0 0
