0 0.43034 0.575094 0.358803 0.565844 0 0 0 0 0 0 0 0 0 0 0 0 0 0 0 0.302816 0.426562 2 0.504694 0.41875 2 0.291079 0.498437 2 0.570422 0.490625 2 0.319248 0.565625 2 0.530516 0.54375 2 0.373239 0.584375 2 0.48122 0.578125 2 0.434272 0.7 2 0.48122 0.696875 2 0.485915 0.815625 2 0.518779 0.807812 2
0 0.530047 0.403773 0.152582 0.171078 0.469483 0.364062 2 0.483568 0.35625 2 0.467136 0.35625 2 0.518779 0.35625 2 0 0 0 0.514084 0.407812 1 0 0 0 0 0 0 0 0 0 0 0 0 0 0 0 0.525821 0.553125 1 0 0 0 0 0 0 0 0 0 0 0 0 0 0 0
0 0.837876 0.583641 0.147254 0.267406 0 0 0 0 0 0 0 0 0 0 0 0 0 0 0 0.807511 0.503125 2 0.882629 0.50625 2 0.774647 0.540625 2 0.901408 0.548437 2 0 0 0 0.884976 0.565625 2 0.830985 0.575 2 0.870892 0.576562 2 0.816901 0.634375 2 0.861502 0.640625 2 0.821596 0.676562 2 0.875586 0.679687 2
0 0.776643 0.442258 0.0592019 0.0839219 0 0 0 0 0 0 0 0 0 0 0 0 0 0 0 0 0 0 0 0 0 0 0 0 0 0 0 0 0 0 0 0 0 0 0 0 0 0 0 0 0 0 0 0 0 0 0 0 0 0 0
0 0.794002 0.373391 0.0206808 0.055625 0 0 0 0 0 0 0 0 0 0 0 0 0 0 0 0 0 0 0 0 0 0 0 0 0 0 0 0 0 0 0 0 0 0 0 0 0 0 0 0 0 0 0 0 0 0 0 0 0 0 0
0 0.643263 0.370672 0.0660563 0.0847187 0 0 0 0 0 0 0 0 0 0 0 0 0 0 0 0 0 0 0 0 0 0 0 0 0 0 0 0 0 0 0 0 0 0 0 0 0 0 0 0 0 0 0 0 0 0 0 0 0 0 0
0 0.720399 0.357523 0.04 0.0514844 0 0 0 0 0 0 0 0 0 0 0 0 0 0 0 0 0 0 0 0 0 0 0 0 0 0 0 0 0 0 0 0 0 0 0 0 0 0 0 0 0 0 0 0 0 0 0 0 0 0 0
0 0.689777 0.348773 0.0316667 0.0643281 0 0 0 0 0 0 0 0 0 0 0 0 0 0 0 0 0 0 0 0 0 0 0 0 0 0 0 0 0 0 0 0 0 0 0 0 0 0 0 0 0 0 0 0 0 0 0 0 0 0 0
0 0.610035 0.434023 0.0824178 0.121578 0 0 0 0 0 0 0 0 0 0 0 0 0 0 0 0 0 0 0 0 0 0 0 0 0 0 0 0 0 0 0 0 0 0 0 0 0 0 0 0 0 0 0 0 0 0 0 0 0 0 0
0 0.612042 0.351906 0.0520188 0.0720313 0 0 0 0 0 0 0 0 0 0 0 0 0 0 0 0 0 0 0 0 0 0 0 0 0 0 0 0 0 0 0 0 0 0 0 0 0 0 0 0 0 0 0 0 0 0 0 0 0 0 0
0 0.55466 0.312641 0.0506338 0.0716875 0 0 0 0 0 0 0 0 0 0 0 0 0 0 0 0 0 0 0 0 0 0 0 0 0 0 0 0 0 0 0 0 0 0 0 0 0 0 0 0 0 0 0 0 0 0 0 0 0 0 0
0 0.855434 0.376172 0.0275822 0.0429375 0 0 0 0 0 0 0 0 0 0 0 0 0 0 0 0 0 0 0 0 0 0 0 0 0 0 0 0 0 0 0 0 0 0 0 0 0 0 0 0 0 0 0 0 0 0 0 0 0 0 0
0 0.534155 0.29707 0.0481221 0.0522656 0 0 0 0 0 0 0 0 0 0 0 0 0 0 0 0 0 0 0 0 0 0 0 0 0 0 0 0 0 0 0 0 0 0 0 0 0 0 0 0 0 0 0 0 0 0 0 0 0 0 0
0 0.576291 0.466406 0.575117 0.595313 0 0 0 0 0 0 0 0 0 0 0 0 0 0 0 0 0 0 0 0 0 0 0 0 0 0 0 0 0 0 0 0 0 0 0 0 0 0 0 0 0 0 0 0 0 0 0 0 0 0 0
