0 0.894039 0.344885 0.136734 0.227646 0 0 0 0 0 0 0 0 0 0.853125 0.3 2 0 0 0 0.857812 0.370833 2 0.928125 0.3625 2 0 0 0 0 0 0 0 0 0 0 0 0 0 0 0 0 0 0 0 0 0 0 0 0 0 0 0 0 0 0
0 0.157586 0.716854 0.311797 0.543833 0.3 0.616666 2 0 0 0 0.278125 0.59375 2 0 0 0 0.209375 0.610416 2 0.073437 0.683333 2 0.210937 0.822916 2 0 0 0 0 0 0 0.3125 0.945833 1 0.354687 0.985416 1 0 0 0 0 0 0 0 0 0 0 0 0 0 0 0 0 0 0
0 0.846281 0.726354 0.307437 0.527042 0.86875 0.652083 1 0.878125 0.633333 2 0 0 0 0.9375 0.647916 2 0 0 0 0.935937 0.914583 2 0 0 0 0 0 0 0 0 0 0.7375 0.96875 2 0.895312 0.8625 2 0 0 0 0 0 0 0 0 0 0 0 0 0 0 0 0 0 0
0 0.560086 0.148625 0.104672 0.185375 0.51875 0.110416 2 0.525 0.104166 2 0 0 0 0.55 0.102083 2 0 0 0 0.567187 0.152083 2 0.526562 0.1375 2 0.595312 0.216666 1 0 0 0 0.546875 0.247916 1 0 0 0 0.553125 0.2625 1 0.517187 0.247916 1 0 0 0 0 0 0 0 0 0 0 0 0
0 0.369937 0.288771 0.126406 0.271917 0.38125 0.191666 2 0 0 0 0.375 0.185416 2 0 0 0 0.351562 0.19375 2 0.403125 0.245833 2 0.326562 0.245833 2 0.421875 0.322916 2 0.307812 0.327083 2 0.3875 0.3 2 0.329687 0.277083 2 0.3875 0.35625 1 0.339062 0.35625 1 0 0 0 0 0 0 0 0 0 0 0 0
0 0.462297 0.628156 0.281406 0.741271 0.5 0.383333 2 0.512499 0.35625 2 0.484375 0.358333 2 0 0 0 0.453125 0.352083 2 0.559375 0.433333 2 0.425 0.410416 2 0.571875 0.616666 2 0.40625 0.5875 2 0.540625 0.533333 2 0.45 0.5 2 0.521875 0.652083 2 0.43125 0.6375 2 0.467187 0.827083 2 0.348437 0.645833 2 0 0 0 0.534375 0.779166 2
0 0.686578 0.3685 0.139469 0.338167 0.648437 0.254166 2 0.65 0.247916 2 0 0 0 0.671875 0.260416 2 0 0 0 0.709375 0.314583 2 0.676562 0.302083 1 0.6875 0.4125 2 0 0 0 0.651562 0.358333 2 0 0 0 0.721875 0.466666 2 0.698437 0.452083 2 0.635937 0.491666 1 0 0 0 0.632812 0.65 1 0.6 0.610416 1
0 0.792977 0.623594 0.308422 0.680896 0.771875 0.41875 2 0.7875 0.391666 2 0.757812 0.391666 2 0.84375 0.38125 2 0 0 0 0.907812 0.45 2 0.757812 0.43125 2 0.851562 0.697916 2 0.720312 0.639583 2 0.807812 0.535416 2 0.7375 0.527083 2 0.826562 0.69375 2 0.7625 0.6625 2 0.846875 0.9125 2 0.679687 0.877083 2 0 0 0 0 0 0
0 0.620531 0.289156 0.108875 0.206437 0.565625 0.241666 1 0.571875 0.2375 2 0 0 0 0.598437 0.254166 2 0 0 0 0.660937 0.308333 2 0.596875 0.285416 1 0 0 0 0 0 0 0 0 0 0 0 0 0 0 0 0 0 0 0 0 0 0 0 0 0 0 0 0 0 0
0 0.226445 0.308646 0.106391 0.279958 0.239062 0.222916 2 0.242187 0.208333 2 0.229687 0.2125 2 0 0 0 0.210937 0.210416 2 0.25 0.239583 2 0.195312 0.254166 2 0.273437 0.3125 2 0.190625 0.327083 2 0.251562 0.270833 2 0.2125 0.36875 2 0.245312 0.339583 2 0.215625 0.34375 2 0.28125 0.397916 1 0.20625 0.416666 2 0 0 0 0 0 0
0 0.505641 0.225156 0.0680625 0.0956458 0.478125 0.2375 2 0.4875 0.227083 2 0.476562 0.225 2 0.509375 0.222916 2 0 0 0 0.5375 0.266666 1 0.467187 0.252083 1 0 0 0 0.448437 0.3125 1 0 0 0 0 0 0 0 0 0 0 0 0 0 0 0 0 0 0 0 0 0 0 0 0
0 0.0684844 0.363406 0.132156 0.301396 0.104687 0.26875 2 0 0 0 0.101562 0.260416 2 0 0 0 0.075 0.266666 2 0 0 0 0.040625 0.327083 2 0 0 0 0.05625 0.435416 2 0 0 0 0.104687 0.377083 2 0 0 0 0.028125 0.48125 2 0 0 0 0.120312 0.479166 1 0 0 0 0 0 0
0 0.0512813 0.25099 0.0996563 0.205104 0.095312 0.2 2 0.09375 0.189583 2 0.085937 0.189583 2 0 0 0 0.0625 0.195833 2 0.079687 0.252083 1 0.010937 0.2625 2 0.08125 0.345833 1 0.009375 0.358333 1 0 0 0 0 0 0 0.073437 0.3875 1 0.034375 0.402083 1 0 0 0 0 0 0 0 0 0 0 0 0
0 0.338281 0.617708 0.676562 0.760417 0 0 0 0 0 0 0 0 0 0 0 0 0 0 0 0 0 0 0 0 0 0 0 0 0 0 0 0 0 0 0 0 0 0 0 0 0 0 0 0 0 0 0 0 0 0 0 0 0 0 0
