0 0.847758 0.492135 0.158422 0.395521 0.878125 0.339583 2 0.885937 0.33125 2 0.870312 0.33125 2 0 0 0 0.859375 0.339583 2 0.915625 0.379166 2 0.835937 0.375 2 0.9375 0.466666 1 0.809375 0.454166 2 0.898437 0.408333 2 0.842187 0.43125 2 0.86875 0.495833 2 0.835937 0.485416 2 0.80625 0.525 2 0.814062 0.48125 2 0.784375 0.658333 2 0.803125 0.604166 2
0 0.681844 0.449698 0.18975 0.370979 0.685937 0.31875 2 0.695312 0.30625 2 0.68125 0.30625 2 0.715625 0.3125 2 0 0 0 0.748437 0.3625 2 0.664062 0.366666 2 0.759375 0.4625 2 0.635937 0.4625 2 0.7125 0.48125 2 0.632812 0.39375 2 0.710937 0.495833 2 0.675 0.497916 1 0.670312 0.5375 1 0.596875 0.502083 2 0.6375 0.629166 1 0.617187 0.625 1
0 0.553672 0.440812 0.12775 0.281458 0.560937 0.345833 2 0.56875 0.339583 2 0.559375 0.3375 2 0.5875 0.34375 2 0 0 0 0.598437 0.397916 2 0.545312 0.39375 2 0.590625 0.464583 2 0.523437 0.454166 2 0.54375 0.45625 2 0.5375 0.385416 2 0.567187 0.520833 1 0.521875 0.508333 2 0 0 0 0 0 0 0 0 0 0 0 0
0 0.473875 0.415375 0.118687 0.25375 0.46875 0.327083 2 0.476562 0.31875 2 0.465625 0.31875 2 0 0 0 0 0 0 0.520312 0.385416 2 0.451562 0.366666 2 0.49375 0.4375 2 0.421875 0.427083 2 0 0 0 0.442187 0.404166 2 0.479687 0.472916 2 0.445312 0.464583 2 0 0 0 0 0 0 0 0 0 0 0 0
0 0.246586 0.424281 0.130953 0.262813 0.215625 0.333333 2 0.223437 0.325 2 0.210937 0.327083 2 0.240625 0.329166 2 0 0 0 0.271875 0.385416 2 0.196875 0.39375 2 0.298437 0.45625 2 0.195312 0.4625 2 0.265625 0.464583 2 0.234375 0.454166 2 0.273437 0.50625 1 0.220312 0.512499 2 0 0 0 0 0 0 0 0 0 0 0 0
0 0.375 0.40749 0.116281 0.204479 0.370312 0.347916 2 0.376562 0.341666 2 0.365625 0.339583 1 0.39375 0.347916 2 0 0 0 0.4125 0.397916 2 0.353125 0.389583 2 0.428125 0.466666 2 0.317187 0.441666 1 0.396875 0.472916 2 0.35625 0.452083 2 0.395312 0.4875 1 0.34375 0.483333 2 0 0 0 0 0 0 0 0 0 0 0 0
0 0.153562 0.50224 0.143063 0.406062 0.13125 0.341666 2 0.134375 0.335416 2 0.121875 0.3375 2 0.14375 0.339583 2 0.110937 0.347916 2 0.159375 0.397916 2 0.095312 0.408333 2 0.175 0.45625 2 0.109375 0.479166 1 0.182812 0.504166 2 0.18125 0.5 2 0.164062 0.50625 2 0.123437 0.512499 2 0.170312 0.539583 2 0.176562 0.495833 2 0.184375 0.658333 2 0.217187 0.622916 2
0 0.266047 0.855865 0.532094 0.268021 0 0 0 0 0 0 0 0 0 0 0 0 0 0 0 0 0 0 0 0 0 0.09375 0.91875 2 0 0 0 0.207812 0.958333 2 0 0 0 0 0 0 0 0 0 0.33125 0.985416 2 0.30625 0.8375 2 0 0 0 0.40625 0.989583 1
0 0.235109 0.760677 0.470219 0.438188 0 0 0 0 0 0 0 0 0 0 0 0 0 0 0 0 0 0 0 0 0 0 0 0 0 0 0 0 0 0 0 0 0 0.117187 0.741666 2 0.115625 0.829166 2 0.329687 0.70625 2 0.43125 0.833333 2 0 0 0 0 0 0
0 0.895734 0.55274 0.208531 0.354229 0.878125 0.3375 1 0.884375 0.329166 1 0.871875 0.33125 1 0 0 0 0.857812 0.3375 1 0.90625 0.385416 1 0.835937 0.383333 1 0.928125 0.452083 1 0.810937 0.452083 1 0.896875 0.404166 1 0.839062 0.429166 1 0.86875 0.497916 1 0.834375 0.483333 1 0.80625 0.522916 1 0.809375 0.489583 1 0 0 0 0.803125 0.602083 1
