0 0.553578 0.3191 0.319844 0.498868 0.45625 0.224489 2 0.467187 0.200371 2 0 0 0 0.496875 0.176252 2 0 0 0 0.582812 0.25974 2 0.482812 0.237476 2 0.61875 0.404452 2 0.510937 0.32653 2 0.529687 0.48423 2 0.521875 0.397031 2 0.635937 0.387755 2 0.579687 0.378478 2 0.665625 0.601113 1 0 0 0 0 0 0 0 0 0
0 0.289805 0.120798 0.0711719 0.235733 0 0 0 0 0 0 0 0 0 0.282812 0.024118 2 0.29375 0.020408 2 0.26875 0.050092 2 0.298437 0.044526 2 0.264062 0.087198 2 0.31875 0.083487 2 0 0 0 0 0 0 0.28125 0.124304 2 0.304687 0.122448 2 0.2875 0.168831 1 0.315625 0.166975 2 0 0 0 0.304687 0.211502 2
0 0.135734 0.144833 0.0707187 0.224768 0 0 0 0 0 0 0 0 0 0.109375 0.055658 2 0 0 0 0.121875 0.072356 2 0.132812 0.072356 2 0.128124 0.111317 2 0 0 0 0.1125 0.109461 2 0 0 0 0.128124 0.142857 2 0.139062 0.139146 2 0.129687 0.194805 1 0.140625 0.194805 2 0 0 0 0 0 0
0 0.878094 0.143442 0.0665313 0.196716 0.860937 0.063079 2 0.865625 0.061224 2 0.859375 0.061224 2 0.875 0.059369 2 0 0 0 0.882812 0.076066 2 0.854687 0.081632 2 0.890625 0.109461 2 0.85625 0.109461 2 0.89375 0.135435 2 0.851562 0.107606 2 0.882812 0.141001 2 0.865625 0.141001 2 0.8875 0.183673 2 0.865625 0.183673 2 0.896875 0.218923 2 0.860937 0.220779 2
0 0.843086 0.123386 0.0300156 0.211818 0.8375 0.038961 2 0.840625 0.037105 2 0.834375 0.03525 2 0.845312 0.037105 2 0 0 0 0.85625 0.055658 2 0.829687 0.057513 1 0 0 0 0 0 0 0 0 0 0 0 0 0.85 0.113172 2 0.834375 0.115027 1 0.840625 0.16141 2 0.839062 0.159554 2 0.834375 0.205936 2 0.845312 0.207792 2
0 0.710539 0.0917532 0.0714531 0.130297 0.723437 0.057513 2 0 0 0 0 0 0 0.710937 0.044526 2 0.71875 0.051948 2 0.698437 0.059369 2 0.703125 0.063079 2 0 0 0 0.715625 0.092764 2 0 0 0 0.732812 0.111317 2 0.684375 0.122448 2 0.6875 0.126159 2 0.682812 0.176252 1 0.689062 0.178107 1 0 0 0 0 0 0
0 0.543711 0.10256 0.0427031 0.112245 0 0 0 0 0 0 0 0 0 0 0 0 0 0 0 0 0 0 0 0 0 0 0 0 0 0 0 0 0 0 0 0 0 0 0 0 0 0 0 0 0 0 0 0 0 0 0 0 0 0 0
0 0.0818594 0.156781 0.0792812 0.220872 0 0 0 0 0 0 0 0 0 0.057812 0.068645 2 0 0 0 0.064062 0.087198 2 0.0875 0.089053 2 0.05625 0.118738 2 0 0 0 0.046875 0.111317 2 0 0 0 0.071875 0.159554 2 0.092187 0.159554 2 0.064062 0.192949 2 0.1 0.200371 2 0.064062 0.250463 2 0.115625 0.252319 2
0 0.818414 0.125167 0.0394844 0.193896 0.80625 0.055658 2 0.80625 0.051948 2 0 0 0 0 0 0 0 0 0 0.814062 0.0705 2 0.828125 0.06679 2 0.809375 0.103896 2 0 0 0 0.804687 0.126159 2 0 0 0 0.817187 0.115027 2 0.826562 0.115027 2 0 0 0 0.823437 0.16141 2 0 0 0 0.821875 0.202226 1
0 0.250695 0.112032 0.0348594 0.0394991 0 0 0 0 0 0 0 0 0 0 0 0 0 0 0 0 0 0 0 0 0 0 0 0 0 0 0 0 0 0 0 0 0 0 0 0 0 0 0 0 0 0 0 0 0 0 0 0 0 0 0
0 0.777523 0.0693043 0.0622344 0.0767161 0 0 0 0 0 0 0 0 0 0 0 0 0 0 0 0 0 0 0 0 0 0 0 0 0 0 0 0 0 0 0 0 0 0 0 0 0 0 0 0 0 0 0 0 0 0 0 0 0 0 0
0 0.394859 0.187226 0.0749688 0.356085 0.420312 0.051948 2 0 0 0 0.415625 0.048237 2 0 0 0 0.401562 0.050092 2 0.373437 0.077922 1 0.4 0.087198 2 0.3625 0.12987 1 0.409375 0.141001 2 0 0 0 0 0 0 0.376562 0.185528 1 0.398437 0.185528 2 0.40625 0.25974 2 0.390625 0.26345 2 0.426562 0.32653 1 0.371875 0.343228 2
