0 0.0252578 0.56222 0.0375156 0.0980841 0 0 0 0 0 0 0 0 0 0 0 0 0 0 0 0 0 0 0 0 0 0 0 0 0 0 0 0 0 0 0 0 0 0 0 0 0 0 0 0 0 0 0 0 0 0 0 0 0 0 0
0 0.0950312 0.592442 0.0510312 0.137921 0.085937 0.546728 2 0.089062 0.544392 2 0.082812 0.544392 2 0.098437 0.544392 2 0 0 0 0.107812 0.577102 2 0.08125 0.574766 2 0.114062 0.619158 2 0.076562 0.616822 2 0.1125 0.661214 1 0.071875 0.656542 2 0.101562 0.654205 2 0.08125 0.654205 1 0 0 0 0 0 0 0 0 0 0 0 0
0 0.560914 0.58215 0.0365469 0.0923364 0 0 0 0 0 0 0 0 0 0 0 0 0 0 0 0 0 0 0 0 0 0 0 0 0 0 0 0 0 0 0 0 0 0 0 0 0 0 0 0 0 0 0 0 0 0 0 0 0 0 0
0 0.461414 0.563551 0.0288594 0.133318 0 0 0 0 0 0 0 0 0 0 0 0 0 0 0 0 0 0 0 0 0 0 0 0 0 0 0 0 0 0 0 0 0 0 0 0 0 0 0 0 0 0 0 0 0 0 0 0 0 0 0
0 0.704484 0.593423 0.0163438 0.056472 0 0 0 0 0 0 0 0 0 0 0 0 0 0 0 0 0 0 0 0 0 0 0 0 0 0 0 0 0 0 0 0 0 0 0 0 0 0 0 0 0 0 0 0 0 0 0 0 0 0 0
0 0.886063 0.573411 0.0459062 0.0824766 0 0 0 0 0 0 0 0 0 0 0 0 0 0 0 0 0 0 0 0 0 0 0 0 0 0 0 0 0 0 0 0 0 0 0 0 0 0 0 0 0 0 0 0 0 0 0 0 0 0 0
0 0.85575 0.561495 0.0216562 0.0328505 0 0 0 0 0 0 0 0 0 0 0 0 0 0 0 0 0 0 0 0 0 0 0 0 0 0 0 0 0 0 0 0 0 0 0 0 0 0 0 0 0 0 0 0 0 0 0 0 0 0 0
0 0.94368 0.578902 0.0232969 0.121636 0 0 0 0 0 0 0 0 0 0 0 0 0 0 0 0 0 0 0 0 0 0 0 0 0 0 0 0 0 0 0 0 0 0 0 0 0 0 0 0 0 0 0 0 0 0 0 0 0 0 0
0 0.0571719 0.570315 0.0349687 0.0961449 0 0 0 0 0 0 0 0 0 0 0 0 0 0 0 0 0 0 0 0 0 0 0 0 0 0 0 0 0 0 0 0 0 0 0 0 0 0 0 0 0 0 0 0 0 0 0 0 0 0 0
0 0.591172 0.594498 0.0368437 0.126799 0 0 0 0 0 0 0 0 0 0 0 0 0 0 0 0 0 0 0 0 0 0 0 0 0 0 0 0 0 0 0 0 0 0 0 0 0 0 0 0 0 0 0 0 0 0 0 0 0 0 0
0 0.0140625 0.710315 0.028125 0.321332 0 0 0 0 0 0 0 0 0 0.004687 0.593457 2 0 0 0 0.0125 0.658878 2 0 0 0 0.03125 0.747663 1 0 0 0 0.014062 0.794392 2 0 0 0 0.001562 0.866822 1 0 0 0 0 0 0 0 0 0 0 0 0 0 0 0
0 0.748172 0.581612 0.0112187 0.00906542 0 0 0 0 0 0 0 0 0 0 0 0 0 0 0 0 0 0 0 0 0 0 0 0 0 0 0 0 0 0 0 0 0 0 0 0 0 0 0 0 0 0 0 0 0 0 0 0 0 0 0
0 0.107305 0.475935 0.0410781 0.13486 0.103125 0.471962 2 0.109375 0.455607 2 0.1 0.455607 2 0 0 0 0 0 0 0 0 0 0 0 0 0 0 0 0 0 0 0.110937 0.521028 2 0 0 0 0 0 0 0 0 0 0 0 0 0 0 0 0 0 0 0 0 0
