0 0.491727 0.447518 0.281641 0.309274 0 0 0 0 0 0 0 0 0 0 0 0 0.478125 0.327868 2 0.417187 0.348946 2 0.439062 0.409836 2 0.428125 0.412177 2 0.464062 0.484777 2 0.485937 0.419203 2 0.50625 0.442622 2 0.429687 0.496487 2 0.448437 0.557377 2 0.534375 0.494145 2 0.539062 0.461358 2 0.567187 0.583138 2 0.58125 0.508196 2
0 0.207086 0.129239 0.230422 0.237026 0 0 0 0 0 0 0 0 0 0 0 0 0 0 0 0.13125 0.035128 2 0.121875 0.072599 2 0.164062 0.058548 2 0.170312 0.124121 2 0.198437 0.103044 2 0.185937 0.077283 2 0.179687 0.11007 2 0.170312 0.152224 2 0.251562 0.093676 2 0.24375 0.128805 2 0.282812 0.206088 2 0.264062 0.210772 2
0 0.211977 0.657424 0.335547 0.389508 0.135937 0.536299 2 0 0 0 0.13125 0.529274 2 0 0 0 0.101562 0.543325 2 0.089062 0.519906 2 0.076562 0.64637 2 0.125 0.594847 2 0.120312 0.749414 2 0.190625 0.606557 2 0.1875 0.662763 2 0.1625 0.625292 2 0.159375 0.740046 2 0.267187 0.625292 2 0.270312 0.662763 2 0.309375 0.803278 2 0.292187 0.800936 2
0 0.748109 0.428349 0.209844 0.387096 0 0 0 0 0 0 0 0 0 0.7125 0.255269 2 0.723437 0.302107 2 0.685937 0.285714 2 0.703125 0.379391 2 0 0 0 0.728125 0.473067 2 0 0 0 0.75 0.423887 2 0.723437 0.377049 2 0.740625 0.466042 2 0 0 0 0.825 0.461358 1 0 0 0 0.817187 0.569086 2
0 0.191523 0.483279 0.264828 0.408946 0.154687 0.344262 2 0 0 0 0.146875 0.346604 2 0 0 0 0.114062 0.360655 2 0.114062 0.362997 2 0.110937 0.466042 1 0.173437 0.405152 2 0.159375 0.536299 2 0.21875 0.442622 2 0.228125 0.498829 2 0.185937 0.461358 2 0.179687 0.529274 2 0.289062 0.449648 2 0.285937 0.536299 2 0.282812 0.58548 2 0.285937 0.669789 1
0 0.173594 0.924169 0.288313 0.151663 0 0 0 0 0 0 0 0 0 0 0 0 0.075 0.953161 2 0.085937 0.887587 2 0 0 0 0.140625 0.925058 2 0 0 0 0.215625 0.957845 2 0 0 0 0.179687 0.981264 2 0 0 0 0.276562 0.87822 2 0 0 0 0 0 0 0 0 0
0 0.0533047 0.104005 0.106609 0.208009 0 0 0 0 0 0 0 0 0 0 0 0 0 0 0 0 0 0 0 0 0 0 0 0 0 0 0 0 0 0 0 0.023419 1 0 0 0 0 0 0 0.076562 0.002341 1 0.082812 0.039812 2 0 0 0 0.090625 0.17096 2
0 0.874523 0.849625 0.225672 0.300749 0 0 0 0 0 0 0 0 0 0.8875 0.740046 2 0.917187 0.800936 2 0.839062 0.765807 2 0.889062 0.885245 2 0.871875 0.81733 2 0.9 0.969555 2 0.9375 0.826697 1 0.93125 0.903981 2 0.789062 0.906323 2 0.83125 0.997658 2 0.915625 0.852459 1 0.964062 0.981264 2 0.921875 0.911007 2 0 0 0
0 0.478414 0.213138 0.154672 0.177049 0.51875 0.182669 2 0 0 0 0.51875 0.173302 2 0 0 0 0.501562 0.187353 2 0.454687 0.177985 1 0.476562 0.257611 2 0.485937 0.255269 2 0.482812 0.299765 1 0.5375 0.248243 2 0.542187 0.283372 1 0.41875 0.274004 2 0.43125 0.316159 1 0.512499 0.259953 2 0.53125 0.297423 1 0 0 0 0 0 0
0 0.233977 0.104567 0.191922 0.209133 0 0 0 0 0 0 0 0 0 0 0 0 0 0 0 0.13125 0.021077 1 0.139062 0.074941 1 0.164062 0.053864 1 0.170312 0.126463 1 0.195312 0.100702 1 0.189062 0.072599 1 0.167187 0.096018 1 0.178125 0.152224 1 0.25 0.088992 1 0.25 0.121779 1 0.282812 0.215456 1 0.273437 0.224824 1
0 0.466148 0.136253 0.184547 0.251897 0.539062 0.091334 2 0 0 0 0.5375 0.086651 2 0 0 0 0.517187 0.077283 2 0.478125 0.030444 2 0.478125 0.124121 1 0 0 0 0.490625 0.213114 1 0 0 0 0.540625 0.192037 1 0.4 0.185011 2 0.4 0.243559 2 0.521875 0.145199 1 0.525 0.229508 1 0 0 0 0 0 0
