0 0.9138 0.49575 0.172399 0.59375 0.904988 0.259375 2 0.907363 0.246875 2 0 0 0 0.938242 0.248437 2 0 0 0 0.909738 0.3 2 0 0 0 0.84798 0.403125 2 0 0 0 0.833729 0.475 2 0 0 0 0.914489 0.4375 2 0.997624 0.435937 1 0.897862 0.603125 2 0.983372 0.610937 2 0.88361 0.740625 2 0.959619 0.754687 2
0 0.808895 0.494172 0.168052 0.503656 0.855106 0.289062 2 0.866983 0.28125 2 0.838479 0.282812 2 0 0 0 0.809976 0.276562 2 0.890736 0.31875 1 0.809976 0.320312 2 0 0 0 0.769596 0.407812 2 0 0 0 0.826603 0.495312 2 0 0 0 0.821852 0.467187 2 0 0 0 0.824228 0.595312 2 0 0 0 0.826603 0.70625 2
0 0.72215 0.488906 0.136366 0.467625 0.764845 0.30625 2 0.760095 0.296875 2 0.750593 0.3 2 0 0 0 0.710213 0.303125 2 0 0 0 0 0 0 0 0 0 0 0 0 0 0 0 0 0 0 0 0 0 0 0 0 0 0 0 0 0 0 0 0 0 0 0 0
0 0.516888 0.557883 0.28038 0.773547 0.570071 0.229687 2 0 0 0 0.553444 0.220312 2 0 0 0 0.498812 0.235937 2 0.570071 0.31875 2 0.413301 0.323437 2 0.617577 0.432812 2 0.453681 0.439062 2 0.477434 0.434375 2 0.517814 0.373437 2 0.591448 0.560937 2 0.441805 0.567187 2 0.598574 0.728125 2 0.448931 0.7125 2 0.548693 0.88125 2 0.456057 0.895312 2
0 0.0830166 0.507328 0.166033 0.5615 0 0 0 0 0 0 0 0 0 0 0 0 0.066508 0.267187 2 0 0 0 0.092636 0.329687 2 0 0 0 0.106888 0.43125 2 0 0 0 0.12114 0.510937 2 0 0 0 0.054631 0.467187 2 0 0 0 0.092636 0.632812 2 0 0 0 0.099762 0.75 2
0 0.177732 0.43868 0.142162 0.422172 0 0 0 0.128266 0.267187 2 0 0 0 0.156769 0.265625 2 0 0 0 0.171021 0.309375 2 0 0 0 0 0 0 0 0 0 0 0 0 0 0 0 0 0 0 0 0 0 0 0 0 0 0 0 0 0 0 0 0 0
0 0.13943 0.130242 0.0825653 0.0930156 0 0 0 0 0 0 0 0 0 0 0 0 0 0 0 0 0 0 0 0 0 0 0 0 0 0 0 0 0 0 0 0 0 0 0 0 0 0 0 0 0 0 0 0 0 0 0 0 0 0 0
0 0.656948 0.490766 0.14867 0.559125 0.643705 0.257812 2 0.648456 0.24375 2 0.622327 0.242187 2 0 0 0 0.591448 0.246875 2 0.676959 0.325 2 0.562945 0.33125 1 0.68171 0.420312 2 0 0 0 0.700712 0.364062 2 0 0 0 0.672209 0.485937 2 0.577197 0.485937 1 0.679334 0.58125 2 0.596199 0.590625 1 0.631828 0.709375 1 0.598574 0.715625 1
0 0.348064 0.641273 0.0465796 0.165641 0 0 0 0 0 0 0 0 0 0 0 0 0 0 0 0 0 0 0 0 0 0 0 0 0 0 0 0 0 0 0 0 0 0 0 0 0 0 0 0.365795 0.590625 1 0 0 0 0.358669 0.698437 2 0 0 0
0 0.586211 0.271367 0.0452969 0.0598281 0 0 0 0 0 0 0 0 0 0 0 0 0 0 0 0 0 0 0 0 0 0 0 0 0 0 0 0 0 0 0 0 0 0 0 0 0 0 0 0 0 0 0 0 0 0 0 0 0 0 0
0 0.836948 0.132844 0.0752257 0.0824688 0 0 0 0 0 0 0 0 0 0 0 0 0 0 0 0 0 0 0 0 0 0 0 0 0 0 0 0 0 0 0 0 0 0 0 0 0 0 0 0 0 0 0 0 0 0 0 0 0 0 0
0 0.730677 0.218984 0.0707601 0.0688125 0 0 0 0 0 0 0 0 0 0 0 0 0 0 0 0 0 0 0 0 0 0 0 0 0 0 0 0 0 0 0 0 0 0 0 0 0 0 0 0 0 0 0 0 0 0 0 0 0 0 0
0 0.276057 0.553672 0.258575 0.475906 0 0 0 0 0 0 0 0 0 0 0 0 0 0 0 0.232779 0.3375 2 0.351543 0.329687 2 0.190023 0.44375 2 0 0 0 0.239904 0.503125 2 0 0 0 0.28266 0.49375 2 0.377672 0.49375 2 0.292161 0.639062 2 0.408551 0.625 1 0.292161 0.760937 2 0.4038 0.74375 2
0 0.482185 0.389844 0.95962 0.779687 0 0 0 0 0 0 0 0 0 0 0 0 0 0 0 0 0 0 0 0 0 0 0 0 0 0 0 0 0 0 0 0 0 0 0 0 0 0 0 0 0 0 0 0 0 0 0 0 0 0 0
