0 0.698844 0.955469 0.0498958 0.0890625 0 0 0 0 0 0 0 0 0 0 0 0 0 0 0 0 0 0 0 0 0 0 0 0 0 0 0 0 0 0 0 0 0 0 0 0 0 0 0 0 0 0 0 0 0 0 0 0 0 0 0
0 0.897948 0.772602 0.0286875 0.0381406 0 0 0 0 0 0 0 0 0 0 0 0 0 0 0 0 0 0 0 0 0 0 0 0 0 0 0 0 0 0 0 0 0 0 0 0 0 0 0 0 0 0 0 0 0 0 0 0 0 0 0
0 0.555687 0.823687 0.0576667 0.04625 0 0 0 0 0 0 0 0 0 0 0 0 0 0 0 0 0 0 0 0 0 0 0 0 0 0 0 0 0 0 0 0 0 0 0 0 0 0 0 0 0 0 0 0 0 0 0 0 0 0 0
0 0.393281 0.865437 0.0595208 0.0998437 0 0 0 0 0 0 0 0 0 0 0 0 0 0 0 0 0 0 0 0 0 0 0 0 0 0 0 0 0 0 0 0 0 0 0 0 0 0 0 0 0 0 0 0 0 0 0 0 0 0 0
0 0.0470104 0.899211 0.0653958 0.110359 0.041666 0.85625 2 0.04375 0.853125 2 0 0 0 0.05625 0.854687 2 0 0 0 0.066666 0.867187 2 0.041666 0.865625 2 0.06875 0.8875 2 0.033333 0.882812 2 0.045833 0.896875 2 0.033333 0.895312 2 0.060416 0.895312 2 0.039583 0.895312 2 0.041666 0.909375 2 0.020833 0.907812 2 0.047916 0.9375 2 0.029166 0.939062 2
0 0.7225 0.951773 0.0551667 0.0964531 0 0 0 0 0 0 0 0 0 0 0 0 0 0 0 0 0 0 0 0 0 0 0 0 0 0 0 0 0 0 0 0 0 0 0 0 0 0 0 0 0 0 0 0 0 0 0 0 0 0 0
0 0.369365 0.871398 0.0946458 0.0954531 0 0 0 0 0 0 0 0 0 0 0 0 0 0 0 0 0 0 0 0 0 0 0 0 0 0 0 0 0 0 0 0 0 0 0 0 0 0 0 0 0 0 0 0 0 0 0 0 0 0 0
0 0.23925 0.902805 0.0962917 0.108328 0 0 0 0 0 0 0.2375 0.859375 2 0 0 0 0.23125 0.859375 2 0.225 0.8625 2 0.216666 0.867187 2 0 0 0 0.229166 0.882812 2 0 0 0 0.23125 0.86875 2 0.23125 0.890625 2 0.216666 0.895312 2 0.256249 0.901562 2 0.247916 0.909375 2 0.260416 0.93125 2 0.25 0.940625 2
0 0.0284479 0.772555 0.0403542 0.0291719 0 0 0 0 0 0 0 0 0 0 0 0 0 0 0 0 0 0 0 0 0 0 0 0 0 0 0 0 0 0 0 0 0 0 0 0 0 0 0 0 0 0 0 0 0 0 0 0 0 0 0
0 0.158104 0.763758 0.039125 0.0342344 0 0 0 0 0 0 0 0 0 0 0 0 0 0 0 0 0 0 0 0 0 0 0 0 0 0 0 0 0 0 0 0 0 0 0 0 0 0 0 0 0 0 0 0 0 0 0 0 0 0 0
0 0.10674 0.770914 0.0264792 0.0311094 0 0 0 0 0 0 0 0 0 0 0 0 0 0 0 0 0 0 0 0 0 0 0 0 0 0 0 0 0 0 0 0 0 0 0 0 0 0 0 0 0 0 0 0 0 0 0 0 0 0 0
0 0.576604 0.761359 0.0195417 0.0305 0 0 0 0 0 0 0 0 0 0 0 0 0 0 0 0 0 0 0 0 0 0 0 0 0 0 0 0 0 0 0 0 0 0 0 0 0 0 0 0 0 0 0 0 0 0 0 0 0 0 0
0 0.0766667 0.771453 0.0283333 0.03625 0 0 0 0 0 0 0 0 0 0 0 0 0 0 0 0 0 0 0 0 0 0 0 0 0 0 0 0 0 0 0 0 0 0 0 0 0 0 0 0 0 0 0 0 0 0 0 0 0 0 0
0 0.271875 0.746875 0.45625 0.08125 0 0 0 0 0 0 0 0 0 0 0 0 0 0 0 0 0 0 0 0 0 0 0 0 0 0 0 0 0 0 0 0 0 0 0 0 0 0 0 0 0 0 0 0 0 0 0 0 0 0 0
