0 0.697891 0.754842 0.026 0.0402262 0 0 0 0 0 0 0 0 0 0 0 0 0 0 0 0 0 0 0 0 0 0 0 0 0 0 0 0 0 0 0 0 0 0 0 0 0 0 0 0 0 0 0 0 0 0 0 0 0 0 0
0 0.751781 0.671222 0.013875 0.0497285 0 0 0 0 0 0 0 0 0 0 0 0 0 0 0 0 0 0 0 0 0 0 0 0 0 0 0 0 0 0 0 0 0 0 0 0 0 0 0 0 0 0 0 0 0 0 0 0 0 0 0
0 0.223461 0.653043 0.0641719 0.32767 0 0 0 0 0 0 0 0 0 0 0 0 0 0 0 0.204687 0.554298 2 0.239062 0.552036 2 0 0 0 0.226562 0.59276 2 0 0 0 0.21875 0.631221 2 0.210937 0.626696 2 0.225 0.628959 2 0.242187 0.696832 2 0.228125 0.705882 2 0.235937 0.785067 2 0.209375 0.791855 2
0 0.64393 0.833269 0.0249219 0.055543 0 0 0 0 0 0 0 0 0 0 0 0 0 0 0 0 0 0 0 0 0 0 0 0 0 0 0 0 0 0 0 0 0 0 0 0 0 0 0 0 0 0 0 0 0 0 0 0 0 0 0
0 0.837305 0.727104 0.0256719 0.0506335 0 0 0 0 0 0 0 0 0 0 0 0 0 0 0 0 0 0 0 0 0 0 0 0 0 0 0 0 0 0 0 0 0 0 0 0 0 0 0 0 0 0 0 0 0 0 0 0 0 0 0
0 0.931508 0.6831 0.0232656 0.0493665 0 0 0 0 0 0 0 0 0 0 0 0 0 0 0 0 0 0 0 0 0 0 0 0 0 0 0 0 0 0 0 0 0 0 0 0 0 0 0 0 0 0 0 0 0 0 0 0 0 0 0
0 0.629352 0.569434 0.00885937 0.0165611 0 0 0 0 0 0 0 0 0 0 0 0 0 0 0 0 0 0 0 0 0 0 0 0 0 0 0 0 0 0 0 0 0 0 0 0 0 0 0 0 0 0 0 0 0 0 0 0 0 0 0
0 0.157078 0.629208 0.08325 0.345023 0 0 0 0 0 0 0.175 0.49095 2 0 0 0 0 0 0 0.164062 0.518099 2 0.146875 0.520361 2 0 0 0 0.15625 0.57466 2 0 0 0 0.182812 0.561085 2 0.164062 0.613122 2 0.151562 0.613122 2 0.165625 0.69457 2 0.146875 0.696832 2 0.167187 0.77828 2 0.129687 0.77828 2
0 0.11375 0.623959 0.0525937 0.259367 0.120312 0.524886 2 0.123437 0.518099 2 0.117187 0.520361 2 0.129687 0.520361 2 0.110937 0.520361 2 0.134375 0.545248 1 0.103125 0.554298 2 0 0 0 0.092187 0.579185 2 0 0 0 0.107812 0.572398 2 0.129687 0.628959 2 0.110937 0.628959 2 0.13125 0.680995 2 0.110937 0.687782 2 0.134375 0.733031 1 0.114062 0.730769 2
0 0.281055 0.638201 0.0665156 0.298303 0.3 0.518099 2 0.303125 0.515837 2 0.295312 0.511312 2 0 0 0 0.284375 0.509049 2 0.3 0.556561 2 0.267187 0.538461 2 0 0 0 0.270312 0.588235 2 0 0 0 0.282812 0.581447 2 0.282812 0.622171 2 0.265625 0.617647 2 0.285937 0.701357 2 0.257812 0.705882 2 0.279687 0.766968 2 0.232812 0.76018 1
0 0.686898 0.673473 0.0189844 0.0604299 0 0 0 0 0 0 0 0 0 0 0 0 0 0 0 0 0 0 0 0 0 0 0 0 0 0 0 0 0 0 0 0 0 0 0 0 0 0 0 0 0 0 0 0 0 0 0 0 0 0 0
0 0.349859 0.696414 0.106875 0.321244 0 0 0 0 0 0 0 0 0 0.345312 0.518099 1 0.364062 0.524886 1 0.3375 0.558823 2 0.35 0.56561 2 0.30625 0.604072 1 0.353125 0.619909 2 0.292187 0.644796 1 0.378125 0.588235 1 0.335937 0.662895 2 0.353125 0.665158 2 0.328125 0.751131 2 0.3625 0.735294 2 0.329687 0.832579 2 0.378125 0.825791 2
0 0.496539 0.593122 0.0148594 0.0242986 0 0 0 0 0 0 0 0 0 0 0 0 0 0 0 0 0 0 0 0 0 0 0 0 0 0 0 0 0 0 0 0 0 0 0 0 0 0 0 0 0 0 0 0 0 0 0 0 0 0 0
0 0.5 0.459276 0.996875 0.800905 0 0 0 0 0 0 0 0 0 0 0 0 0 0 0 0 0 0 0 0 0 0 0 0 0 0 0 0 0 0 0 0 0 0 0 0 0 0 0 0 0 0 0 0 0 0 0 0 0 0 0
