0 0.38425 0.313939 0.131625 0.320236 0.434375 0.238207 2 0 0 0 0.428125 0.226415 2 0 0 0 0.409375 0.224056 2 0.4125 0.257075 2 0.367187 0.254716 2 0.43125 0.339622 1 0.329687 0.330188 2 0.453125 0.410377 1 0.371875 0.320754 2 0.395312 0.393867 1 0.345312 0.396226 2 0 0 0 0.385937 0.516509 1 0 0 0 0.323437 0.478773 1
0 0.439125 0.447535 0.119719 0.266816 0.442187 0.372641 2 0.440625 0.35849 2 0.43125 0.365566 2 0 0 0 0 0 0 0.440625 0.391509 2 0.403125 0.419811 2 0 0 0 0.407812 0.48349 2 0.45 0.417452 2 0.4375 0.466981 2 0.459375 0.471698 2 0.417187 0.51415 2 0.496875 0.471698 1 0.460937 0.547169 1 0 0 0 0.401562 0.551886 2
0 0.547117 0.833703 0.192047 0.305613 0 0 0 0.53125 0.783018 2 0 0 0 0.560937 0.823113 2 0 0 0 0.551562 0.879716 2 0.557812 0.832547 2 0.515625 0.95283 2 0 0 0 0.528125 0.853773 2 0.521875 0.731132 2 0 0 0 0.610937 0.962264 2 0.470312 0.962264 2 0.498437 0.884433 2 0 0 0 0 0 0
0 0.511227 0.333361 0.0820469 0.232288 0.521875 0.273584 2 0 0 0 0.517187 0.268867 2 0 0 0 0.496875 0.268867 2 0.503125 0.297169 2 0.485937 0.320754 2 0.523437 0.320754 2 0.495312 0.370283 2 0.540625 0.313679 2 0.521875 0.344339 2 0.51875 0.396226 2 0.504687 0.408018 2 0.559375 0.415094 1 0.551562 0.424528 1 0 0 0 0 0 0
0 0.769383 0.702417 0.160766 0.406769 0.751562 0.610849 2 0.764062 0.603773 2 0.746875 0.594339 2 0.792187 0.596698 2 0 0 0 0.78125 0.65566 2 0.784375 0.603773 2 0.810937 0.747641 2 0.821875 0.641509 2 0.8125 0.834905 2 0.834375 0.68632 2 0.7625 0.747641 2 0.7625 0.70283 2 0.701562 0.747641 2 0.720312 0.674528 2 0.7625 0.825471 2 0.80625 0.693396 2
0 0.699945 0.122618 0.0622344 0.244292 0.698437 0.03066 2 0.704687 0.023584 2 0.695312 0.021226 2 0.714062 0.033018 2 0.6875 0.03066 2 0.723437 0.068396 2 0.676562 0.063679 2 0.725 0.103773 2 0.673437 0.115566 2 0.7125 0.075471 2 0.692187 0.080188 2 0.704687 0.176886 2 0.682812 0.179245 2 0 0 0 0 0 0 0 0 0 0 0 0
0 0.863906 0.360743 0.173375 0.41309 0.81875 0.221698 2 0.828125 0.214622 2 0 0 0 0 0 0 0 0 0 0.860937 0.273584 2 0.8875 0.242924 2 0.840625 0.400943 2 0.890625 0.38915 2 0.796875 0.386792 2 0.829687 0.353773 2 0.90625 0.471698 2 0.93125 0.443396 2 0.789062 0.431603 2 0 0 0 0.889062 0.516509 2 0 0 0
0 0.200383 0.834575 0.220828 0.301226 0 0 0 0 0 0 0 0 0 0 0 0 0.171875 0.81132 2 0.117187 0.853773 1 0.201562 0.891509 2 0.175 0.841981 2 0.239062 0.978773 1 0.201562 0.813679 1 0.28125 0.915094 2 0 0 0 0 0 0 0 0 0 0 0 0 0 0 0 0 0 0
0 0.298758 0.61316 0.144547 0.378208 0.275 0.507075 2 0.285937 0.495283 2 0.267187 0.490566 2 0.304687 0.495283 2 0 0 0 0.323437 0.542452 2 0.251562 0.556603 2 0.329687 0.601415 2 0.276562 0.653301 2 0.342187 0.650943 2 0.278125 0.606132 2 0.298437 0.667452 2 0.264062 0.662735 2 0.357812 0.643867 2 0.25 0.63915 2 0.301562 0.724056 2 0.254687 0.778301 2
0 0.364289 0.139965 0.0740781 0.22191 0 0 0 0 0 0 0 0 0 0 0 0 0.382812 0.073113 2 0.342187 0.120283 2 0.39375 0.113207 2 0.335937 0.176886 2 0 0 0 0 0 0 0 0 0 0.348437 0.231132 1 0.389062 0.226415 1 0 0 0 0 0 0 0 0 0 0 0 0
0 0.228945 0.255153 0.130609 0.507571 0 0 0 0 0 0 0 0 0 0 0 0 0 0 0 0 0 0 0.1875 0.018867 2 0.284375 0.073113 2 0.234375 0.068396 2 0.264062 0.106132 2 0.279687 0.047169 2 0.271875 0.181603 2 0.232812 0.188679 2 0.271875 0.306603 2 0.240625 0.316037 2 0.271875 0.438679 1 0.245312 0.466981 2
0 0.146336 0.236592 0.163578 0.473184 0 0 0 0 0 0 0 0 0 0 0 0 0 0 0 0 0 0 0 0 0 0.084375 0.082547 2 0 0 0 0 0 0 0 0 0 0.1375 0.207547 2 0.178125 0.193396 2 0.148437 0.32783 2 0.192187 0.285377 2 0.173437 0.441037 2 0.2125 0.410377 2
0 0.570484 0.160955 0.106906 0.228844 0.584375 0.084905 2 0 0 0 0.578125 0.07783 2 0 0 0 0 0 0 0.553125 0.10849 2 0.576562 0.143867 2 0 0 0 0.598437 0.195754 2 0 0 0 0.6125 0.136792 2 0.553125 0.224056 2 0.576562 0.261792 1 0 0 0 0.604687 0.299528 1 0 0 0 0 0 0
0 0.5 0.441038 0.996875 0.877358 0 0 0 0 0 0 0 0 0 0 0 0 0 0 0 0 0 0 0 0 0 0 0 0 0 0 0 0 0 0 0 0 0 0 0 0 0 0 0 0 0 0 0 0 0 0 0 0 0 0 0
