0 0.277328 0.525615 0.323563 0.948771 0.33125 0.204166 2 0.3375 0.1875 2 0.317187 0.185416 2 0 0 0 0.256249 0.15 2 0.31875 0.277083 2 0.160937 0.29375 2 0.36875 0.475 2 0.184375 0.4875 2 0.401562 0.447916 2 0.33125 0.429166 2 0.342187 0.672916 2 0.223437 0.704166 2 0 0 0 0 0 0 0 0 0 0 0 0
0 0.591578 0.574156 0.20225 0.824729 0.540625 0.279166 2 0.534375 0.256249 2 0 0 0 0.560937 0.229166 2 0 0 0 0.584375 0.30625 2 0.646875 0.3 2 0.559375 0.466666 2 0.620312 0.4375 2 0.523437 0.447916 2 0.548437 0.422916 2 0.584375 0.59375 2 0.654687 0.577083 2 0.592187 0.8125 2 0.648437 0.791666 2 0.6 0.970833 2 0.654687 0.94375 2
0 0.699953 0.555927 0.172906 0.725771 0.6375 0.25 2 0.651562 0.235416 2 0 0 0 0.684375 0.2375 2 0 0 0 0.728125 0.310416 2 0.65625 0.316666 1 0.765625 0.439583 2 0 0 0 0.764062 0.54375 1 0 0 0 0.720312 0.53125 1 0.65 0.522916 1 0.720312 0.6875 2 0.65 0.679166 1 0.739062 0.8375 2 0.646875 0.825 1
0 0.807305 0.492135 0.380891 0.975271 0.8375 0.16875 2 0.876562 0.120833 2 0.817187 0.127083 2 0.967187 0.133333 2 0 0 0 0.979687 0.422916 2 0.879687 0.35625 2 0.957812 0.89375 2 0.845312 0.63125 2 0 0 0 0.709375 0.533333 2 0 0 0 0 0 0 0 0 0 0 0 0 0 0 0 0 0 0
0 0.830695 0.369448 0.0733594 0.254063 0 0 0 0 0 0 0.842187 0.2875 2 0 0 0 0.83125 0.2875 2 0.848437 0.314583 2 0.814062 0.3125 2 0.854687 0.345833 2 0.807812 0.341666 2 0.84375 0.345833 2 0.801562 0.370833 2 0.8375 0.375 2 0.821875 0.375 2 0.828125 0.427083 2 0.825 0.422916 2 0.820312 0.464583 2 0.828125 0.464583 2
0 0.754812 0.286208 0.0125938 0.0561667 0 0 0 0 0 0 0 0 0 0 0 0 0 0 0 0 0 0 0 0 0 0 0 0 0 0 0 0 0 0 0 0 0 0 0 0 0 0 0 0 0 0 0 0 0 0 0 0 0 0 0
0 0.778977 0.295375 0.0248281 0.0924583 0 0 0 0 0 0 0 0 0 0 0 0 0 0 0 0 0 0 0 0 0 0 0 0 0 0 0 0 0 0 0 0 0 0 0 0 0 0 0 0 0 0 0 0 0 0 0 0 0 0 0
0 0.47057 0.543656 0.200328 0.717938 0.515625 0.241666 2 0 0 0 0.50625 0.233333 2 0 0 0 0.470312 0.241666 2 0.5375 0.329166 2 0.425 0.322916 2 0.578125 0.40625 1 0.367187 0.402083 1 0 0 0 0 0 0 0.535937 0.541666 1 0.460937 0.55625 2 0.517187 0.7 2 0.490625 0.691666 2 0.504687 0.839583 2 0.559375 0.783333 1
0 0.807984 0.292969 0.0255937 0.0802708 0 0 0 0 0 0 0 0 0 0 0 0 0 0 0 0 0 0 0 0 0 0 0 0 0 0 0 0 0 0 0 0 0 0 0 0 0 0 0 0 0 0 0 0 0 0 0 0 0 0 0
0 0.112062 0.403687 0.0823125 0.304958 0 0 0 0 0 0 0 0 0 0 0 0 0 0 0 0.159375 0.329166 1 0.1125 0.329166 2 0 0 0 0.078125 0.379166 2 0 0 0 0.098437 0.43125 2 0.154687 0.454166 1 0.1125 0.458333 2 0.15 0.539583 1 0.11875 0.55 2 0.146875 0.6375 1 0.11875 0.64375 1
0 0.79725 0.28075 0.0129375 0.0462917 0 0 0 0 0 0 0 0 0 0 0 0 0 0 0 0 0 0 0 0 0 0 0 0 0 0 0 0 0 0 0 0 0 0 0 0 0 0 0 0 0 0 0 0 0 0 0 0 0 0 0
0 0.763539 0.286729 0.0100469 0.05325 0 0 0 0 0 0 0 0 0 0 0 0 0 0 0 0 0 0 0 0 0 0 0 0 0 0 0 0 0 0 0 0 0 0 0 0 0 0 0 0 0 0 0 0 0 0 0 0 0 0 0
