0 0.919828 0.3573 0.160344 0.310118 0.93125 0.290094 2 0.942187 0.28066 2 0.921875 0.28066 2 0.9625 0.290094 2 0.903125 0.28066 2 0.975 0.363207 2 0.871875 0.360849 2 0.99375 0.48349 2 0.839062 0.469339 1 0.940625 0.485849 2 0.895312 0.495283 1 0 0 0 0 0 0 0 0 0 0 0 0 0 0 0 0 0 0
0 0.490547 0.642689 0.418344 0.561792 0.617187 0.568396 2 0.639062 0.540094 2 0.60625 0.523584 2 0.667187 0.528301 2 0.565625 0.485849 2 0.660937 0.669811 2 0.48125 0.580188 2 0.645312 0.860849 2 0.335937 0.617924 2 0.54375 0.839622 2 0.351562 0.726415 2 0 0 0 0 0 0 0 0 0 0 0 0 0 0 0 0 0 0
0 0.867727 0.832594 0.264547 0.312358 0 0 0 0 0 0 0 0 0 0.764062 0.877358 2 0 0 0 0 0 0 0 0 0 0 0 0 0 0 0 0 0 0 0 0 0 0 0 0 0 0 0 0 0 0 0 0 0 0 0 0 0 0 0
0 0.758258 0.578019 0.199547 0.65467 0.796875 0.351415 2 0.8125 0.349056 2 0.782812 0.330188 2 0 0 0 0.760937 0.320754 2 0.821875 0.492924 2 0.742187 0.419811 2 0.770312 0.669811 2 0.695312 0.558962 2 0.6875 0.731132 1 0.65 0.658018 1 0.779687 0.792452 2 0 0 0 0 0 0 0 0 0 0 0 0 0 0 0
0 0.241383 0.465613 0.304516 0.923774 0.140625 0.051886 2 0.151562 0.016509 2 0.117187 0.03066 2 0.1875 0.004716 1 0 0 0 0.25 0.096698 2 0.126562 0.10849 2 0.382812 0.228773 2 0 0 0 0.321875 0.400943 2 0 0 0 0.2375 0.445754 2 0.15625 0.445754 2 0.1875 0.801886 2 0.145312 0.783018 2 0.309375 0.931603 1 0 0 0
0 0.0884766 0.183125 0.0202656 0.0858255 0 0 0 0 0 0 0 0 0 0 0 0 0 0 0 0 0 0 0 0 0 0 0 0 0 0 0 0 0 0 0 0 0 0 0 0 0 0 0 0 0 0 0 0 0 0 0 0 0 0 0
0 0.0708984 0.175554 0.0225781 0.0954953 0 0 0 0 0 0 0 0 0 0 0 0 0 0 0 0 0 0 0 0 0 0 0 0 0 0 0 0 0 0 0 0 0 0 0 0 0 0 0 0 0 0 0 0 0 0 0 0 0 0 0
0 0.0464063 0.185047 0.0324375 0.0766981 0 0 0 0 0 0 0 0 0 0 0 0 0 0 0 0 0 0 0 0 0 0 0 0 0 0 0 0 0 0 0 0 0 0 0 0 0 0 0 0 0 0 0 0 0 0 0 0 0 0 0
0 0.44657 0.417347 0.0647969 0.105637 0 0 0 0 0 0 0 0 0 0 0 0 0 0 0 0 0 0 0 0 0 0 0 0 0 0 0 0 0 0 0 0 0 0 0 0 0 0 0 0 0 0 0 0 0 0 0 0 0 0 0
0 0.568375 0.398738 0.129031 0.315118 0.55625 0.320754 2 0.564062 0.299528 2 0.546875 0.308962 2 0.592187 0.306603 2 0 0 0 0.61875 0.382075 2 0.539062 0.382075 1 0 0 0 0 0 0 0 0 0 0 0 0 0 0 0 0 0 0 0 0 0 0 0 0 0 0 0 0 0 0
