0 0.559602 0.367694 0.161641 0.601647 0.49375 0.225882 2 0.509375 0.195294 2 0.49375 0.195294 2 0.55 0.188235 2 0 0 0 0.625 0.298823 2 0.525 0.327058 2 0.625 0.491764 1 0 0 0 0 0 0 0 0 0 0.598437 0.677647 1 0.526562 0.651764 1 0 0 0 0 0 0 0 0 0 0 0 0
0 0.459594 0.441094 0.154031 0.392447 0.489062 0.329411 2 0.509375 0.327058 2 0.484375 0.308235 2 0.529687 0.338823 1 0 0 0 0.53125 0.383529 1 0.432812 0.390588 2 0 0 0 0.410937 0.503529 2 0 0 0 0.423437 0.567058 2 0.521875 0.609411 1 0.453125 0.607058 2 0 0 0 0 0 0 0 0 0 0 0 0
0 0.731312 0.506894 0.304969 0.699812 0.640625 0.305882 2 0.654687 0.291764 2 0.646875 0.272941 2 0.709375 0.305882 2 0 0 0 0.796875 0.352941 2 0.654687 0.322352 2 0.815625 0.545882 2 0.625 0.487058 2 0.760937 0.684705 1 0.628125 0.644705 1 0.771875 0.703529 1 0.675 0.668235 2 0 0 0 0 0 0 0 0 0 0 0 0
0 0.925297 0.497753 0.149406 0.883129 0.94375 0.152941 2 0.965625 0.127058 2 0.942187 0.129411 2 0 0 0 0 0 0 0 0 0 0.903125 0.29647 2 0 0 0 0.884375 0.418823 2 0 0 0 0.867187 0.53647 2 0.99375 0.609411 2 0.915625 0.602352 2 0 0 0 0.91875 0.814117 2 0 0 0 0 0 0
0 0.291938 0.363 0.0930938 0.401247 0 0 0 0 0 0 0 0 0 0 0 0 0 0 0 0.248437 0.258823 1 0.279687 0.24 2 0 0 0 0.317187 0.270588 2 0 0 0 0 0 0 0.28125 0.392941 2 0.3125 0.374117 2 0.303125 0.543529 2 0.326562 0.529411 2 0 0 0 0 0 0
0 0.0686172 0.373718 0.137234 0.322118 0.067187 0.303529 2 0.075 0.28 2 0 0 0 0.114062 0.284705 2 0 0 0 0.104687 0.385882 1 0.10625 0.374117 1 0.064062 0.512941 1 0.085937 0.463529 1 0.00625 0.465882 2 0.042187 0.444705 2 0 0 0 0 0 0 0 0 0 0 0 0 0 0 0 0 0 0
0 0.0801328 0.270435 0.135109 0.257247 0 0 0 0 0 0 0 0 0 0.1 0.188235 2 0 0 0 0.0625 0.25647 2 0 0 0 0.023437 0.331764 1 0 0 0 0 0 0 0 0 0 0 0 0 0 0 0 0 0 0 0 0 0 0 0 0 0 0 0
0 0.267117 0.373035 0.0686406 0.391012 0 0 0 0 0 0 0 0 0 0 0 0 0 0 0 0.253125 0.258823 2 0.278125 0.247058 1 0.254687 0.315294 1 0 0 0 0 0 0 0 0 0 0.2875 0.409411 1 0.307812 0.392941 1 0.314062 0.555294 1 0.321875 0.555294 1 0 0 0 0 0 0
0 0.0118984 0.481612 0.0236406 0.372071 0 0 0 0 0 0 0 0 0 0 0 0 0 0 0 0.007812 0.312941 2 0 0 0 0 0 0 0 0 0 0 0 0 0 0 0 0.00625 0.461176 1 0 0 0 0.007812 0.550588 2 0 0 0 0.00625 0.628235 2 0 0 0
0 0.208383 0.554694 0.302641 0.848965 0.253125 0.289411 1 0 0 0 0.246875 0.261176 2 0 0 0 0.2125 0.261176 2 0.109375 0.367058 2 0.184375 0.369411 2 0.160937 0.578823 2 0.223437 0.621176 2 0.265625 0.583529 2 0.3125 0.590588 2 0.101562 0.65647 2 0.165625 0.687058 2 0.107812 0.891764 1 0.198437 0.929411 2 0 0 0 0 0 0
