0 0.337352 0.514917 0.140391 0.558667 0.35625 0.375 2 0 0 0 0.35 0.375 2 0 0 0 0.3375 0.395833 2 0.376562 0.422916 2 0.33125 0.439583 2 0.376562 0.339583 2 0.28125 0.435416 2 0.379687 0.270833 2 0.278125 0.385416 2 0.384375 0.564583 2 0.348437 0.566666 2 0.382812 0.679166 2 0.329687 0.672916 2 0.364062 0.766666 2 0.321875 0.739583 2
0 0.152969 0.337073 0.0770312 0.0861458 0 0 0 0 0 0 0 0 0 0 0 0 0 0 0 0 0 0 0 0 0 0 0 0 0 0 0 0 0 0 0 0 0 0 0 0 0 0 0 0 0 0 0 0 0 0 0 0 0 0 0
0 0.297648 0.338906 0.0471406 0.0774375 0 0 0 0 0 0 0 0 0 0 0 0 0 0 0 0 0 0 0 0 0 0 0 0 0 0 0 0 0 0 0 0 0 0 0 0 0 0 0 0 0 0 0 0 0 0 0 0 0 0 0
0 0.207125 0.268187 0.0492812 0.10525 0.21875 0.2375 2 0 0 0 0.215625 0.235416 2 0 0 0 0.207812 0.239583 2 0.21875 0.258333 2 0.192187 0.264583 2 0.220312 0.297916 2 0.196875 0.302083 2 0.221875 0.289583 2 0.210937 0.283333 2 0.2125 0.308333 1 0.192187 0.308333 2 0.223437 0.3125 2 0.195312 0.314583 2 0 0 0 0 0 0
0 0.292258 0.272333 0.0482344 0.0935417 0 0 0 0 0 0 0 0 0 0 0 0 0 0 0 0 0 0 0 0 0 0 0 0 0 0 0 0 0 0 0 0 0 0 0 0 0 0 0 0 0 0 0 0 0 0 0 0 0 0 0
0 0.293 0.239052 0.0555937 0.106646 0 0 0 0 0 0 0 0 0 0 0 0 0 0 0 0 0 0 0 0 0 0 0 0 0 0 0 0 0 0 0 0 0 0 0 0 0 0 0 0 0 0 0 0 0 0 0 0 0 0 0
0 0.341586 0.261917 0.0526719 0.0730833 0 0 0 0 0 0 0 0 0 0 0 0 0 0 0 0 0 0 0 0 0 0 0 0 0 0 0 0 0 0 0 0 0 0 0 0 0 0 0 0 0 0 0 0 0 0 0 0 0 0 0
0 0.335305 0.214427 0.0835781 0.165521 0.332812 0.158333 2 0.3375 0.154166 2 0.329687 0.154166 2 0.342187 0.152083 2 0.326562 0.15 2 0.34375 0.177083 2 0.317187 0.16875 2 0.351562 0.204166 2 0.303125 0.197916 2 0.34375 0.220833 2 0.314062 0.222916 2 0.335937 0.216666 2 0.31875 0.214583 2 0.370312 0.21875 2 0 0 0 0.36875 0.264583 2 0 0 0
0 0.519102 0.267406 0.0539219 0.116854 0.520312 0.235416 2 0.523437 0.23125 2 0.515625 0.23125 2 0 0 0 0.509375 0.235416 2 0.534375 0.256249 2 0.496875 0.260416 2 0.54375 0.283333 1 0.49375 0.2875 2 0 0 0 0.50625 0.291666 2 0.529687 0.295833 2 0.510937 0.295833 2 0.528125 0.2875 2 0 0 0 0.507812 0.310416 2 0 0 0
0 0.709891 0.293583 0.054 0.0639167 0 0 0 0 0 0 0 0 0 0 0 0 0 0 0 0 0 0 0 0 0 0 0 0 0 0 0 0 0 0 0 0 0 0 0 0 0 0 0 0 0 0 0 0 0 0 0 0 0 0 0
0 0.268141 0.133094 0.0349687 0.0748125 0 0 0 0 0 0 0 0 0 0 0 0 0 0 0 0 0 0 0 0 0 0 0 0 0 0 0 0 0 0 0 0 0 0 0 0 0 0 0 0 0 0 0 0 0 0 0 0 0 0 0
0 0.186938 0.151365 0.0503437 0.102937 0 0 0 0 0 0 0 0 0 0 0 0 0 0 0 0 0 0 0 0 0 0 0 0 0 0 0 0 0 0 0 0 0 0 0 0 0 0 0 0 0 0 0 0 0 0 0 0 0 0 0
0 0.212125 0.338625 0.0457813 0.0790417 0 0 0 0 0 0 0 0 0 0 0 0 0 0 0 0 0 0 0 0 0 0 0 0 0 0 0 0 0 0 0 0 0 0 0 0 0 0 0 0 0 0 0 0 0 0 0 0 0 0 0
0 0.503125 0.185417 0.990625 0.370833 0 0 0 0 0 0 0 0 0 0 0 0 0 0 0 0 0 0 0 0 0 0 0 0 0 0 0 0 0 0 0 0 0 0 0 0 0 0 0 0 0 0 0 0 0 0 0 0 0 0 0
