0 0.784227 0.513009 0.295359 0.669672 0.70625 0.266978 2 0.714062 0.252927 2 0.701562 0.255269 2 0.745312 0.250585 2 0 0 0 0.782812 0.274004 2 0.69375 0.332552 2 0.829687 0.276346 2 0.6625 0.437939 2 0.890625 0.255269 2 0.654687 0.407494 2 0.79375 0.473067 2 0.740625 0.498829 2 0.857812 0.594847 2 0.790625 0.62295 2 0.865625 0.784543 2 0.757812 0.81733 2
0 0.958797 0.462916 0.0704687 0.260679 0.95625 0.377049 2 0.959375 0.370023 2 0.953125 0.372365 2 0 0 0 0 0 0 0.976562 0.405152 2 0.942187 0.412177 2 0.98125 0.435597 2 0.934375 0.435597 2 0.989062 0.45199 2 0.928125 0.4637 2 0.971875 0.470725 2 0.953125 0.470725 2 0.979687 0.522248 2 0.964062 0.519906 2 0.975 0.552693 2 0.967187 0.580796 2
0 0.399344 0.490773 0.0620313 0.248197 0.395312 0.3911 2 0.396875 0.386416 2 0.390625 0.384074 2 0.401562 0.388758 2 0.385937 0.3911 2 0.40625 0.416861 2 0.376562 0.419203 1 0.407812 0.440281 2 0.375 0.449648 2 0.417187 0.484777 2 0.392187 0.442622 2 0.404687 0.491803 2 0.38125 0.491803 2 0.410937 0.538641 2 0.390625 0.538641 2 0.404687 0.578454 2 0.389062 0.597189 2
0 0.233125 0.476979 0.0922813 0.127822 0.253125 0.440281 2 0.256249 0.433255 2 0.25 0.433255 2 0.2625 0.440281 2 0.245312 0.437939 2 0.265625 0.468384 2 0.232812 0.468384 2 0.265625 0.503512 2 0.21875 0.491803 2 0.246875 0.489461 2 0.204687 0.51288 2 0.254687 0.526932 1 0.235937 0.517564 2 0 0 0 0 0 0 0 0 0 0 0 0
0 0.200992 0.49137 0.0703594 0.266674 0.204687 0.379391 2 0.207812 0.372365 2 0.2 0.374707 2 0.214062 0.377049 2 0.195312 0.377049 2 0.221875 0.409836 2 0.185937 0.409836 2 0.226562 0.440281 2 0.173437 0.444964 2 0.23125 0.473067 1 0.173437 0.484777 2 0.217187 0.487119 1 0.195312 0.487119 2 0.217187 0.543325 1 0.190625 0.548009 2 0 0 0 0.175 0.590163 2
0 0.147867 0.522881 0.0588594 0.230867 0.145312 0.430913 2 0.148437 0.426229 2 0.142187 0.426229 2 0.151562 0.428571 2 0.135937 0.428571 2 0.160937 0.459016 2 0.128124 0.4637 2 0.165625 0.489461 2 0.123437 0.489461 2 0.171875 0.519906 2 0.126562 0.517564 2 0.15 0.515222 2 0.135937 0.515222 2 0.159375 0.571428 2 0.1375 0.57377 2 0.15 0.592505 2 0.140625 0.620608 2
0 0.0613203 0.519438 0.0580469 0.21452 0.054687 0.437939 2 0.059375 0.433255 2 0.053125 0.433255 2 0 0 0 0.045312 0.435597 2 0.06875 0.459016 2 0.042187 0.466042 2 0.076562 0.494145 2 0.0375 0.498829 2 0.082812 0.515222 2 0.040625 0.52459 2 0.070312 0.52459 2 0.053125 0.526932 2 0.06875 0.57377 2 0.051562 0.57377 2 0.065625 0.611241 2 0.053125 0.618266 2
0 0.816398 0.427904 0.0661719 0.173841 0.7875 0.367681 2 0.792187 0.362997 2 0.784375 0.362997 1 0.795312 0.370023 2 0 0 0 0.809375 0.405152 2 0 0 0 0.829687 0.442622 2 0 0 0 0.8375 0.473067 2 0 0 0 0 0 0 0 0 0 0 0 0 0 0 0 0 0 0 0 0 0
0 0.856547 0.471429 0.03375 0.144356 0 0 0 0 0 0 0 0 0 0 0 0 0 0 0 0 0 0 0 0 0 0 0 0 0 0 0 0 0 0 0 0 0 0 0 0 0 0 0 0 0 0 0 0 0 0 0 0 0 0 0
0 0.347836 0.72808 0.299859 0.404496 0.210937 0.611241 2 0.220312 0.604215 2 0 0 0 0.256249 0.594847 2 0 0 0 0.296875 0.64637 2 0.246875 0.637002 2 0.378125 0.721311 2 0.289062 0.672131 2 0.310937 0.768149 2 0.254687 0.740046 1 0.373437 0.775175 2 0.326562 0.775175 2 0.339062 0.911007 2 0.289062 0.892271 2 0.454687 0.852459 2 0.392187 0.824355 2
0 0.355172 0.516077 0.021 0.103724 0 0 0 0 0 0 0 0 0 0 0 0 0 0 0 0 0 0 0 0 0 0 0 0 0 0 0 0 0 0 0 0 0 0 0 0 0 0 0 0 0 0 0 0 0 0 0 0 0 0 0
0 0.00920312 0.529485 0.0184062 0.123326 0 0 0 0 0 0 0 0 0 0 0 0 0 0 0 0 0 0 0 0 0 0 0 0 0 0 0 0 0 0 0 0 0 0 0 0 0 0 0 0 0 0 0 0 0 0 0 0 0 0 0
0 0.910781 0.51966 0.0124688 0.0305152 0 0 0 0 0 0 0 0 0 0 0 0 0 0 0 0 0 0 0 0 0 0 0 0 0 0 0 0 0 0 0 0 0 0 0 0 0 0 0 0 0 0 0 0 0 0 0 0 0 0 0
0 0.460156 0.539813 0.917188 0.0819672 0 0 0 0 0 0 0 0 0 0 0 0 0 0 0 0 0 0 0 0 0 0 0 0 0 0 0 0 0 0 0 0 0 0 0 0 0 0 0 0 0 0 0 0 0 0 0 0 0 0 0
