0 0.468539 0.7045 0.182016 0.559542 0.467187 0.497916 2 0.479687 0.483333 2 0.454687 0.483333 2 0 0 0 0 0 0 0.517187 0.572916 2 0.415625 0.577083 2 0.535937 0.664583 2 0.396875 0.666666 2 0.546875 0.75 2 0.409375 0.74375 2 0.515625 0.760416 2 0.45 0.764583 2 0.515625 0.914583 2 0.45625 0.914583 2 0 0 0 0 0 0
0 0.384664 0.519021 0.0303594 0.136833 0 0 0 0 0 0 0 0 0 0 0 0 0 0 0 0 0 0 0 0 0 0 0 0 0 0 0 0 0 0 0 0 0 0 0 0 0 0 0 0 0 0 0 0 0 0 0 0 0 0 0
0 0.642633 0.538813 0.0667656 0.141833 0 0 0 0 0 0 0 0 0 0 0 0 0 0 0 0.629687 0.49375 2 0.648437 0.489583 2 0.626562 0.514583 2 0.65625 0.504166 2 0.615625 0.527083 2 0.659375 0.516666 2 0.640625 0.535416 2 0.654687 0.53125 2 0.640625 0.560416 2 0.657812 0.5625 2 0.640625 0.59375 2 0.670312 0.591666 2
0 0.229 0.527937 0.0395625 0.091625 0 0 0 0 0 0 0 0 0 0 0 0 0 0 0 0 0 0 0 0 0 0 0 0 0 0 0 0 0 0 0 0 0 0 0 0 0 0 0 0 0 0 0 0 0 0 0 0 0 0 0
0 0.575258 0.529344 0.0305469 0.118438 0 0 0 0 0 0 0 0 0 0 0 0 0 0 0 0 0 0 0 0 0 0 0 0 0 0 0 0 0 0 0 0 0 0 0 0 0 0 0 0 0 0 0 0 0 0 0 0 0 0 0
0 0.360227 0.531344 0.0273906 0.0913125 0 0 0 0 0 0 0 0 0 0 0 0 0 0 0 0 0 0 0 0 0 0 0 0 0 0 0 0 0 0 0 0 0 0 0 0 0 0 0 0 0 0 0 0 0 0 0 0 0 0 0
0 0.407711 0.511854 0.0261406 0.109708 0 0 0 0 0 0 0 0 0 0 0 0 0 0 0 0 0 0 0 0 0 0 0 0 0 0 0 0 0 0 0 0 0 0 0 0 0 0 0 0 0 0 0 0 0 0 0 0 0 0 0
0 0.597844 0.532687 0.0301875 0.0971667 0 0 0 0 0 0 0 0 0 0 0 0 0 0 0 0 0 0 0 0 0 0 0 0 0 0 0 0 0 0 0 0 0 0 0 0 0 0 0 0 0 0 0 0 0 0 0 0 0 0 0
0 0.157719 0.543396 0.03525 0.0944167 0 0 0 0 0 0 0 0 0 0 0 0 0 0 0 0 0 0 0 0 0 0 0 0 0 0 0 0 0 0 0 0 0 0 0 0 0 0 0 0 0 0 0 0 0 0 0 0 0 0 0
0 0.00500781 0.515771 0.00832813 0.102833 0 0 0 0 0 0 0 0 0 0 0 0 0 0 0 0 0 0 0 0 0 0 0 0 0 0 0 0 0 0 0 0 0 0 0 0 0 0 0 0 0 0 0 0 0 0 0 0 0 0 0
0 0.0553984 0.52424 0.0313281 0.140229 0 0 0 0 0 0 0 0 0 0 0 0 0 0 0 0 0 0 0 0 0 0 0 0 0 0 0 0 0 0 0 0 0 0 0 0 0 0 0 0 0 0 0 0 0 0 0 0 0 0 0
0 0.126219 0.521927 0.0440313 0.118354 0 0 0 0 0 0 0 0 0 0 0 0 0 0 0 0 0 0 0 0 0 0 0 0 0 0 0 0 0 0 0 0 0 0 0 0 0 0 0 0 0 0 0 0 0 0 0 0 0 0 0
0 0.0287422 0.5335 0.0460469 0.178167 0 0 0 0 0 0 0 0 0 0.021875 0.460416 2 0 0 0 0.01875 0.479166 2 0.042187 0.477083 2 0.015625 0.508333 2 0.046875 0.504166 2 0.010937 0.525 2 0 0 0 0.026562 0.525 2 0.040625 0.525 2 0.025 0.56875 2 0.040625 0.566666 2 0.026562 0.608333 2 0.045312 0.604166 2
