0 0.86201 0.637786 0.231176 0.547598 0.813725 0.431372 2 0.823529 0.421568 2 0.802287 0.421568 2 0 0 0 0.772875 0.421568 2 0.862745 0.47549 2 0.763071 0.49183 2 0.895424 0.558823 2 0.761437 0.588235 2 0.916666 0.62745 2 0.779411 0.661764 2 0.880718 0.622549 2 0.821895 0.63562 2 0.90196 0.73366 2 0.825163 0.745098 2 0.9183 0.851307 2 0.834967 0.849673 2
0 0.710547 0.63067 0.157598 0.560294 0.694444 0.419934 2 0.707516 0.406862 2 0.681372 0.406862 2 0.718954 0.416666 2 0.661764 0.415032 2 0.738562 0.478758 2 0.642156 0.48366 2 0.754901 0.571895 1 0.642156 0.588235 1 0.772875 0.658496 1 0.648692 0.658496 1 0.738562 0.633986 2 0.669934 0.638888 2 0.736928 0.738562 2 0.674836 0.743464 2 0.732026 0.852941 2 0.678104 0.851307 2
0 0.480449 0.667859 0.143088 0.548856 0.477124 0.457516 2 0.49183 0.447712 2 0.462418 0.447712 2 0.504901 0.449346 2 0.441176 0.452614 2 0.516339 0.521241 2 0.433006 0.519607 2 0.531045 0.607843 2 0.419934 0.611111 1 0.529411 0.67647 2 0.428104 0.671568 2 0.504901 0.665032 2 0.447712 0.665032 2 0.506535 0.774509 2 0.437908 0.777777 2 0.508169 0.869281 2 0.437908 0.864379 2
0 0.33634 0.675507 0.185098 0.571111 0.352941 0.444444 2 0.362745 0.437908 2 0.343137 0.437908 2 0.388888 0.44281 2 0.326797 0.444444 2 0.403594 0.524509 2 0.315359 0.513071 2 0.421568 0.593137 1 0.266339 0.576797 2 0.341503 0.629084 2 0.236928 0.598039 1 0.374183 0.653594 2 0.312091 0.648692 2 0.366013 0.787581 2 0.294117 0.792483 2 0.370915 0.895424 2 0.277777 0.90196 2
0 0.15281 0.655057 0.193268 0.640441 0.174836 0.40196 2 0.189542 0.392156 2 0.16013 0.392156 2 0 0 0 0.130718 0.398692 2 0.218954 0.482026 2 0.098039 0.488562 2 0.223856 0.566993 2 0.083333 0.578431 2 0.223856 0.679738 2 0.083333 0.665032 2 0.19281 0.648692 2 0.122549 0.648692 2 0.179738 0.784313 2 0.122549 0.785947 2 0.179738 0.908496 2 0.122549 0.916666 2
0 0.545229 0.41893 0.0846078 0.184526 0.545751 0.392156 2 0.557189 0.379084 2 0.531045 0.380718 2 0.573529 0.382352 2 0.514705 0.387254 2 0.601307 0.452614 1 0.485294 0.452614 1 0 0 0 0 0 0 0 0 0 0 0 0 0 0 0 0 0 0 0 0 0 0 0 0 0 0 0 0 0 0
0 0.669665 0.325842 0.242696 0.332598 0.661764 0.222222 2 0.674836 0.205882 2 0.648692 0.207516 2 0.691176 0.218954 2 0.625816 0.218954 2 0.740196 0.297385 2 0.588235 0.297385 2 0.790849 0.411764 1 0.522875 0.413398 1 0.823529 0.493464 1 0 0 0 0.696078 0.504901 1 0.620915 0.508169 1 0.736928 0.653594 1 0.630718 0.656862 1 0 0 0 0 0 0
0 0.606699 0.664592 0.14085 0.541144 0.589869 0.45098 2 0.604575 0.439542 2 0.575163 0.439542 2 0.617647 0.449346 2 0.557189 0.45098 1 0.63562 0.513071 2 0.555555 0.513071 2 0.653594 0.616013 2 0.537581 0.611111 1 0.655228 0.678104 2 0.537581 0.683006 1 0.622549 0.63562 2 0.581699 0.642156 2 0.612745 0.767973 2 0.570261 0.774509 2 0.609477 0.869281 2 0.565359 0.872549 2
0 0.22335 0.498693 0.276667 0.815621 0.261437 0.16013 2 0.271241 0.150326 2 0.24183 0.147058 2 0.297385 0.153594 2 0.228758 0.147058 2 0.316993 0.263071 2 0.147058 0.245098 2 0.339869 0.372549 2 0.109477 0.366013 2 0 0 0 0.132352 0.45915 1 0.284313 0.490196 1 0.16013 0.48366 1 0.256535 0.650326 2 0.148692 0.633986 1 0 0 0 0 0 0
0 0.34156 0.436364 0.153252 0.197402 0.383986 0.370915 2 0.39379 0.361111 2 0.372549 0.359477 2 0 0 0 0.339869 0.357843 1 0.397058 0.437908 1 0.315359 0.44281 2 0.398692 0.516339 1 0.276143 0.537581 1 0 0 0 0 0 0 0.39379 0.583333 1 0.315359 0.586601 1 0 0 0 0 0 0 0 0 0 0 0 0
