0 0.511859 0.227852 0.0986563 0.154671 0.509375 0.187793 2 0.514062 0.178403 2 0.503125 0.178403 2 0.521875 0.185446 2 0.496875 0.187793 2 0.532812 0.213615 2 0.490625 0.220657 2 0.554687 0.279342 2 0.479687 0.284037 1 0 0 0 0 0 0 0.53125 0.309859 1 0.503125 0.312206 1 0 0 0 0 0 0 0 0 0 0 0 0
0 0.101719 0.690317 0.200437 0.591009 0.120312 0.556338 2 0.1375 0.523474 2 0.090625 0.523474 2 0 0 0 0.04375 0.530516 2 0.1125 0.673708 2 0.004687 0.723004 2 0.142187 0.84507 2 0 0 0 0 0 0 0 0 0 0 0 0 0 0 0 0 0 0 0 0 0 0 0 0 0 0 0
0 0.190523 0.658779 0.170203 0.605493 0.214062 0.462441 2 0.217187 0.429577 2 0.192187 0.436619 2 0 0 0 0.157812 0.464788 1 0.242187 0.568075 2 0.153125 0.596244 2 0 0 0 0 0 0 0 0 0 0 0 0 0.254687 0.85446 1 0.189062 0.887323 2 0 0 0 0 0 0 0 0 0 0 0 0
0 0.88068 0.656185 0.238641 0.687629 0.903125 0.441314 2 0.929687 0.41784 2 0.892187 0.415492 2 0.98125 0.450704 2 0.8625 0.413145 2 0.982812 0.535211 2 0.8625 0.525821 2 0.939062 0.805164 2 0 0 0 0.792187 0.826291 2 0 0 0 0.892187 0.98122 2 0.79375 0.882629 2 0 0 0 0 0 0 0 0 0 0 0 0
0 0.772242 0.620469 0.124703 0.372958 0.7375 0.525821 2 0.757812 0.511737 2 0.726562 0.507042 2 0.7875 0.532863 2 0 0 0 0.795312 0.652582 2 0.75625 0.558685 2 0.78125 0.784037 2 0.734375 0.647887 2 0.723437 0.814553 1 0 0 0 0.79375 0.83568 1 0.751562 0.760563 2 0 0 0 0 0 0 0 0 0 0 0 0
0 0.665773 0.455505 0.0955156 0.266268 0.642187 0.377934 2 0.654687 0.370892 2 0.634375 0.363849 2 0.66875 0.382629 1 0.626562 0.368544 2 0.673437 0.41784 2 0.626562 0.42723 2 0.704687 0.49061 2 0 0 0 0.7 0.561032 2 0 0 0 0.676562 0.551643 2 0.645312 0.556338 1 0 0 0 0 0 0 0 0 0 0 0 0
0 0.331648 0.437453 0.0768281 0.246502 0.329687 0.399061 2 0.3375 0.377934 2 0.317187 0.380281 2 0.348437 0.382629 2 0.304687 0.389671 2 0.348437 0.41784 2 0.298437 0.455399 2 0.35625 0.502347 2 0.307812 0.558685 1 0.335937 0.570422 1 0 0 0 0.364062 0.55399 1 0.33125 0.584507 1 0 0 0 0 0 0 0 0 0 0 0 0
0 0.379195 0.296068 0.0694844 0.223826 0.395312 0.241784 2 0.401562 0.232394 2 0.3875 0.227699 2 0.409375 0.244131 2 0.375 0.234741 2 0.398437 0.286384 2 0.36875 0.288732 2 0 0 0 0.364062 0.373239 2 0 0 0 0.410937 0.373239 1 0 0 0 0 0 0 0 0 0 0 0 0 0 0 0 0 0 0
0 0.655938 0.308862 0.124656 0.318756 0.639062 0.20892 2 0.653125 0.194835 2 0.6375 0.194835 2 0.675 0.211267 2 0 0 0 0.673437 0.300469 2 0.65 0.288732 2 0.667187 0.401408 1 0.621875 0.370892 1 0 0 0 0.5875 0.41784 1 0.678125 0.464788 1 0.664062 0.436619 1 0 0 0 0 0 0 0 0 0 0 0 0
0 0.607672 0.288615 0.0576562 0.215915 0.595312 0.230046 2 0.604687 0.220657 2 0.59375 0.220657 2 0.620312 0.234741 2 0 0 0 0.625 0.286384 2 0.610937 0.276995 2 0.626562 0.368544 1 0 0 0 0.590625 0.415492 1 0 0 0 0.614062 0.41784 1 0.601562 0.399061 1 0 0 0 0 0 0 0 0 0 0 0 0
0 0.395641 0.395505 0.0792812 0.220211 0.423437 0.356807 2 0.428125 0.349765 2 0.415625 0.342723 2 0 0 0 0.395312 0.347417 2 0.410937 0.380281 2 0.389062 0.370892 2 0.432812 0.382629 1 0.407812 0.450704 2 0.415625 0.413145 2 0.403125 0.431924 2 0 0 0 0.345312 0.497652 1 0 0 0 0 0 0 0 0 0 0 0 0
0 0.396219 0.175528 0.0852813 0.203451 0.421875 0.119718 2 0.426562 0.115023 2 0.417187 0.107981 2 0.426562 0.12676 2 0.40625 0.105633 2 0.410937 0.164319 2 0.385937 0.140845 2 0.410937 0.225352 1 0.373437 0.206572 1 0.4375 0.225352 1 0 0 0 0.392187 0.251173 1 0.367187 0.246478 2 0.392187 0.321596 1 0.371875 0.321596 1 0 0 0 0 0 0
0 0.292289 0.476549 0.146578 0.471502 0.329687 0.392018 1 0.3375 0.377934 1 0.317187 0.382629 1 0.348437 0.377934 1 0.30625 0.389671 1 0.35 0.424882 1 0.296875 0.455399 2 0.354687 0.509389 1 0.314062 0.579812 2 0 0 0 0 0 0 0 0 0 0 0 0 0 0 0 0 0 0 0 0 0 0 0 0
0 0.6375 0.342723 0.45 0.57277 0 0 0 0 0 0 0 0 0 0 0 0 0 0 0 0 0 0 0 0 0 0 0 0 0 0 0 0 0 0 0 0 0 0 0 0 0 0 0 0 0 0 0 0 0 0 0 0 0 0 0
