0 0.357289 0.266089 0.121766 0.258735 0.376562 0.173302 2 0.379687 0.166276 2 0 0 0 0.390625 0.168618 2 0 0 0 0.384375 0.22014 2 0.403125 0.201405 2 0.360937 0.266978 2 0 0 0 0.346875 0.276346 2 0 0 0 0.382812 0.288056 2 0.398437 0.276346 1 0.3125 0.306791 2 0.335937 0.297423 2 0.29375 0.355971 1 0.298437 0.370023 2
0 0.486992 0.275855 0.106047 0.267354 0.479687 0.185011 1 0.48125 0.175644 2 0 0 0 0.489062 0.175644 2 0 0 0 0.501562 0.22014 2 0.512499 0.20843 2 0.489062 0.274004 2 0 0 0 0.465625 0.285714 1 0 0 0 0.50625 0.302107 2 0.517187 0.29274 2 0.460937 0.306791 2 0.465625 0.297423 2 0.460937 0.388758 2 0.465625 0.384074 2
0 0.638633 0.240012 0.0457344 0.0971663 0 0 0 0 0 0 0 0 0 0 0 0 0 0 0 0 0 0 0 0 0 0 0 0 0 0 0 0 0 0 0 0 0 0 0 0 0 0 0 0 0 0 0 0 0 0 0 0 0 0 0
0 0.328695 0.225902 0.0420469 0.126276 0 0 0 0 0 0 0 0 0 0 0 0 0 0 0 0 0 0 0 0 0 0 0 0 0 0 0 0 0 0 0 0 0 0 0 0 0 0 0 0 0 0 0 0 0 0 0 0 0 0 0
0 0.56107 0.239813 0.0587969 0.161733 0.557812 0.187353 2 0.559375 0.180327 2 0 0 0 0.570312 0.182669 2 0 0 0 0.567187 0.222482 2 0.58125 0.217798 2 0.535937 0.250585 1 0 0 0 0 0 0 0 0 0 0.546875 0.290398 2 0.553125 0.288056 2 0.50625 0.295081 1 0.51875 0.283372 1 0.514062 0.365339 1 0.554687 0.358313 1
0 0.668734 0.194895 0.0278438 0.0724122 0 0 0 0 0 0 0 0 0 0 0 0 0 0 0 0 0 0 0 0 0 0 0 0 0 0 0 0 0 0 0 0 0 0 0 0 0 0 0 0 0 0 0 0 0 0 0 0 0 0 0
0 0.547773 0.159778 0.0600469 0.138899 0.551562 0.128805 2 0.553125 0.121779 2 0.546875 0.124121 2 0 0 0 0.539062 0.119437 2 0.56875 0.14754 2 0.53125 0.149882 2 0 0 0 0.528125 0.192037 2 0 0 0 0.534375 0.224824 1 0.5625 0.229508 1 0.539062 0.229508 1 0 0 0 0 0 0 0 0 0 0 0 0
0 0.286398 0.220843 0.0515469 0.10356 0 0 0 0 0 0 0 0 0 0 0 0 0 0 0 0 0 0 0 0 0 0 0 0 0 0 0 0 0 0 0 0 0 0 0 0 0 0 0 0 0 0 0 0 0 0 0 0 0 0 0
0 0.471039 0.22671 0.0449531 0.10377 0 0 0 0 0 0 0 0 0 0 0 0 0 0 0 0 0 0 0 0 0 0 0 0 0 0 0 0 0 0 0 0 0 0 0 0 0 0 0 0 0 0 0 0 0 0 0 0 0 0 0
0 0.432227 0.284403 0.0668906 0.236815 0.429687 0.187353 2 0.434375 0.182669 2 0 0 0 0.439062 0.185011 2 0 0 0 0.439062 0.213114 2 0.45 0.20843 2 0.420312 0.23185 2 0 0 0 0.425 0.20843 2 0 0 0 0.414062 0.295081 1 0.428125 0.285714 1 0 0 0 0 0 0 0.417187 0.384074 2 0.429687 0.381733 2
0 0.693937 0.223396 0.0425937 0.127681 0 0 0 0 0 0 0 0 0 0 0 0 0 0 0 0 0 0 0 0 0 0 0 0 0 0 0 0 0 0 0 0 0 0 0 0 0 0 0 0 0 0 0 0 0 0 0 0 0 0 0
0 0.126594 0.185632 0.0377188 0.120398 0 0 0 0 0 0 0 0 0 0 0 0 0 0 0 0 0 0 0 0 0 0 0 0 0 0 0 0 0 0 0 0 0 0 0 0 0 0 0 0 0 0 0 0 0 0 0 0 0 0 0
0 0.97132 0.192213 0.0363906 0.0779157 0 0 0 0 0 0 0 0 0 0 0 0 0 0 0 0 0 0 0 0 0 0 0 0 0 0 0 0 0 0 0 0 0 0 0 0 0 0 0 0 0 0 0 0 0 0 0 0 0 0 0
0 0.55625 0.252927 0.803125 0.332553 0 0 0 0 0 0 0 0 0 0 0 0 0 0 0 0 0 0 0 0 0 0 0 0 0 0 0 0 0 0 0 0 0 0 0 0 0 0 0 0 0 0 0 0 0 0 0 0 0 0 0
