0 0.621453 0.584274 0.199406 0.47192 0.621875 0.414519 2 0.629687 0.40281 2 0.6125 0.40281 2 0.65 0.416861 2 0 0 0 0.664062 0.51288 2 0.56875 0.491803 2 0.675 0.601873 2 0.564062 0.618266 2 0.6375 0.601873 2 0.585937 0.587822 2 0.640625 0.658079 2 0.598437 0.662763 2 0.678125 0.641686 2 0.545312 0.644028 2 0.685937 0.782201 2 0.567187 0.777517 2
0 0.845469 0.510843 0.186031 0.672272 0.771875 0.248243 2 0.779687 0.229508 2 0.767187 0.236533 2 0.809375 0.227166 2 0 0 0 0.846875 0.271662 2 0.779687 0.34192 2 0.84375 0.362997 2 0.810937 0.426229 2 0.796875 0.414519 2 0.779687 0.466042 2 0.889062 0.45199 2 0.848437 0.473067 2 0.871875 0.632318 2 0.846875 0.658079 2 0.898437 0.793911 2 0.91875 0.775175 2
0 0.534172 0.471534 0.112094 0.250937 0.540625 0.409836 2 0.55 0.400468 2 0.534375 0.398126 2 0 0 0 0 0 0 0.56875 0.456674 2 0.512499 0.454332 2 0.59375 0.496487 1 0.484375 0.505854 2 0.58125 0.437939 2 0 0 0 0.548437 0.555035 2 0.504687 0.550351 1 0.545312 0.473067 2 0.45 0.477751 1 0.53125 0.629976 1 0.45625 0.62295 1
0 0.754391 0.426382 0.145437 0.47192 0 0 0 0 0 0 0 0 0 0 0 0 0 0 0 0.835937 0.304449 1 0.710937 0.311475 2 0 0 0 0.710937 0.388758 2 0 0 0 0.726562 0.480093 2 0.826562 0.529274 1 0.74375 0.522248 2 0.876562 0.648711 1 0.667187 0.613583 1 0 0 0 0.653125 0.754098 1
0 0.950148 0.130363 0.0997031 0.260726 0 0 0 0 0 0 0 0 0 0 0 0 0 0 0 0 0 0 0 0 0 0 0 0 0 0 0 0 0 0 0 0 0 0 0 0 0.96875 0.016393 2 0 0 0 0.923437 0.042154 2 0 0 0 0.91875 0.215456 2
0 0.421234 0.527869 0.090625 0.136721 0 0 0 0 0 0 0 0 0 0.401562 0.515222 2 0.435937 0.515222 2 0.390625 0.569086 2 0.445312 0.564402 2 0 0 0 0 0 0 0 0 0 0 0 0 0 0 0 0 0 0 0 0 0 0 0 0 0 0 0 0 0 0
0 0.965688 0.389543 0.067875 0.337119 0 0 0 0 0 0 0 0 0 0 0 0 0 0 0 0 0 0 0 0 0 0 0 0 0 0 0 0 0 0 0 0 0 0 0 0 0.984375 0.29274 2 0 0 0 0.9625 0.444964 2 0 0 0 0.934375 0.576112 1
0 0.465547 0.529824 0.0515312 0.13534 0 0 0 0 0 0 0 0 0 0 0 0 0 0 0 0 0 0 0 0 0 0 0 0 0 0 0 0 0 0 0 0 0 0 0 0 0 0 0 0 0 0 0 0 0 0 0 0 0 0 0
0 0.154836 0.439684 0.258797 0.834075 0 0 0 0 0 0 0 0 0 0.107812 0.11007 1 0.165625 0.105386 2 0.073437 0.203747 2 0.195312 0.201405 2 0.05 0.320843 2 0.265625 0.288056 2 0 0 0 0.257812 0.250585 2 0.090625 0.466042 2 0.167187 0.466042 2 0.089062 0.667447 2 0.203125 0.658079 2 0.071875 0.873536 1 0.215625 0.859484 1
0 0.939906 0.35315 0.0518125 0.414871 0 0 0 0 0 0 0 0 0 0 0 0 0 0 0 0.95 0.14754 1 0 0 0 0 0 0 0 0 0 0 0 0 0 0 0 0.932812 0.320843 2 0.9875 0.320843 1 0.939062 0.449648 2 0.984375 0.442622 1 0.923437 0.571428 1 0.996875 0.545667 1
