0 0.437445 0.680551 0.149703 0.263744 0 0 0 0 0 0 0 0 0 0.421875 0.577092 2 0.442187 0.574889 2 0.40625 0.607929 2 0.457812 0.599118 2 0.39375 0.645374 2 0.473437 0.640969 2 0.396875 0.687224 2 0.48125 0.682819 2 0.421875 0.660792 2 0.45 0.660792 2 0.378125 0.788546 2 0.478125 0.724669 2 0 0 0 0.496875 0.790748 2
0 0.552156 0.489141 0.110281 0.216432 0.540625 0.403083 2 0.54375 0.398678 2 0.5375 0.400881 2 0.551562 0.400881 2 0 0 0 0.557812 0.409691 1 0.535937 0.420704 2 0.585937 0.451541 2 0.560937 0.420704 2 0.5875 0.422907 2 0.582812 0.405286 2 0.567187 0.477973 2 0.548437 0.482378 2 0.540625 0.524229 2 0.559375 0.546255 2 0.525 0.574889 2 0.590625 0.566079 2
0 0.602977 0.524383 0.0727031 0.117004 0 0 0 0 0 0 0 0 0 0 0 0 0 0 0 0.610937 0.502202 2 0.584375 0.506607 2 0.598437 0.519823 2 0 0 0 0.578125 0.519823 2 0 0 0 0.6125 0.561674 2 0.59375 0.559471 1 0.603125 0.54185 2 0.578125 0.533039 1 0.628125 0.570484 2 0.573437 0.570484 1
0 0.649922 0.491707 0.0815 0.173326 0.621875 0.429515 2 0.625 0.422907 2 0 0 0 0.63125 0.422907 2 0 0 0 0.653125 0.440528 2 0.626562 0.438325 2 0.673437 0.473568 2 0.623437 0.471365 2 0.657812 0.491189 2 0.6125 0.5 2 0.6625 0.497797 2 0.645312 0.497797 2 0.667187 0.502202 2 0.6125 0.517621 1 0.68125 0.566079 2 0.607812 0.568281 1
0 0.30232 0.315286 0.0555156 0.162379 0 0 0 0 0 0 0 0 0 0.29375 0.255506 1 0 0 0 0.2875 0.277533 2 0.315625 0.27533 2 0.28125 0.306167 2 0.321875 0.301762 2 0 0 0 0 0 0 0.290625 0.341409 2 0.3125 0.341409 2 0.289062 0.374449 1 0.314062 0.378854 2 0 0 0 0 0 0
0 0.231789 0.335231 0.0406719 0.0786564 0 0 0 0 0 0 0 0 0 0 0 0 0 0 0 0 0 0 0 0 0 0 0 0 0 0 0 0 0 0 0 0 0 0 0 0 0 0 0 0 0 0 0 0 0 0 0 0 0 0 0
0 0.167773 0.375859 0.0402969 0.0718943 0 0 0 0 0 0 0 0 0 0 0 0 0 0 0 0 0 0 0 0 0 0 0 0 0 0 0 0 0 0 0 0 0 0 0 0 0 0 0 0 0 0 0 0 0 0 0 0 0 0 0
0 0.0905547 0.41457 0.0337031 0.074207 0 0 0 0 0 0 0 0 0 0 0 0 0 0 0 0 0 0 0 0 0 0 0 0 0 0 0 0 0 0 0 0 0 0 0 0 0 0 0 0 0 0 0 0 0 0 0 0 0 0 0
0 0.739203 0.236123 0.0557187 0.0631278 0 0 0 0 0 0 0 0 0 0 0 0 0 0 0 0 0 0 0 0 0 0 0 0 0 0 0 0 0 0 0 0 0 0 0 0 0 0 0 0 0 0 0 0 0 0 0 0 0 0 0
0 0.750719 0.281905 0.0525312 0.0665419 0 0 0 0 0 0 0 0 0 0 0 0 0 0 0 0 0 0 0 0 0 0 0 0 0 0 0 0 0 0 0 0 0 0 0 0 0 0 0 0 0 0 0 0 0 0 0 0 0 0 0
0 0.472438 0.432489 0.0333125 0.0440088 0 0 0 0 0 0 0 0 0 0 0 0 0 0 0 0 0 0 0 0 0 0 0 0 0 0 0 0 0 0 0 0 0 0 0 0 0 0 0 0 0 0 0 0 0 0 0 0 0 0 0
0 0.112977 0.323381 0.0452344 0.0612996 0 0 0 0 0 0 0 0 0 0 0 0 0 0 0 0 0 0 0 0 0 0 0 0 0 0 0 0 0 0 0 0 0 0 0 0 0 0 0 0 0 0 0 0 0 0 0 0 0 0 0
0 0.209422 0.397963 0.0506562 0.125 0.203125 0.354625 2 0.204687 0.348017 2 0.198437 0.35022 2 0 0 0 0 0 0 0.220312 0.374449 2 0.192187 0.376651 2 0.228125 0.39207 2 0.196875 0.398678 2 0.2125 0.403083 2 0.209375 0.403083 2 0.21875 0.407488 2 0.203125 0.405286 2 0.215625 0.43392 2 0.203125 0.43392 2 0 0 0 0 0 0
0 0.499219 0.240088 0.998437 0.480176 0 0 0 0 0 0 0 0 0 0 0 0 0 0 0 0 0 0 0 0 0 0 0 0 0 0 0 0 0 0 0 0 0 0 0 0 0 0 0 0 0 0 0 0 0 0 0 0 0 0 0
