0 0.509826 0.501016 0.632275 0.913844 0.358606 0.139062 2 0.379098 0.1125 2 0.338114 0.126562 2 0.438524 0.117187 2 0 0 0 0.520491 0.225 2 0.401639 0.239062 2 0.477459 0.401562 2 0.403688 0.34375 2 0.350409 0.445312 2 0.280737 0.335937 1 0.594262 0.470312 2 0.495901 0.478125 2 0.715163 0.714062 2 0.393442 0.651562 2 0.762295 0.864062 2 0.377049 0.817187 2
0 0.0439037 0.299211 0.0871107 0.115234 0 0 0 0 0 0 0 0 0 0.026639 0.259375 2 0.053278 0.259375 2 0.018442 0.279687 2 0.061475 0.279687 2 0.006147 0.309375 2 0.065573 0.304687 2 0.02459 0.3125 2 0 0 0 0.030737 0.329687 2 0.059426 0.326562 2 0 0 0 0 0 0 0 0 0 0 0 0
0 0.135072 0.312953 0.108955 0.148625 0 0 0 0 0 0 0 0 0 0.12295 0.254687 2 0 0 0 0.118852 0.273437 2 0.165983 0.267187 2 0.116803 0.315625 2 0 0 0 0 0 0 0 0 0 0.143442 0.323437 2 0.178278 0.320312 2 0.09836 0.326562 2 0.155737 0.328125 2 0.100409 0.375 2 0.165983 0.370312 1
0 0.670676 0.276453 0.0642623 0.0787812 0 0 0 0 0 0 0 0 0 0 0 0 0 0 0 0.655737 0.265625 2 0.690573 0.265625 2 0 0 0 0 0 0 0 0 0 0 0 0 0.655737 0.303125 2 0.688524 0.303125 2 0 0 0 0 0 0 0 0 0 0 0 0
0 0.604303 0.275555 0.0479918 0.0900781 0 0 0 0 0 0 0 0 0 0 0 0 0 0 0 0 0 0 0 0 0 0 0 0 0 0 0 0 0 0 0 0 0 0 0 0 0 0 0 0 0 0 0 0 0 0 0 0 0 0 0
0 0.589098 0.190664 0.0630738 0.0849219 0 0 0 0 0 0 0 0 0 0 0 0 0 0 0 0 0 0 0 0 0 0 0 0 0 0 0 0 0 0 0 0 0 0 0 0 0 0 0 0 0 0 0 0 0 0 0 0 0 0 0
0 0.637449 0.194242 0.0446926 0.108422 0 0 0 0 0 0 0 0 0 0.635245 0.15 2 0 0 0 0.645491 0.1625 1 0.620901 0.164062 2 0.645491 0.173437 2 0.620901 0.178125 2 0.631147 0.173437 2 0.614754 0.185937 1 0.641393 0.1875 2 0.629098 0.189062 2 0.643442 0.215625 2 0.627049 0.215625 2 0.645491 0.2375 2 0.62295 0.234375 2
0 0.0880635 0.231086 0.04375 0.0351719 0 0 0 0 0 0 0 0 0 0 0 0 0 0 0 0 0 0 0 0 0 0 0 0 0 0 0 0 0 0 0 0 0 0 0 0 0 0 0 0 0 0 0 0 0 0 0 0 0 0 0
0 0.0753176 0.283758 0.0540369 0.0824219 0 0 0 0 0 0 0 0 0 0 0 0 0 0 0 0 0 0 0 0 0 0 0 0 0 0 0 0 0 0 0 0 0 0 0 0 0 0 0 0 0 0 0 0 0 0 0 0 0 0 0
0 0.0129303 0.269977 0.0258607 0.0579531 0 0 0 0 0 0 0 0 0 0 0 0 0 0 0 0 0 0 0 0 0 0 0 0 0 0 0 0 0 0 0 0 0 0 0 0 0 0 0 0 0 0 0 0 0 0 0 0 0 0 0
0 0.120912 0.231008 0.0276844 0.0305156 0 0 0 0 0 0 0 0 0 0 0 0 0 0 0 0 0 0 0 0 0 0 0 0 0 0 0 0 0 0 0 0 0 0 0 0 0 0 0 0 0 0 0 0 0 0 0 0 0 0 0
0 0.727295 0.29307 0.0759016 0.117391 0 0 0 0 0 0 0 0 0 0.709016 0.25 2 0 0 0 0.709016 0.257812 2 0.739754 0.257812 2 0.69877 0.292187 2 0 0 0 0 0 0 0 0 0 0.72336 0.303125 2 0.75 0.303125 2 0.686475 0.303125 1 0.731557 0.303125 2 0 0 0 0.729508 0.335937 2
0 0.971557 0.369789 0.0546721 0.130141 0 0 0 0 0 0 0 0 0 0 0 0 0 0 0 0.981557 0.329687 2 0 0 0 0.954918 0.382812 2 0 0 0 0 0 0 0 0 0 0.981557 0.420312 2 0 0 0 0 0 0 0 0 0 0 0 0 0 0 0
